"","chrom","start","end","name"
"1","chr1",11873,14410,"DDX11L1"
"2","chr1",14362,29961,"WASH7P"
"3","chr1",69090,70009,"OR4F5"
"4","chr1",137841,139281,"DQ575018"
"5","chr1",136698,140566,"LOC729737"
"6","chr1",566093,566115,"JA429830"
"7","chr1",566240,566263,"JA429505"
"8","chr1",568843,568914,"M37726"
"9","chr1",668418,671885,"DQ575786"
"10","chr1",700245,714068,"LOC100288069"
"11","chr1",761586,762902,"LINC00115"
"12","chr1",763063,789741,"LOC643837"
"13","chr1",788907,789727,"AK026873"
"14","chr1",803451,812182,"FAM41C"
"15","chr1",846814,850329,"AK056486"
"16","chr1",852953,854817,"LOC100130417"
"17","chr1",860529,879962,"SAMD11"
"18","chr1",879583,894679,"NOC2L"
"19","chr1",895966,901100,"KLHL17"
"20","chr1",901876,910485,"PLEKHN1"
"21","chr1",910579,917473,"C1orf170"
"22","chr1",934342,935552,"HES4"
"23","chr1",948846,949920,"ISG15"
"24","chr1",955502,991500,"AGRN"
"25","chr1",995082,997437,"AK310350"
"26","chr1",995116,1001834,"BC033949"
"27","chr1",1007126,1009687,"RNF223"
"28","chr1",1017198,1051736,"C1orf159"
"29","chr1",1072396,1079435,"LOC254099"
"30","chr1",1102483,1102579,"MIR200B"
"31","chr1",1103242,1103333,"MIR200A"
"32","chr1",1104384,1104468,"MIR429"
"33","chr1",1109285,1133314,"TTLL10"
"34","chr1",1108436,1114935,"AK128833"
"35","chr1",1138888,1142089,"TNFRSF18"
"36","chr1",1146706,1149548,"TNFRSF4"
"37","chr1",1152288,1167447,"SDF4"
"38","chr1",1167628,1170421,"B3GALT6"
"39","chr1",1177826,1182102,"FAM132A"
"40","chr1",1189292,1209234,"UBE2J2"
"41","chr1",1215815,1227410,"SCNN1D"
"42","chr1",1227764,1244989,"ACAP3"
"43","chr1",1243993,1247058,"PUSL1"
"44","chr1",1246965,1260046,"CPSF3L"
"45","chr1",1260142,1264277,"GLTPD1"
"46","chr1",1266725,1269845,"TAS1R3"
"47","chr1",1270658,1284492,"DVL1"
"48","chr1",1288071,1297157,"MXRA8"
"49","chr1",1309110,1310818,"AURKAIP1"
"50","chr1",1321091,1334718,"CCNL2"
"51","chr1",1334909,1337427,"LOC148413"
"52","chr1",1337276,1342693,"MRPL20"
"53","chr1",1353800,1356824,"ANKRD65"
"54","chr1",1361507,1363168,"TMEM88B"
"55","chr1",1370902,1378263,"VWA1"
"56","chr1",1385068,1405539,"ATAD3C"
"57","chr1",1407163,1444690,"ATAD3B"
"58","chr1",1447522,1470068,"ATAD3A"
"59","chr1",1467448,1470065,"AX747755"
"60","chr1",1470158,1475740,"TMEM240"
"61","chr1",1477053,1510262,"SSU72"
"62","chr1",1510354,1510645,"HP08716"
"63","chr1",1533388,1535476,"LOC643988"
"64","chr1",1535818,1543167,"AK094692"
"65","chr1",1550794,1565991,"MIB2"
"66","chr1",1567559,1570031,"MMP23B"
"67","chr1",1571100,1655775,"CDK11B"
"68","chr1",1586823,1590469,"CDC2L1"
"69","chr1",1592939,1677438,"SLC35E2B"
"70","chr1",1590988,1624243,"SLC35E2"
"71","chr1",1631377,1633248,"MMP23A"
"72","chr1",1634170,1655791,"CDK11A"
"73","chr1",1656053,1663344,"AK097814"
"74","chr1",1682671,1711508,"NADK"
"76","chr1",1846265,1848734,"CALML6"
"77","chr1",1849029,1850740,"TMEM52"
"78","chr1",1853396,1859368,"C1orf222"
"79","chr1",1884752,1935276,"KIAA1751"
"80","chr1",1944652,1946969,"AK054708"
"81","chr1",1950767,1962193,"GABRD"
"83","chr1",2112574,2114664,"AX747530"
"84","chr1",2121236,2123180,"BC018779"
"85","chr1",2115899,2139172,"C1orf86"
"86","chr1",2160133,2241653,"SKI"
"87","chr1",2281853,2284100,"LOC100129534"
"88","chr1",2252696,2322993,"MORN1"
"89","chr1",2323213,2336886,"RER1"
"90","chr1",2336241,2344010,"PEX10"
"91","chr1",2407753,2436970,"PLCH2"
"92","chr1",2439975,2458035,"PANK4"
"93","chr1",2460184,2461684,"HES5"
"94","chr1",2481359,2484284,"LOC115110"
"95","chr1",2487804,2495268,"TNFRSF14"
"96","chr1",2486163,2488450,"LOC100133445"
"97","chr1",2517898,2522909,"FAM213B"
"98","chr1",2522081,2564481,"MMEL1"
"100","chr1",2938045,2939468,"ACTRT2"
"101","chr1",2976181,2984289,"FLJ42875"
"103","chr1",3044538,3044600,"MIR4251"
"104","chr1",3371146,3397678,"ARHGEF16"
"106","chr1",3477260,3477354,"MIR551A"
"107","chr1",3541555,3546695,"TPRG1L"
"108","chr1",3547331,3566671,"WRAP73"
"109","chr1",3569128,3652766,"TP73"
"110","chr1",3652548,3663937,"TP73-AS1"
"111","chr1",3668964,3688210,"CCDC27"
"112","chr1",3689351,3692547,"LOC388588"
"113","chr1",3696784,3713068,"LRRC47"
"114","chr1",3728645,3773797,"CEP104"
"115","chr1",3773844,3801994,"DFFB"
"116","chr1",3805697,3816857,"C1orf174"
"117","chr1",3816967,3833880,"LOC100133612"
"118","chr1",4000671,4012644,"LOC728716"
"119","chr1",4472110,4484745,"LOC284661"
"121","chr1",4847557,4852184,"BC037321"
"122","chr1",5624130,5624204,"MIR4417"
"124","chr1",5922732,5922801,"MIR4689"
"127","chr1",6161847,6240194,"CHD5"
"128","chr1",6245080,6259679,"RPL22"
"129","chr1",6266188,6281360,"RNF207"
"130","chr1",6281253,6296044,"ICMT"
"131","chr1",6297870,6299503,"C1orf211"
"132","chr1",6304251,6305639,"HES3"
"133","chr1",6307406,6321035,"GPR153"
"135","chr1",6472498,6484730,"HES2"
"136","chr1",6484847,6521005,"ESPN"
"137","chr1",6489894,6489956,"MIR4252"
"138","chr1",6521214,6526255,"TNFRSF25"
"139","chr1",6526152,6580069,"PLEKHG5"
"140","chr1",6581407,6614658,"NOL9"
"141","chr1",6615337,6639818,"TAS1R1"
"142","chr1",6640055,6649341,"ZBTB48"
"143","chr1",6650779,6662929,"KLHL21"
"144","chr1",6673755,6684094,"PHF13"
"145","chr1",6684924,6695647,"THAP3"
"146","chr1",6694228,6761966,"DNAJC11"
"148","chr1",7831328,7841493,"VAMP3"
"149","chr1",7844379,7905238,"PER3"
"150","chr1",7903143,7973294,"UTS2"
"151","chr1",7975931,8003225,"TNFRSF9"
"152","chr1",8021713,8045343,"PARK7"
"153","chr1",8043018,8045342,"AX747125"
"154","chr1",8071779,8086393,"ERRFI1"
"155","chr1",8384389,8404228,"SLC45A1"
"156","chr1",8440652,8441235,"BC113958"
"158","chr1",8921059,8939151,"ENO1"
"159","chr1",8938893,8939944,"ENO1-AS1"
"160","chr1",9005921,9035149,"CA6"
"161","chr1",9063359,9086404,"SLC2A7"
"162","chr1",9097005,9148510,"SLC2A5"
"163","chr1",9164476,9189250,"GPR157"
"164","chr1",9211727,9211836,"MIR34A"
"165","chr1",9208346,9242451,"mir-34"
"166","chr1",9294862,9331395,"H6PD"
"167","chr1",9352940,9429591,"SPSB1"
"168","chr1",9599527,9642832,"SLC25A33"
"169","chr1",9648931,9674936,"TMEM201"
"170","chr1",9711789,9789173,"PIK3CD"
"171","chr1",9712668,9714644,"C1orf200"
"172","chr1",9740903,9747627,"BC038541"
"173","chr1",9789079,9884550,"CLSTN1"
"174","chr1",9908334,9970316,"CTNNBIP1"
"175","chr1",9989776,10003427,"LZIC"
"176","chr1",10003485,10045557,"NMNAT1"
"177","chr1",10057254,10076079,"RBP7"
"180","chr1",10459084,10480202,"PGD"
"181","chr1",10490158,10502873,"APITD1"
"182","chr1",10520603,10532613,"DFFA"
"185","chr1",11006530,11042094,"C1orf127"
"186","chr1",11072678,11085550,"TARDBP"
"187","chr1",11086580,11107296,"MASP2"
"188","chr1",11114649,11120091,"SRM"
"189","chr1",11126676,11159938,"EXOSC10"
"191","chr1",11249397,11256039,"ANGPTL7"
"192","chr1",11333254,11348492,"UBIAD1"
"193","chr1",11539294,11597641,"PTCHD2"
"194","chr1",11708418,11714888,"FBXO2"
"195","chr1",11714431,11723385,"FBXO44"
"196","chr1",11724149,11734410,"FBXO6"
"197","chr1",11734537,11751678,"MAD2L2"
"198","chr1",11751780,11780337,"C1orf187"
"199","chr1",11782186,11785915,"AK125437"
"200","chr1",11796141,11810829,"AGTRAP"
"201","chr1",11824461,11849643,"C1orf167"
"202","chr1",11845787,11866160,"MTHFR"
"203","chr1",11866206,11903202,"CLCN6"
"204","chr1",11900375,11907675,"NPPA-AS1"
"205","chr1",11905767,11907840,"NPPA"
"206","chr1",11917521,11918992,"NPPB"
"207","chr1",11979645,11986485,"KIAA2013"
"208","chr1",11994723,12035600,"PLOD1"
"209","chr1",12040237,12073573,"MFN2"
"210","chr1",12079298,12092107,"MIIP"
"211","chr1",12123433,12204265,"TNFRSF8"
"212","chr1",12227059,12269278,"TNFRSF1B"
"213","chr1",12251761,12251840,"MIR4632"
"215","chr1",12568347,12570416,"AK095438"
"216","chr1",12627939,12677820,"DHRS3"
"217","chr1",12704565,12727098,"AADACL4"
"218","chr1",12776117,12788727,"AADACL3"
"219","chr1",12806162,12821103,"C1orf158"
"220","chr1",12834983,12838049,"PRAMEF12"
"221","chr1",12851545,12856778,"PRAMEF1"
"222","chr1",12884468,12891264,"PRAMEF11"
"223","chr1",12907236,12908237,"LOC649330"
"224","chr1",12907261,12908578,"HNRNPCL1"
"225","chr1",12916940,12921765,"PRAMEF2"
"226","chr1",12939033,12946025,"PRAMEF4"
"231","chr1",13108514,13117751,"PRAMEF5"
"232","chr1",13182960,13184326,"LOC440563"
"236","chr1",13495253,13498260,"PRAMEF16"
"238","chr1",13716087,13719065,"PRAMEF17"
"239","chr1",13801445,13840242,"LRRC38"
"240","chr1",13910251,13944453,"PDPN"
"242","chr1",14146461,14150514,"AK124197"
"244","chr1",15438311,15478960,"C1orf126"
"245","chr1",15479027,15546975,"TMEM51"
"247","chr1",15653176,15670372,"AK055853"
"248","chr1",15736390,15756840,"EFHD2"
"249","chr1",15764937,15773154,"CTRC"
"250","chr1",15783222,15798587,"CELA2A"
"251","chr1",15802595,15817896,"CELA2B"
"252","chr1",15817324,15851285,"CASP9"
"253","chr1",15853351,15918875,"DNAJC16"
"254","chr1",15898194,15911605,"AGMAT"
"255","chr1",15943952,15987553,"DDI2"
"256","chr1",15956819,15988218,"RSC1A1"
"257","chr1",15992765,15995538,"DQ573015"
"258","chr1",16010826,16061265,"PLEKHM2"
"259","chr1",16062808,16067885,"SLC25A34"
"260","chr1",16068916,16074478,"TMEM82"
"261","chr1",16083153,16113085,"FBLIM1"
"262","chr1",16133657,16134194,"UQCRHL"
"263","chr1",16174358,16266951,"SPEN"
"264","chr1",16160710,16174642,"FLJ37453"
"265","chr1",16268364,16302627,"ZBTB17"
"266","chr1",16317619,16317647,"DQ576383"
"267","chr1",16330730,16333185,"C1orf64"
"268","chr1",16340523,16346089,"HSPB7"
"269","chr1",16345369,16360546,"CLCNKA"
"270","chr1",16355620,16383804,"CLCNKB"
"271","chr1",16384264,16400127,"FAM131C"
"272","chr1",16450832,16482582,"EPHA2"
"273","chr1",16524599,16539104,"ARHGEF19"
"274","chr1",16558182,16563659,"RSG1"
"276","chr1",16693582,16724641,"C1orf144"
"277","chr1",16721826,16724640,"AL832937"
"278","chr1",16722176,16763919,"SPATA21"
"279","chr1",16767166,16786585,"NECAP2"
"280","chr1",16793931,16819196,"CROCCP3"
"281","chr1",16860350,16862144,"BC036435"
"282","chr1",16862254,16864670,"AX747988"
"284","chr1",16888922,16890082,"AB1"
"286","chr1",16944751,16971178,"CROCCP2"
"287","chr1",16955702,16956958,"BC015342"
"288","chr1",16956165,16969640,"FLJ00313"
"289","chr1",16972068,16976916,"MST1P2"
"290","chr1",17017713,17046652,"ESPNP"
"292","chr1",17081401,17090975,"MST1P9"
"293","chr1",17215041,17216161,"BC070363"
"294","chr1",17222645,17222721,"DL489931"
"295","chr1",17300999,17308081,"MFAP2"
"296","chr1",17312453,17338423,"ATP13A2"
"297","chr1",17345225,17380665,"SDHB"
"298","chr1",17393256,17445948,"PADI2"
"299","chr1",17531620,17572502,"PADI1"
"300","chr1",17575592,17610728,"PADI3"
"301","chr1",17634689,17690496,"PADI4"
"302","chr1",17698740,17728196,"PADI6"
"303","chr1",17733251,17766250,"RCC2"
"305","chr1",18081807,18153559,"ACTL8"
"307","chr1",18701063,18702175,"AX747631"
"308","chr1",18807423,18812541,"KLHDC7A"
"310","chr1",19166093,19186155,"TAS1R2"
"311","chr1",19209688,19209774,"MIR4695"
"312","chr1",19197924,19229293,"ALDH4A1"
"313","chr1",19230774,19282826,"IFFO2"
"314","chr1",19398604,19402005,"AX747516"
"316","chr1",19544584,19578046,"KIAA0090"
"317","chr1",19578074,19586623,"MRTO4"
"318","chr1",19592476,19600568,"AKR7L"
"319","chr1",19609057,19615280,"AKR7A3"
"320","chr1",19619741,19622230,"LOC100506730"
"321","chr1",19629202,19638640,"AKR7A2"
"322","chr1",19638739,19658923,"PQLC2"
"323","chr1",19673335,19675427,"AX748283"
"325","chr1",19923470,19956316,"MINOS1"
"326","chr1",19934573,19935120,"MGC87895"
"327","chr1",19991779,20006056,"HTR6"
"329","chr1",20140522,20141771,"RNF186"
"330","chr1",20208887,20239438,"OTUD3"
"331","chr1",20246800,20250110,"PLA2G2E"
"332","chr1",20301924,20306932,"PLA2G2A"
"333","chr1",20354671,20418395,"PLA2G5"
"334","chr1",20438434,20446008,"PLA2G2D"
"335","chr1",20465822,20476880,"PLA2G2F"
"336","chr1",20490484,20501687,"PLA2G2C"
"337","chr1",20512577,20519943,"UBXN10"
"338","chr1",20617411,20681388,"VWA5B1"
"339","chr1",20686294,20755287,"LOC339505"
"340","chr1",20808884,20812728,"CAMK2N1"
"341","chr1",20825941,20834674,"MUL1"
"342","chr1",20878931,20881514,"FAM43B"
"343","chr1",20915443,20945401,"CDA"
"344","chr1",20959947,20978005,"PINK1"
"345","chr1",20978260,20988037,"DDOST"
"346","chr1",20990507,21044317,"KIF17"
"347","chr1",21046225,21059330,"SH2D5"
"348","chr1",21069171,21113799,"HP1BP3"
"350","chr1",21602543,21604868,"AX747766"
"352","chr1",21619782,21626363,"LOC100506801"
"353","chr1",21749601,21754300,"AK098438"
"354","chr1",21761832,21762610,"BC127868"
"355","chr1",21766630,21811394,"NBPF3"
"356","chr1",21835857,21904906,"ALPL"
"357","chr1",21922708,21995856,"RAP1GAP"
"359","chr1",22138757,22151715,"LDLRAD2"
"361","chr1",22303417,22333142,"CELA3B"
"362","chr1",22328148,22339036,"CELA3A"
"363","chr1",22351706,22357716,"LINC00339"
"364","chr1",22379119,22419437,"CDC42"
"365","chr1",22443798,22470385,"WNT4"
"366","chr1",22778343,22857651,"ZBTB40"
"367","chr1",22890003,22930088,"EPHA8"
"368","chr1",22963117,22966176,"C1QA"
"369","chr1",22970117,22974604,"C1QC"
"370","chr1",22979681,22988030,"C1QB"
"372","chr1",23046009,23046092,"MIR4684"
"373","chr1",23189652,23189719,"MIR4253"
"374","chr1",23243782,23247348,"AK025975"
"375","chr1",23337327,23342343,"LOC729059"
"376","chr1",23345940,23410185,"KDM1A"
"377","chr1",23370797,23370866,"MIR3115"
"378","chr1",23410516,23504301,"LUZP1"
"379","chr1",23518388,23521222,"HTR1D"
"380","chr1",23636276,23670853,"HNRNPR"
"381","chr1",23685941,23696357,"ZNF436"
"382","chr1",23695463,23698331,"C1orf213"
"383","chr1",23707555,23751261,"TCEA3"
"384","chr1",23755056,23811057,"ASAP3"
"385","chr1",23801093,23803135,"BC038455"
"386","chr1",23853364,23855543,"AX748204"
"387","chr1",23832920,23857712,"E2F2"
"388","chr1",23884421,23886285,"ID3"
"389","chr1",23907984,23967057,"MDS2"
"390","chr1",24018268,24022916,"RPL11"
"391","chr1",24069855,24088550,"TCEB3"
"392","chr1",24086872,24104787,"LOC100506963"
"393","chr1",24104875,24114723,"PITHD1"
"394","chr1",24117645,24122030,"LYPLA2"
"395","chr1",24122089,24127294,"GALE"
"396","chr1",24128367,24165110,"HMGCL"
"397","chr1",24171572,24194859,"FUCA1"
"398","chr1",24200460,24239817,"CNR2"
"399","chr1",24255559,24255638,"MIR378F"
"400","chr1",24286300,24289950,"PNRC2"
"401","chr1",24291418,24295600,"AK054635"
"402","chr1",24292937,24306953,"SRSF10"
"403","chr1",24320926,24320957,"DQ588542"
"404","chr1",24382531,24438665,"MYOM3"
"405","chr1",24446261,24469775,"IL22RA1"
"406","chr1",24480647,24513765,"IL28RA"
"407","chr1",24526729,24538181,"LOC284632"
"408","chr1",24578723,24578758,"DQ597487"
"409","chr1",24579768,24579803,"DQ601330"
"410","chr1",24645811,24690971,"GRHL3"
"411","chr1",24683489,24741587,"C1orf201"
"412","chr1",24742244,24799474,"NIPAL3"
"413","chr1",24828840,24863511,"RCAN3"
"414","chr1",24822823,24828850,"RCAN3AS"
"415","chr1",24882566,24935819,"C1orf130"
"416","chr1",24969593,24999773,"SRRM1"
"417","chr1",25071759,25170816,"CLIC4"
"418","chr1",25169384,25170808,"Z24749"
"419","chr1",25227541,25230414,"AX747207"
"420","chr1",25226002,25291612,"RUNX3"
"421","chr1",25548767,25559013,"SYF2"
"422","chr1",25568740,25664656,"C1orf63"
"423","chr1",25598980,25656937,"RHD"
"424","chr1",25629229,25631643,"AX747205"
"425","chr1",25664788,25688853,"TMEM50A"
"426","chr1",25688740,25756683,"RHCE"
"427","chr1",25757387,25826699,"TMEM57"
"428","chr1",25870075,25895378,"LDLRAP1"
"430","chr1",26126666,26144714,"SEPN1"
"431","chr1",26146396,26159434,"FAM54B"
"432","chr1",26146445,26150097,"LOC646471"
"433","chr1",26160497,26185848,"C1orf135"
"434","chr1",26187975,26197744,"PAQR7"
"435","chr1",26210677,26233368,"STMN1"
"436","chr1",26232853,26232945,"MIR3917"
"437","chr1",26286258,26324648,"PAFAH2"
"438","chr1",26348270,26362955,"EXTL1"
"439","chr1",26364514,26372604,"SLC30A2"
"440","chr1",26377798,26394121,"TRIM63"
"441","chr1",26437655,26452040,"PDIK1L"
"442","chr1",26485510,26489120,"FAM110D"
"443","chr1",26496387,26497365,"ZNF593"
"444","chr1",26503980,26516376,"CNKSR1"
"445","chr1",26517118,26529034,"CATSPER4"
"446","chr1",26551810,26556332,"BC030768"
"447","chr1",26560692,26605300,"CEP85"
"448","chr1",26606212,26608014,"SH3BGRL3"
"449","chr1",26608773,26644756,"UBXN11"
"450","chr1",26644410,26647015,"CD52"
"451","chr1",26648350,26680621,"AIM1L"
"452","chr1",26688125,26699266,"ZNF683"
"453","chr1",26737268,26756220,"LIN28A"
"454","chr1",26758772,26797796,"DHDDS"
"455","chr1",26789255,26794028,"AL050085"
"456","chr1",26798901,26803134,"HMGN2"
"457","chr1",26856248,26901521,"RPS6KA1"
"458","chr1",26881032,26881085,"MIR1976"
"459","chr1",27022521,27108602,"ARID1A"
"460","chr1",27114453,27124895,"PIGV"
"461","chr1",27153200,27182212,"ZDHHC18"
"462","chr1",27189632,27190948,"SFN"
"463","chr1",27205873,27216869,"GPN2"
"464","chr1",27216979,27226962,"GPATCH3"
"465","chr1",27237975,27240567,"NR0B2"
"466","chr1",27248223,27272888,"NUDC"
"467","chr1",27276047,27286901,"C1orf172"
"468","chr1",27320194,27327378,"TRNP1"
"469","chr1",27331511,27339333,"FAM46B"
"470","chr1",27425300,27481451,"SLC9A1"
"471","chr1",27533765,27533869,"DL490887"
"472","chr1",27561006,27635111,"WDTC1"
"473","chr1",27648635,27662892,"TMEM222"
"474","chr1",27650364,27653017,"LOC644961"
"475","chr1",27668482,27680424,"SYTL1"
"476","chr1",27681670,27693337,"MAP3K6"
"477","chr1",27695601,27701315,"FCN3"
"478","chr1",27705596,27709805,"CD164L2"
"479","chr1",27719151,27722318,"GPR3"
"480","chr1",27730734,27816678,"WASF2"
"481","chr1",27860756,27930361,"AHDC1"
"482","chr1",27938801,27961727,"FGR"
"483","chr1",27992572,27998724,"IFI6"
"484","chr1",28052489,28089424,"FAM76A"
"485","chr1",28099693,28150964,"STX12"
"486","chr1",28157251,28178184,"PPP1R8"
"487","chr1",28160911,28161078,"SCARNA1"
"488","chr1",28199054,28213194,"C1orf38"
"489","chr1",28218049,28241236,"RPA2"
"490","chr1",28261503,28285664,"SMPDL3B"
"491","chr1",28286503,28294605,"XKR8"
"493","chr1",28473677,28520447,"PTAFR"
"494","chr1",28526790,28559542,"DNAJC8"
"495","chr1",28562601,28564617,"ATPIF1"
"496","chr1",28585962,28609003,"SESN2"
"497","chr1",28655512,28662479,"MED18"
"499","chr1",28832454,28837405,"SNHG3"
"500","chr1",28844744,28865709,"RCC1"
"501","chr1",28879528,28905058,"TRNAU1AP"
"502","chr1",28905255,28905334,"SNORD99"
"503","chr1",28906276,28906405,"SNORA61"
"504","chr1",28906893,28907024,"SNORA44"
"505","chr1",28907432,28907565,"SNORA16A"
"506","chr1",28905050,28908383,"SNHG12"
"507","chr1",28918711,28921089,"RAB42"
"508","chr1",28929609,28969604,"TAF12"
"509","chr1",28975111,28975247,"RNU11"
"510","chr1",28995239,29042116,"GMEB1"
"511","chr1",29016176,29016307,"SCARNA24"
"512","chr1",29063132,29096288,"YTHDF2"
"513","chr1",29138653,29190209,"OPRD1"
"515","chr1",29445937,29450421,"TMEM200B"
"516","chr1",29474250,29508637,"SRSF4"
"517","chr1",29519385,29557454,"MECR"
"518","chr1",29563027,29653326,"PTPRU"
"519","chr1",30486799,30510456,"BC042538"
"520","chr1",31191618,31199594,"LOC100129196"
"521","chr1",31184124,31196432,"MATN1"
"522","chr1",31212003,31212079,"MIR4420"
"523","chr1",31205315,31230683,"LAPTM5"
"524","chr1",31342313,31381480,"SDC3"
"525","chr1",31408536,31422052,"SNORD103A"
"526","chr1",31441010,31441084,"SNORD85"
"527","chr1",31460911,31461482,"PRO0611"
"529","chr1",31652592,31712734,"NKAIN1"
"530","chr1",31732415,31769644,"SNRNP40"
"531","chr1",31769841,31837781,"ZCCHC17"
"532","chr1",31838100,31845923,"FABP3"
"533","chr1",31882411,31907528,"SERINC2"
"534","chr1",31971838,31974168,"LOC149086"
"535","chr1",31984035,31989847,"LOC284551"
"536","chr1",32042085,32053288,"TINAGL1"
"537","chr1",32083300,32098120,"HCRTR1"
"538","chr1",32095468,32098435,"AX747565"
"539","chr1",32095463,32110838,"PEF1"
"540","chr1",32117848,32169768,"COL16A1"
"541","chr1",32192718,32229648,"BAI2"
"542","chr1",32224261,32224336,"MIR4254"
"543","chr1",32256025,32258424,"BC069257"
"544","chr1",32256031,32281580,"SPOCD1"
"545","chr1",32372022,32403988,"PTP4A2"
"546","chr1",32479490,32526451,"KHDRBS1"
"547","chr1",32538502,32568468,"TMEM39B"
"548","chr1",32573643,32642169,"KPNA6"
"549","chr1",32645344,32663887,"TXLNA"
"550","chr1",32666201,32670992,"CCDC28B"
"551","chr1",32671235,32674289,"IQCC"
"552","chr1",32674694,32681798,"DCDC2B"
"553","chr1",32687184,32697206,"EIF3I"
"554","chr1",32680078,32687926,"TMEM234"
"555","chr1",32697261,32707311,"MTMR9LP"
"556","chr1",32712817,32714462,"FAM167B"
"557","chr1",32716839,32751767,"LCK"
"558","chr1",32757707,32799225,"HDAC1"
"559","chr1",32799440,32801834,"MARCKSL1"
"560","chr1",32826871,32827844,"LOC100128071"
"561","chr1",32827861,32829925,"TSSK3"
"562","chr1",32830705,32860062,"BSDC1"
"564","chr1",33004771,33066227,"ZBTB8A"
"565","chr1",33065773,33116185,"ZBTB8OS"
"566","chr1",33116748,33151813,"RBBP4"
"567","chr1",33145507,33168361,"SYNC"
"568","chr1",33207511,33240572,"KIAA1522"
"569","chr1",33240840,33283633,"YARS"
"570","chr1",33283042,33324477,"S100PBP"
"571","chr1",33327869,33338082,"FNDC5"
"572","chr1",33352097,33360248,"HPCA"
"573","chr1",33360196,33366953,"TMEM54"
"574","chr1",33402050,33430286,"RNF19B"
"575","chr1",33452675,33498071,"BC036308"
"576","chr1",33473541,33502512,"AK2"
"577","chr1",33546713,33586132,"ADC"
"578","chr1",33607472,33608831,"AX747064"
"579","chr1",33611003,33647671,"TRIM62"
"580","chr1",33722173,33766321,"ZNF362"
"581","chr1",33797994,33798093,"MIR3605"
"583","chr1",33938231,33961996,"ZSCAN20"
"585","chr1",34326075,34330393,"HMGB4"
"586","chr1",34334556,34351060,"LOC402779"
"587","chr1",34632623,34684732,"C1orf94"
"588","chr1",35220720,35224113,"GJB5"
"589","chr1",35225341,35229326,"GJB4"
"590","chr1",35246789,35251968,"GJB3"
"591","chr1",35258170,35261349,"GJA4"
"592","chr1",35315963,35325417,"C1orf212"
"593","chr1",35331037,35370984,"DLGAP3"
"594","chr1",35441300,35450948,"LOC653160"
"595","chr1",35449368,35497569,"ZMYM6"
"596","chr1",35544971,35581456,"ZMYM1"
"597","chr1",35641981,35646083,"AL831889"
"598","chr1",35649201,35658743,"SFPQ"
"600","chr1",35833690,35835012,"AF119915"
"602","chr1",36023392,36032381,"NCDN"
"603","chr1",36038970,36060928,"TFAP2E"
"604","chr1",36035413,36107445,"PSMB2"
"605","chr1",36179477,36184790,"C1orf216"
"606","chr1",36197713,36235551,"CLSPN"
"607","chr1",36273827,36323491,"EIF2C4"
"608","chr1",36335408,36389900,"EIF2C1"
"609","chr1",36391432,36395211,"AK025726"
"611","chr1",36549675,36553877,"TEKT2"
"612","chr1",36554452,36559534,"ADPRHL2"
"613","chr1",36560844,36565850,"COL8A2"
"614","chr1",36602173,36615067,"TRAPPC3"
"615","chr1",36621802,36646442,"MAP7D1"
"616","chr1",36690016,36770958,"THRAP3"
"617","chr1",36771993,36790485,"SH3D21"
"618","chr1",36787632,36789755,"FAM176B"
"619","chr1",36805225,36851485,"STK40"
"620","chr1",36859031,36863493,"LSM10"
"621","chr1",36883507,36916086,"OSCP1"
"622","chr1",36921362,36930040,"MRPS15"
"623","chr1",36931644,36948915,"CSF3R"
"625","chr1",37627163,37627236,"MIR4255"
"626","chr1",37920480,37940044,"LOC728431"
"627","chr1",37940118,37949979,"ZC3H12A"
"628","chr1",37958176,37980364,"MEAF6"
"629","chr1",38002142,38019903,"SNIP1"
"630","chr1",38022519,38032459,"DNALI1"
"631","chr1",38032413,38061586,"GNL2"
"632","chr1",38076951,38100595,"RSPO1"
"633","chr1",38147242,38157888,"C1orf109"
"634","chr1",38158158,38175392,"CDCA8"
"635","chr1",38179553,38230824,"EPHA10"
"636","chr1",38259773,38267279,"MANEAL"
"637","chr1",38272650,38275127,"C1orf122"
"638","chr1",38268614,38273865,"YRDC"
"639","chr1",38275239,38325292,"MTF1"
"640","chr1",38326369,38412729,"INPP5B"
"641","chr1",38422652,38455761,"SF3A3"
"642","chr1",38462442,38471187,"FHL3"
"643","chr1",38478383,38490498,"UTP11L"
"644","chr1",38509523,38512450,"POU3F1"
"645","chr1",38554902,38555002,"MIR3659"
"646","chr1",38674706,38680439,"LOC339442"
"647","chr1",39305015,39340166,"RRAGC"
"648","chr1",39328162,39347298,"MYCBP"
"649","chr1",39340223,39341770,"GJA9"
"650","chr1",39351479,39407456,"RHBDL2"
"651","chr1",39456915,39471738,"AKIRIN1"
"652","chr1",39491966,39500309,"NDUFS5"
"654","chr1",39875175,39882155,"KIAA0754"
"655","chr1",39957317,39995542,"BMP8A"
"656","chr1",39987952,40025370,"PPIEL"
"657","chr1",40033046,40033182,"SNORA55"
"658","chr1",40026485,40042521,"PABPC4"
"659","chr1",40089103,40105348,"HEYL"
"660","chr1",40124793,40137710,"NT5C1A"
"661","chr1",40144645,40157089,"HPCAL4"
"662","chr1",40204516,40229587,"PPIE"
"663","chr1",40222854,40225715,"AB075489"
"664","chr1",40235197,40237020,"OXCT2"
"665","chr1",40223903,40254533,"BMP8B"
"666","chr1",40319465,40319738,"AK304759"
"667","chr1",40306706,40349177,"TRIT1"
"668","chr1",40361096,40367687,"MYCL1"
"669","chr1",40420783,40435629,"MFSD2A"
"670","chr1",40420819,40422588,"BC069694"
"671","chr1",40506254,40538322,"CAP1"
"672","chr1",40538382,40563142,"PPT1"
"673","chr1",40627040,40706594,"RLF"
"674","chr1",40713572,40717366,"TMCO2"
"675","chr1",40723732,40759857,"ZMPSTE24"
"676","chr1",40766163,40783060,"COL9A2"
"677","chr1",40839377,40888999,"SMAP2"
"678","chr1",40915773,40929391,"ZNF643"
"679","chr1",40943301,40962016,"ZNF642"
"680","chr1",40974432,40982215,"DEM1"
"681","chr1",40997232,41013842,"ZNF684"
"682","chr1",41086352,41131324,"RIMS3"
"683","chr1",41157241,41237277,"NFYC"
"684","chr1",41154752,41157933,"LOC100130557"
"685","chr1",41220026,41220119,"MIR30E"
"686","chr1",41222955,41223045,"MIR30C1"
"687","chr1",41249683,41306125,"KCNQ4"
"688","chr1",41326728,41328018,"CITED4"
"689","chr1",41445006,41478236,"CTPS"
"690","chr1",41480261,41509563,"LOC100507178"
"691","chr1",41481269,41487427,"SLFNL1"
"693","chr1",41944446,41950344,"EDN2"
"695","chr1",42619091,42621496,"GUCA2B"
"696","chr1",42628362,42630395,"GUCA2A"
"698","chr1",42846467,42889901,"RIMKLA"
"699","chr1",42896001,42921938,"ZMYND12"
"700","chr1",42922172,42926087,"PPCS"
"702","chr1",43124047,43142430,"PPIH"
"703","chr1",43144356,43147331,"AF086102"
"704","chr1",43148065,43168021,"YBX1"
"705","chr1",43198764,43205925,"CLDN19"
"706","chr1",43212006,43232755,"LEPRE1"
"707","chr1",43232915,43241414,"C1orf50"
"708","chr1",43253660,43263902,"LOC100129924"
"709","chr1",43282775,43310661,"ERMAP"
"710","chr1",43272723,43283059,"CCDC23"
"711","chr1",43312243,43318147,"ZNF691"
"712","chr1",43323292,43354461,"BC043541"
"713","chr1",43424719,43449030,"FLJ32224"
"714","chr1",43391046,43424847,"SLC2A1"
"715","chr1",43585818,43611959,"AK309744"
"716","chr1",43613593,43622068,"FAM183A"
"717","chr1",43637280,43637416,"DL489965"
"719","chr1",43638000,43720030,"WDR65"
"720","chr1",43735664,43739674,"TMEM125"
"721","chr1",43747557,43751288,"C1orf210"
"722","chr1",43766565,43791553,"TIE1"
"723","chr1",43803474,43820136,"MPL"
"724","chr1",43824625,43828874,"CDC20"
"725","chr1",43829072,43833699,"ELOVL1"
"726","chr1",43849588,43855483,"MED8"
"727","chr1",43855555,43919919,"SZT2"
"728","chr1",43916674,43919660,"HYI"
"729","chr1",43996546,44089344,"PTPRF"
"730","chr1",44115796,44171190,"KDM4A"
"732","chr1",44165356,44173012,"LOC100132774"
"733","chr1",44398991,44402913,"ARTN"
"734","chr1",44412477,44433695,"IPO13"
"735","chr1",44435652,44439044,"DPH2"
"736","chr1",44440601,44443973,"ATP6V0B"
"737","chr1",44444873,44456844,"B4GALT2"
"738","chr1",44457279,44462199,"CCDC24"
"739","chr1",44457172,44497134,"SLC6A9"
"740","chr1",44514029,44600810,"KLF17"
"741","chr1",44679124,44686352,"DMAP1"
"744","chr1",45119501,45140099,"TMEM53"
"745","chr1",45140393,45191264,"C1orf228"
"746","chr1",45205489,45233439,"KIF2C"
"747","chr1",45241245,45244413,"RPS8"
"748","chr1",45241536,45241611,"SNORD55"
"749","chr1",45243513,45243585,"SNORD38A"
"750","chr1",45244061,45244131,"SNORD38B"
"751","chr1",45249257,45253426,"BEST4"
"752","chr1",45266035,45271668,"PLK3"
"753","chr1",45271586,45272957,"TCTEX1D4"
"754","chr1",45274153,45279802,"BTBD19"
"755","chr1",45285516,45308616,"PTCH2"
"757","chr1",45468220,45477027,"HECTD3"
"758","chr1",45477804,45481342,"UROD"
"760","chr1",45769581,45771292,"LOC400752"
"761","chr1",45792544,45794347,"HPDL"
"762","chr1",45805341,45809651,"TOE1"
"763","chr1",45794914,45806142,"MUTYH"
"765","chr1",45959598,45965751,"CCDC163P"
"766","chr1",45965855,45976740,"MMACHC"
"767","chr1",45976707,45988562,"PRDX1"
"768","chr1",46016454,46035724,"AKR1A1"
"769","chr1",46049659,46084579,"NASP"
"770","chr1",46085716,46089731,"CCDC17"
"771","chr1",46092976,46152302,"GPBP1L1"
"772","chr1",46111452,46112357,"RPS15AP10"
"773","chr1",46153846,46160109,"TMEM69"
"774","chr1",46159998,46216485,"IPP"
"777","chr1",46640748,46651635,"TSPAN1"
"778","chr1",46654353,46685977,"POMGNT1"
"779","chr1",46669005,46686929,"C1orf190"
"780","chr1",46713366,46744146,"RAD54L"
"781","chr1",46744072,46769038,"LRRC41"
"782","chr1",46769379,46782448,"UQCRH"
"783","chr1",46806389,46830691,"NSUN4"
"784","chr1",46859938,46879521,"FAAH"
"785","chr1",46899498,46911375,"LOC729041"
"786","chr1",46972667,46979887,"DMBX1"
"787","chr1",47004367,47035928,"LOC100507423"
"788","chr1",47011316,47016887,"KNCN"
"789","chr1",47023090,47082563,"MKNK1"
"790","chr1",47073387,47080805,"MOB3C"
"791","chr1",47098411,47101972,"LST002"
"792","chr1",47100711,47134099,"ATPAF1"
"793","chr1",47137496,47139257,"ATPAF1-AS1"
"794","chr1",47139707,47157770,"LOC100130197"
"795","chr1",47124359,47184736,"KIAA0494"
"796","chr1",47264669,47285022,"CYP4B1"
"797","chr1",47323906,47366147,"CYP4Z2P"
"798","chr1",47394846,47407156,"CYP4A11"
"799","chr1",47427035,47516424,"CYP4X1"
"800","chr1",47533159,47583993,"CYP4Z1"
"801","chr1",47603106,47614527,"CYP4A22"
"802","chr1",47649261,47655771,"PDZK1IP1"
"803","chr1",47681963,47697892,"TAL1"
"804","chr1",47694868,47779819,"STIL"
"805","chr1",47799468,47844512,"CMPK1"
"806","chr1",47859450,47861215,"AX748181"
"807","chr1",47881743,47883725,"FOXE3"
"808","chr1",47897807,47900313,"MGC12982"
"809","chr1",47901688,47906364,"FOXD2"
"811","chr1",48567387,48648100,"SKINTL"
"812","chr1",48688356,48714317,"SLC5A9"
"814","chr1",49193540,49242547,"BEND5"
"817","chr1",50883223,50889119,"DMRTA2"
"819","chr1",51433607,51440310,"CDKN2C"
"820","chr1",51567905,51613755,"C1orf185"
"821","chr1",51701944,51739120,"RNF11"
"822","chr1",51752930,51810785,"TTC39A"
"825","chr1",52302016,52302074,"MIR761"
"826","chr1",52302637,52305398,"AK090844"
"827","chr1",52254866,52344609,"NRD1"
"828","chr1",52373628,52456436,"RAB3B"
"829","chr1",52497777,52499472,"KTI12"
"830","chr1",52485804,52521047,"TXNDC12"
"831","chr1",52521856,52556389,"BTF3L4"
"833","chr1",52816265,52831877,"CC2D1B"
"834","chr1",52838501,52870143,"ORC1"
"835","chr1",52870218,52883993,"PRPF38A"
"837","chr1",53068042,53074724,"GPX7"
"838","chr1",53099065,53135340,"FAM159A"
"839","chr1",53152014,53164038,"SELRC1"
"841","chr1",53308182,53360248,"ZYG11A"
"842","chr1",53361582,53392851,"ECHDC2"
"844","chr1",53527723,53551175,"PODN"
"845","chr1",53552851,53608289,"SLC1A7"
"846","chr1",53580247,53584282,"AX748428"
"847","chr1",53662100,53679870,"CPT2"
"848","chr1",53679772,53686289,"C1orf123"
"849","chr1",53704281,53708456,"LOC100507564"
"850","chr1",53692564,53704282,"MAGOH"
"851","chr1",53708041,53793821,"LRP8"
"852","chr1",53793904,53802890,"AK097571"
"853","chr1",53904043,53905693,"FLJ40434"
"854","chr1",53925071,53933159,"DMRTB1"
"856","chr1",54231134,54304225,"TMEM48"
"857","chr1",54317392,54355487,"YIPF1"
"858","chr1",54359860,54376760,"DIO1"
"859","chr1",54387234,54411288,"HSPB11"
"860","chr1",54412036,54433840,"LRRC42"
"861","chr1",54474506,54483803,"LDLRAD1"
"862","chr1",54497349,54519111,"TMEM59"
"863","chr1",54519273,54578193,"TCEANC2"
"864","chr1",54519751,54519828,"MIR4781"
"865","chr1",54604668,54619443,"CDCP2"
"866","chr1",54638027,54665746,"CYB5RL"
"867","chr1",54665839,54684057,"MRPL37"
"869","chr1",55007929,55100418,"ACOT11"
"870","chr1",55074850,55089200,"FAM151A"
"871","chr1",55107426,55175940,"HEATR8"
"872","chr1",55222571,55230226,"PARS2"
"873","chr1",55246752,55266941,"TTC22"
"874","chr1",55271735,55307938,"C1orf177"
"875","chr1",55315300,55352921,"DHCR24"
"876","chr1",55352654,55353884,"HP08874"
"877","chr1",55446464,55457967,"TMEM61"
"878","chr1",55464616,55474466,"BSND"
"879","chr1",55505148,55530527,"PCSK9"
"881","chr1",55681080,55683129,"LOC100507634"
"882","chr1",55691313,55691397,"MIR4422"
"884","chr1",56960419,57045257,"PPAP2B"
"885","chr1",57110989,57181009,"PRKAA2"
"887","chr1",57289354,57292593,"BC048114"
"888","chr1",57320442,57383895,"C8A"
"889","chr1",57394883,57431688,"C8B"
"891","chr1",58326214,58328787,"BC047487"
"892","chr1",58933599,58934677,"AX746780"
"893","chr1",58939504,59004982,"OMA1"
"894","chr1",59041095,59043166,"TACSTD2"
"895","chr1",59120411,59165747,"MYSM1"
"896","chr1",59246463,59249785,"JUN"
"898","chr1",59597608,59612479,"HSD52"
"900","chr1",60198899,60198968,"MIR4711"
"901","chr1",60238466,60254502,"BC042048"
"902","chr1",60280462,60342051,"HOOK1"
"903","chr1",60358980,60392423,"CYP2J2"
"904","chr1",60454824,60539442,"C1orf87"
"906","chr1",61405916,61436448,"BC030753"
"908","chr1",62146719,62191095,"TM2D1"
"910","chr1",62660473,62678002,"L1TD1"
"911","chr1",62701837,62785083,"KANK4"
"912","chr1",62901974,62917476,"USP1"
"914","chr1",63063186,63071181,"ANGPTL3"
"915","chr1",63249776,63330942,"ATG4C"
"917","chr1",63788729,63790798,"FOXD3"
"918","chr1",63833260,63904234,"ALG6"
"919","chr1",63906441,63988944,"ITGB3BP"
"920","chr1",63989012,64038365,"EFCAB7"
"921","chr1",64014650,64016308,"DLEU2L"
"922","chr1",64058946,64125917,"PGM1"
"924","chr1",64560125,64577888,"BC040909"
"925","chr1",64571006,64636980,"AK096291"
"926","chr1",64669489,64710028,"UBE2U"
"928","chr1",65045529,65045605,"MIR4794"
"929","chr1",65154981,65158737,"AK026777"
"930","chr1",65210777,65298915,"RAVER2"
"932","chr1",65338383,65343856,"AK128734"
"933","chr1",65445260,65468159,"BC035370"
"934","chr1",65523438,65523525,"MIR3671"
"935","chr1",65524117,65524191,"MIR101-1"
"936","chr1",65613231,65697829,"AK4"
"937","chr1",65720144,65721849,"AK123450"
"939","chr1",65886130,65901691,"LEPROT"
"943","chr1",67094122,67094201,"MIR3117"
"944","chr1",67132272,67142710,"AK298300"
"945","chr1",67218139,67244731,"TCTEX1D1"
"946","chr1",67263424,67266942,"INSL5"
"948","chr1",67390577,67454303,"MIER1"
"949","chr1",67465015,67520080,"SLC35D1"
"950","chr1",67557859,67600653,"C1orf141"
"952","chr1",67773046,67862584,"IL12RB2"
"953","chr1",67873493,67896123,"SERBP1"
"954","chr1",68150859,68154022,"GADD45A"
"957","chr1",68511645,68516481,"DIRAS3"
"958","chr1",68649201,68649293,"MIR1262"
"959","chr1",68649301,68649322,"JA660674"
"961","chr1",68894507,68915642,"RPE65"
"962","chr1",68939835,68962799,"DEPDC1"
"963","chr1",68962358,69004311,"BC020917"
"965","chr1",70385004,70386001,"PIN1P1"
"966","chr1",70610485,70671361,"LRRC40"
"967","chr1",70671364,70717702,"SRSF11"
"968","chr1",70724685,70820417,"ANKRD13C"
"969","chr1",70820492,70833706,"HHLA3"
"970","chr1",70876900,70905535,"CTH"
"971","chr1",71172135,71252152,"BC041441"
"972","chr1",71512188,71532866,"ZRANB2-AS1"
"974","chr1",71533314,71533399,"MIR186"
"975","chr1",71528974,71546972,"ZRANB2"
"978","chr1",73771852,73804561,"BC041341"
"980","chr1",74663895,74674149,"FPGT"
"981","chr1",75043113,75091783,"CR627203"
"983","chr1",75198835,75232361,"TYW3"
"984","chr1",75171172,75199092,"CRYZ"
"985","chr1",75594118,75627219,"LHX8"
"986","chr1",75595659,75598261,"AK055631"
"988","chr1",76103851,76188721,"CR936677"
"989","chr1",76190042,76229356,"ACADM"
"990","chr1",76251885,76260765,"RABGGTB"
"991","chr1",76252756,76252835,"SNORD45C"
"992","chr1",76253573,76253658,"SNORD45A"
"993","chr1",76255161,76255233,"SNORD45B"
"995","chr1",76384558,76398116,"ASB17"
"998","chr1",77529660,77531395,"AF131837"
"1002","chr1",78161674,78225537,"USP33"
"1003","chr1",78245308,78344082,"FAM73A"
"1004","chr1",78354199,78409579,"NEXN"
"1005","chr1",78412167,78444777,"FUBP1"
"1006","chr1",78444933,78482996,"DNAJB4"
"1007","chr1",78511588,78603113,"GIPC2"
"1009","chr1",78956727,79006387,"PTGFR"
"1010","chr1",79086087,79111831,"IFI44L"
"1011","chr1",79115476,79129764,"IFI44"
"1014","chr1",83439566,83451891,"U80773"
"1015","chr1",83911736,83920455,"BC043544"
"1016","chr1",84267443,84326229,"AK097722"
"1019","chr1",84543635,84546351,"BC037304"
"1021","chr1",84743003,84743141,"SNORA2"
"1022","chr1",84764048,84816482,"SAMD13"
"1023","chr1",84830641,84863576,"UOX"
"1024","chr1",84864214,84880692,"DNASE2B"
"1025","chr1",84944919,84964034,"RPF1"
"1026","chr1",84972012,85018768,"SPATA1"
"1027","chr1",84964006,84972262,"GNG5"
"1028","chr1",85018804,85040163,"CTBS"
"1029","chr1",85093913,85100703,"C1orf180"
"1030","chr1",85109390,85156440,"SSX2IP"
"1031","chr1",85279086,85358896,"LPAR3"
"1032","chr1",85391266,85462796,"MCOLN2"
"1033","chr1",85483765,85514223,"MCOLN3"
"1034","chr1",85527992,85598822,"WDR63"
"1035","chr1",85599476,85599557,"MIR4423"
"1036","chr1",85623356,85666728,"SYDE2"
"1037","chr1",85715637,85725355,"C1orf52"
"1039","chr1",85731460,85742587,"BCL10"
"1041","chr1",86046443,86049649,"CYR61"
"1042","chr1",86047526,86049389,"AL832891"
"1043","chr1",86115106,86174116,"ZNHIT6"
"1045","chr1",86812507,86862025,"ODF2L"
"1046","chr1",86889768,86922241,"CLCA2"
"1047","chr1",86934394,86965975,"CLCA1"
"1048","chr1",87012758,87046433,"CLCA4"
"1049","chr1",87099958,87121060,"CLCA3P"
"1050","chr1",87170252,87213868,"SH3GLB1"
"1051","chr1",87328128,87380107,"SEP15"
"1053","chr1",87595447,87602353,"LOC339524"
"1054","chr1",87777576,87777677,"Mir_590"
"1055","chr1",87794150,87814608,"LMO4"
"1056","chr1",87819210,87837338,"LOC100505768"
"1059","chr1",89318321,89357301,"GTF2B"
"1060","chr1",89445139,89449509,"RBMXL1"
"1061","chr1",89401456,89458643,"CCBL2"
"1062","chr1",89472360,89488549,"GBP3"
"1063","chr1",89517987,89531043,"GBP1"
"1064","chr1",89571843,89616258,"GBP2"
"1065","chr1",89597434,89641723,"GBP7"
"1066","chr1",89646831,89664633,"GBP4"
"1067","chr1",89724634,89738544,"GBP5"
"1068","chr1",89829435,89853720,"GBP6"
"1069","chr1",89873237,89890494,"GBP1P1"
"1070","chr1",89990396,90063421,"LRRC8B"
"1071","chr1",90090408,90098453,"FLJ27354"
"1072","chr1",90098643,90185095,"LRRC8C"
"1074","chr1",90458824,90460525,"GEMIN8P4"
"1075","chr1",90460677,90494095,"ZNF326"
"1076","chr1",91177579,91182794,"BARHL2"
"1077","chr1",91295104,91301718,"BC036441"
"1080","chr1",91966403,91991322,"CDC7"
"1081","chr1",92100567,92109336,"HSP90B3P"
"1083","chr1",92414927,92479986,"BRDT"
"1084","chr1",92495532,92529094,"EPHX4"
"1085","chr1",92545861,92613402,"BTBD8"
"1086","chr1",92632608,92650281,"KIAA1107"
"1087","chr1",92683572,92711368,"C1orf146"
"1088","chr1",92764521,92853733,"RPAP2"
"1089","chr1",92711955,92764566,"GLMN"
"1090","chr1",92940318,92952433,"GFI1"
"1092","chr1",93297593,93307482,"RPL5"
"1093","chr1",93302845,93302941,"SNORD21"
"1094","chr1",93303574,93306409,"SNORA66"
"1096","chr1",93544791,93604639,"MTF2"
"1097","chr1",93615299,93646246,"TMED5"
"1098","chr1",93646280,93744288,"CCDC18"
"1099","chr1",93775666,93811368,"LOC100131564"
"1100","chr1",93811477,93828149,"DR1"
"1103","chr1",94057524,94065588,"LOC100129046"
"1104","chr1",94219112,94240930,"MIG7"
"1105","chr1",94312387,94312468,"MIR760"
"1106","chr1",94317792,94319888,"AX746627"
"1107","chr1",94335014,94344762,"DNTTIP2"
"1108","chr1",94352590,94375012,"GCLM"
"1112","chr1",94994732,95007413,"F3"
"1114","chr1",95285900,95360803,"SLC44A3"
"1115","chr1",95362507,95392735,"CNN3"
"1116","chr1",95393583,95428827,"LOC729970"
"1117","chr1",95448279,95538507,"ALG14"
"1118","chr1",95550008,95550119,"Mir_448"
"1121","chr1",95628775,95699538,"AK090700"
"1122","chr1",95940292,95944913,"FLJ31662"
"1123","chr1",95975895,95981021,"BC067883"
"1124","chr1",97187174,97280606,"PTBP2"
"1125","chr1",97279223,97280348,"PTBLP"
"1127","chr1",98510799,98510907,"MIR2682"
"1128","chr1",98511626,98511727,"MIR137"
"1129","chr1",98509852,98511952,"AK311400"
"1130","chr1",98453556,98515161,"AK094607"
"1131","chr1",99127235,99226057,"SNX7"
"1134","chr1",99729847,99775139,"LPPR4"
"1135","chr1",100111430,100160098,"PALMD"
"1136","chr1",100178485,100178514,"MIR548AA1"
"1137","chr1",100178486,100178513,"MIR548D1"
"1138","chr1",100174259,100231349,"FRRS1"
"1139","chr1",100315639,100389580,"AGL"
"1140","chr1",100434001,100435404,"BC112312"
"1141","chr1",100435539,100489007,"SLC35A3"
"1142","chr1",100503788,100548930,"HIAT1"
"1143","chr1",100549102,100598511,"SASS6"
"1144","chr1",100598705,100616055,"CCDC76"
"1145","chr1",100614413,100643800,"LRRC39"
"1146","chr1",100652478,100715409,"DBT"
"1147","chr1",100731713,100758326,"RTCD1"
"1148","chr1",100746796,100746865,"MIR553"
"1150","chr1",101003727,101007584,"GPR88"
"1151","chr1",101092606,101112560,"LOC100128787"
"1152","chr1",101185195,101204602,"VCAM1"
"1153","chr1",101337941,101360418,"EXTL2"
"1154","chr1",101361631,101447312,"SLC30A7"
"1155","chr1",101455180,101491644,"DPH5"
"1156","chr1",101491408,101552820,"BX538249"
"1157","chr1",101702304,101707077,"S1PR1"
"1159","chr1",102337566,102360300,"DNAJA1P5"
"1161","chr1",104068577,104097860,"RNPC3"
"1162","chr1",104078747,104153093,"AMY2B"
"1163","chr1",104112025,104114009,"LOC648740"
"1166","chr1",104230040,104238912,"AMY1C"
"1167","chr1",104615644,104619694,"LOC100129138"
"1168","chr1",106144774,106161557,"BC043293"
"1169","chr1",107599266,107601917,"PRMT6"
"1172","chr1",108677445,108678867,"BC068010"
"1173","chr1",108677447,108742974,"SLC25A24"
"1176","chr1",108992903,109013261,"NBPF6"
"1177","chr1",109102970,109181950,"FAM102B"
"1178","chr1",109190910,109204148,"HENMT1"
"1179","chr1",109234931,109244423,"PRPF38B"
"1180","chr1",109255555,109285368,"FNDC7"
"1181","chr1",109289284,109352149,"STXBP3"
"1183","chr1",109399838,109401147,"SRG7"
"1184","chr1",109419602,109476958,"GPSM2"
"1185","chr1",109472130,109493070,"CLCC1"
"1186","chr1",109512838,109584850,"WDR47"
"1187","chr1",109606998,109618624,"TAF13"
"1188","chr1",109633402,109639555,"TMEM167B"
"1189","chr1",109642814,109643235,"SCARNA2"
"1190","chr1",109648573,109656479,"C1orf194"
"1191","chr1",109656584,109749404,"KIAA1324"
"1192","chr1",109756514,109780805,"SARS"
"1193","chr1",109792640,109818379,"CELSR2"
"1194","chr1",109822176,109825808,"PSRC1"
"1195","chr1",109834987,109849663,"MYBPHL"
"1196","chr1",109852188,109940563,"SORT1"
"1197","chr1",109965121,109966952,"FW340027"
"1198","chr1",109941653,109969108,"PSMA5"
"1199","chr1",110009099,110024765,"SYPL2"
"1200","chr1",110026560,110035421,"ATXN7L2"
"1201","chr1",110036657,110043064,"CYB561D1"
"1202","chr1",110049446,110052336,"AMIGO1"
"1203","chr1",110082493,110088456,"GPR61"
"1204","chr1",110091185,110138453,"GNAI3"
"1205","chr1",110141514,110141590,"MIR197"
"1206","chr1",110145889,110155705,"GNAT2"
"1207","chr1",110162125,110174678,"AMPD2"
"1208","chr1",110198697,110208124,"GSTM4"
"1209","chr1",110210643,110226620,"GSTM2"
"1210","chr1",110230417,110236368,"GSTM1"
"1211","chr1",110254863,110260891,"GSTM5"
"1212","chr1",110276554,110283660,"GSTM3"
"1213","chr1",110292702,110306644,"EPS8L3"
"1214","chr1",110453232,110473617,"CSF1"
"1215","chr1",110527386,110566365,"AHCYL1"
"1216","chr1",110574198,110597425,"FAM40A"
"1217","chr1",110603303,110603369,"DQ574855"
"1218","chr1",110602997,110613322,"ALX3"
"1219","chr1",110655061,110656570,"UBL4B"
"1220","chr1",110693131,110744824,"SLC6A17"
"1221","chr1",110753335,110776675,"KCNC4"
"1222","chr1",110828999,110881793,"LOC440600"
"1223","chr1",110881944,110889304,"RBM15"
"1224","chr1",110887100,110888734,"BC069739"
"1225","chr1",110905473,110933704,"SLC16A4"
"1226","chr1",110943877,110950546,"HBXIP"
"1227","chr1",110993787,110999977,"PROK1"
"1228","chr1",111016377,111033892,"CYMP"
"1229","chr1",111059839,111061797,"KCNA10"
"1230","chr1",111136202,111174096,"KCNA2"
"1231","chr1",111214310,111217655,"KCNA3"
"1232","chr1",111413820,111442559,"CD53"
"1233","chr1",111489812,111506566,"LRIF1"
"1234","chr1",111682248,111727725,"CEPT1"
"1235","chr1",111659954,111682838,"DRAM2"
"1236","chr1",111729801,111747031,"DENND2D"
"1237","chr1",111770280,111786063,"CHI3L2"
"1238","chr1",111823145,111828731,"RP11-165H20.1"
"1239","chr1",111833483,111863186,"CHIA"
"1240","chr1",111889194,111895640,"C1orf88"
"1241","chr1",111927141,111932473,"PGCP1"
"1242","chr1",111956937,111970399,"OVGP1"
"1243","chr1",111991461,112004526,"ATP5F1"
"1244","chr1",111982512,111991830,"WDR77"
"1245","chr1",112016603,112021135,"C1orf162"
"1246","chr1",112025970,112106597,"ADORA3"
"1248","chr1",112141629,112150940,"LOC100129269"
"1249","chr1",112256829,112259311,"AK023457"
"1250","chr1",112264686,112298419,"FAM212B"
"1251","chr1",112282462,112290421,"LOC100506343"
"1252","chr1",112287935,112298131,"BC041890"
"1253","chr1",112298189,112310200,"DDX20"
"1255","chr1",112533157,112541465,"BC034233"
"1256","chr1",112938799,113003787,"CTTNBP2NL"
"1257","chr1",112938880,112941440,"AX747733"
"1258","chr1",112999439,113006066,"DKFZp547A023"
"1259","chr1",113004392,113004455,"MIR4256"
"1260","chr1",113010039,113063911,"WNT2B"
"1261","chr1",113066141,113162405,"ST7L"
"1262","chr1",113162074,113214242,"CAPZA1"
"1263","chr1",113217047,113243369,"MOV10"
"1264","chr1",113243749,113250025,"RHOC"
"1265","chr1",113252616,113257950,"PPM1J"
"1266","chr1",113263188,113269857,"FAM19A3"
"1267","chr1",113392521,113420492,"HP08777"
"1268","chr1",113362796,113393265,"AX748125"
"1269","chr1",113465971,113467296,"AKR7A2P1"
"1270","chr1",113454470,113498975,"SLC16A1"
"1271","chr1",113499036,113506691,"BC023568"
"1272","chr1",113499070,113511604,"BX648855"
"1273","chr1",113554309,113615724,"BC037540"
"1274","chr1",113615830,113667343,"LRIG2"
"1275","chr1",113739404,113748875,"LOC643441"
"1277","chr1",114239824,114302098,"PHTF1"
"1278","chr1",114304454,114355070,"RSBN1"
"1279","chr1",114399256,114443860,"LOC100287722"
"1280","chr1",114356433,114414375,"PTPN22"
"1281","chr1",114419436,114430169,"BCL2L15"
"1282","chr1",114437371,114447741,"AP4B1"
"1283","chr1",114447914,114456709,"DCLRE1B"
"1284","chr1",114466623,114471854,"BC048113"
"1285","chr1",114471995,114520492,"HIPK1"
"1286","chr1",114522029,114524877,"OLFML3"
"1287","chr1",114631914,114696472,"SYT6"
"1289","chr1",115110181,115124265,"BCAS2"
"1290","chr1",115125469,115126223,"DKFZp686N1631"
"1292","chr1",115215720,115238239,"AMPD1"
"1293","chr1",115247085,115259515,"NRAS"
"1294","chr1",115259534,115300671,"CSDE1"
"1295","chr1",115312105,115323308,"SIKE1"
"1297","chr1",115572414,115576942,"TSHB"
"1298","chr1",115590633,115632121,"TSPAN2"
"1299","chr1",115828537,115880857,"NGF"
"1300","chr1",116184573,116240846,"VANGL1"
"1301","chr1",116242626,116311426,"CASQ2"
"1302","chr1",116378999,116383747,"NHLH2"
"1303","chr1",116461996,116468530,"BC043254"
"1304","chr1",116519118,116612676,"SLC22A15"
"1305","chr1",116654375,116677862,"MAB21L3"
"1306","chr1",116915003,116947397,"ATP1A1"
"1307","chr1",116935487,116961244,"ATP1A1OS"
"1308","chr1",117057156,117113715,"CD58"
"1309","chr1",117117031,117210314,"IGSF3"
"1310","chr1",117214370,117214450,"MIR320B1"
"1311","chr1",117297085,117311852,"CD2"
"1312","chr1",117452688,117532973,"PTGFRN"
"1313","chr1",117544381,117579174,"CD101"
"1314","chr1",117602948,117645492,"TTF2"
"1315","chr1",117637264,117637351,"MIR942"
"1316","chr1",117653677,117664411,"TRIM45"
"1317","chr1",117686209,117753582,"VTCN1"
"1319","chr1",118148603,118171012,"FAM46C"
"1320","chr1",118406107,118472302,"GDAP2"
"1321","chr1",118472371,118503050,"WDR3"
"1325","chr1",119683047,119694032,"BC063600"
"1326","chr1",119911401,119936752,"HAO2"
"1327","chr1",119957269,119989123,"HSD3B2"
"1328","chr1",120049825,120057682,"HSD3B1"
"1329","chr1",120106502,120115200,"HSD3BP4"
"1330","chr1",120140325,120141914,"LOC644242"
"1331","chr1",120162000,120190390,"ZNF697"
"1332","chr1",120254418,120286850,"PHGDH"
"1333","chr1",120290619,120311555,"HMGCS2"
"1334","chr1",120336641,120354203,"REG4"
"1335","chr1",120377388,120387779,"NBPF7"
"1336","chr1",120436156,120439147,"ADAM30"
"1338","chr1",120839004,120855682,"FAM72B"
"1339","chr1",120906033,120914843,"HIST2H2BA"
"1340","chr1",120926128,120935944,"FCGR1B"
"1342","chr1",121260909,121313687,"EMBP1"
"1344","chr1",142620645,142714605,"FLJ00310"
"1345","chr1",142853227,142856000,"DQ592442"
"1346","chr1",142803224,142888797,"BC053679"
"1347","chr1",142804899,142890670,"BC029473"
"1348","chr1",143119060,143163749,"AK056396"
"1349","chr1",143424333,143467651,"BC070106"
"1350","chr1",143687129,143714181,"LOC100130000"
"1351","chr1",143647639,143744587,"LOC100286793"
"1352","chr1",143767144,143767881,"PPIAL4G"
"1353","chr1",143896452,143913143,"FAM72D"
"1360","chr1",144209457,144212181,"AL050141"
"1363","chr1",144340774,144341077,"BC047032"
"1364","chr1",144480745,144521969,"LOC728875"
"1367","chr1",144596310,144604298,"BC073801"
"1368","chr1",144610815,144612727,"PFN1P2"
"1369","chr1",144676437,144680025,"LOC653513"
"1372","chr1",145004780,145005288,"BC065231"
"1373","chr1",145013718,145018396,"BX647792"
"1374","chr1",145096406,145116923,"SEC22B"
"1375","chr1",145209110,145295526,"NOTCH2NL"
"1376","chr1",145293232,145364675,"NBPF10"
"1377","chr1",145413190,145417546,"HFE2"
"1378","chr1",145438461,145442629,"TXNIP"
"1379","chr1",145456236,145470387,"POLR3GL"
"1380","chr1",145470507,145475648,"ANKRD34A"
"1381","chr1",145477084,145499092,"LIX1L"
"1382","chr1",145500506,145501670,"AK123675"
"1383","chr1",145507556,145513536,"RBM8A"
"1384","chr1",145509752,145515899,"GnRHRII"
"1385","chr1",145509820,145516076,"GNRHR2"
"1386","chr1",145516164,145523733,"PEX11B"
"1387","chr1",145524989,145543869,"ITGA10"
"1388","chr1",145549208,145568527,"ANKRD35"
"1389","chr1",145575289,145586547,"PIAS3"
"1390","chr1",145586493,145589435,"NUDT17"
"1391","chr1",145588588,145590461,"AX747161"
"1392","chr1",145592605,145610884,"POLR3C"
"1393","chr1",145611035,145688777,"RNF115"
"1394","chr1",145695798,145715565,"CD160"
"1397","chr1",145883867,145924050,"GPR89C"
"1398","chr1",147466094,147484331,"PDZK1P1"
"1400","chr1",146057691,146057717,"DQ587808"
"1402","chr1",146490895,146514599,"LOC728989"
"1403","chr1",146626685,146644129,"PRKAB2"
"1404","chr1",146649429,146651529,"PDIA3P"
"1405","chr1",146655884,146697230,"FMO5"
"1406","chr1",146714290,146767444,"CHD1L"
"1408","chr1",147013181,147098016,"BCL9"
"1409","chr1",147119168,147142634,"ACP6"
"1410","chr1",147228332,147245484,"GJA5"
"1411","chr1",147374945,147381396,"GJA8"
"1412","chr1",147400505,147465756,"GPR89B"
"1413","chr1",147680371,147691166,"AK091688"
"1414","chr1",147751385,147763967,"AK023809"
"1415","chr1",147751388,147760171,"AK023548"
"1416","chr1",147801123,147816765,"BC041003"
"1417","chr1",147874654,147893483,"AK311108"
"1420","chr1",148271792,148310085,"NBPF20"
"1421","chr1",148276556,148285533,"AF380582"
"1422","chr1",148257494,148280742,"AG10"
"1423","chr1",148556107,148556134,"DQ577785"
"1424","chr1",148558187,148596268,"NBPF15"
"1425","chr1",148644010,148644796,"PPIAL4E"
"1426","chr1",148876039,148902124,"AK310441"
"1427","chr1",148928285,148953055,"LOC645166"
"1428","chr1",149230715,149232554,"BC062745"
"1429","chr1",149279475,149291743,"LOC388692"
"1430","chr1",149287450,149291744,"BC023516"
"1431","chr1",149369293,149378298,"FCGR1C"
"1433","chr1",149553002,149553788,"PPIAL4B"
"1434","chr1",149576160,149576701,"BC110832"
"1435","chr1",149577754,149582606,"AB074166"
"1436","chr1",149754249,149764075,"FCGR1A"
"1437","chr1",149763336,149765367,"AX747534"
"1438","chr1",149784780,149785236,"HIST2H3D"
"1439","chr1",149804220,149832330,"HIST2H4A"
"1440","chr1",149804241,149830752,"BC019846"
"1441","chr1",149812259,149824180,"HIST2H3C"
"1442","chr1",149813785,149822627,"HIST2H2AA3"
"1443","chr1",149821759,149822340,"HIST2H2BC"
"1444","chr1",149856010,149858232,"HIST2H2BE"
"1445","chr1",149858524,149858962,"HIST2H2AC"
"1446","chr1",149859019,149859466,"HIST2H2AB"
"1447","chr1",149871154,149872349,"BOLA1"
"1448","chr1",149874872,149889434,"SV2A"
"1449","chr1",149895209,149900144,"SF3B4"
"1450","chr1",149900543,149908791,"MTMR11"
"1451","chr1",149912232,149982686,"OTUD7B"
"1452","chr1",150039341,150117506,"VPS45"
"1453","chr1",150121766,150131842,"PLEKHO1"
"1454","chr1",150190717,150208504,"ANP32E"
"1455","chr1",150230217,150237481,"CA14"
"1456","chr1",150237799,150241609,"APH1A"
"1457","chr1",150244772,150253336,"C1orf54"
"1458","chr1",150254952,150259502,"C1orf51"
"1459","chr1",150266268,150280820,"MRPS21"
"1460","chr1",150293927,150325705,"PRPF3"
"1462","chr1",150459919,150479750,"TARS2"
"1463","chr1",150480486,150486266,"ECM1"
"1464","chr1",150521897,150533413,"ADAMTSL4"
"1465","chr1",150524404,150524491,"MIR4257"
"1466","chr1",150547027,150552214,"MCL1"
"1467","chr1",150594599,150602098,"ENSA"
"1468","chr1",150618701,150669672,"GOLPH3L"
"1469","chr1",150670535,150693364,"HORMAD1"
"1470","chr1",150702672,150738433,"CTSS"
"1471","chr1",150768684,150780917,"CTSK"
"1472","chr1",150782181,150849244,"ARNT"
"1473","chr1",150898814,150937221,"SETDB1"
"1474","chr1",150937649,150947479,"CERS2"
"1475","chr1",150954498,150968115,"ANXA9"
"1476","chr1",150969301,150980854,"FAM63A"
"1477","chr1",150980972,151008190,"PRUNE"
"1478","chr1",151009028,151020077,"BNIPL"
"1479","chr1",151020186,151023872,"C1orf56"
"1480","chr1",151023447,151032125,"CDC42SE1"
"1481","chr1",151032150,151040974,"MLLT11"
"1482","chr1",151043079,151091008,"GABPB2"
"1483","chr1",151104163,151119140,"SEMA6C"
"1484","chr1",151129104,151132226,"TNFAIP8L2"
"1485","chr1",151132224,151138424,"LYSMD1"
"1486","chr1",151138497,151140385,"SCNM1"
"1487","chr1",151142463,151148547,"TMOD4"
"1488","chr1",151148934,151162640,"VPS72"
"1489","chr1",151171020,151222008,"PIP5K1A"
"1490","chr1",151227196,151239955,"PSMD4"
"1491","chr1",151254093,151264382,"ZNF687"
"1492","chr1",151252500,151254405,"BC021024"
"1493","chr1",151264273,151300191,"PI4KB"
"1494","chr1",151313116,151319769,"RFX5"
"1495","chr1",151336780,151345164,"SELENBP1"
"1496","chr1",151372040,151374413,"PSMB4"
"1497","chr1",151375200,151431941,"POGZ"
"1498","chr1",151483861,151511168,"CGN"
"1499","chr1",151512780,151556060,"TUFT1"
"1500","chr1",151518271,151518368,"MIR554"
"1501","chr1",151584661,151671560,"SNX27"
"1502","chr1",151668703,151671552,"KIAA0488"
"1503","chr1",151670319,151670850,"BC127854"
"1504","chr1",151672534,151689290,"CELF3"
"1505","chr1",151682908,151702083,"RIIAD1"
"1506","chr1",151735444,151743807,"OAZ3"
"1507","chr1",151732123,151736040,"MRPL9"
"1508","chr1",151742583,151763010,"TDRKH"
"1509","chr1",151763317,151766879,"BC038201"
"1510","chr1",151772765,151777882,"LINGO4"
"1511","chr1",151778547,151804348,"RORC"
"1512","chr1",151810944,151816642,"LOC100132111"
"1513","chr1",151810339,151813033,"C2CD4D"
"1514","chr1",151819577,151826173,"THEM5"
"1515","chr1",151843343,151882361,"THEM4"
"1516","chr1",151955386,151966714,"S100A10"
"1517","chr1",151967006,152015251,"AC2"
"1518","chr1",152004982,152009511,"S100A11"
"1519","chr1",152056620,152061540,"TCHHL1"
"1520","chr1",152078793,152117706,"TCHH"
"1521","chr1",152126071,152131704,"RPTN"
"1522","chr1",152184558,152196669,"HRNR"
"1523","chr1",152285934,152339169,"AK056431"
"1524","chr1",152274651,152297679,"FLG"
"1525","chr1",152321213,152332482,"FLG2"
"1526","chr1",152381719,152386750,"CRNN"
"1527","chr1",152483319,152484654,"LCE5A"
"1528","chr1",152486977,152488482,"CRCT1"
"1529","chr1",152538130,152539248,"LCE3E"
"1530","chr1",152551860,152552980,"LCE3D"
"1531","chr1",152573137,152573563,"LCE3C"
"1532","chr1",152586286,152586575,"LCE3B"
"1533","chr1",152595310,152595579,"LCE3A"
"1534","chr1",152635871,152637136,"LCE2D"
"1535","chr1",152647770,152649050,"LCE2C"
"1536","chr1",152658598,152659877,"LCE2B"
"1537","chr1",152670839,152671919,"LCE2A"
"1538","chr1",152681522,152681911,"LCE4A"
"1539","chr1",152691997,152692906,"C1orf68"
"1540","chr1",152730505,152734530,"KPRP"
"1541","chr1",152748847,152749446,"LCE1F"
"1542","chr1",152758752,152760902,"LCE1E"
"1543","chr1",152769226,152770658,"LCE1D"
"1544","chr1",152777311,152779107,"LCE1C"
"1545","chr1",152784446,152785586,"LCE1B"
"1546","chr1",152799948,152800574,"LCE1A"
"1547","chr1",152815329,152816460,"LCE6A"
"1548","chr1",152850797,152857524,"SMCP"
"1549","chr1",152881038,152884363,"IVL"
"1550","chr1",152943127,152945070,"SPRR4"
"1551","chr1",152956563,152958291,"SPRR1A"
"1552","chr1",152974222,152976333,"SPRR3"
"1553","chr1",153003678,153005377,"SPRR1B"
"1554","chr1",153012201,153013594,"SPRR2D"
"1555","chr1",153028596,153113969,"SPRR2A"
"1556","chr1",153042718,153044084,"SPRR2B"
"1557","chr1",153065611,153067001,"SPRR2E"
"1558","chr1",153084613,153085989,"SPRR2F"
"1559","chr1",153122058,153123427,"SPRR2G"
"1560","chr1",153175918,153177597,"LELP1"
"1561","chr1",153190059,153191794,"PRR9"
"1562","chr1",153232178,153234601,"LOR"
"1563","chr1",153270338,153283194,"PGLYRP3"
"1564","chr1",153302597,153321022,"PGLYRP4"
"1565","chr1",153330329,153333504,"S100A9"
"1566","chr1",153346184,153348075,"S100A12"
"1567","chr1",153362508,153363664,"S100A8"
"1568","chr1",153388999,153395702,"S100A7A"
"1569","chr1",153409471,153412503,"S100A7L2"
"1570","chr1",153430220,153433137,"S100A7"
"1571","chr1",153507076,153508717,"S100A6"
"1572","chr1",153509623,153514241,"S100A5"
"1573","chr1",153518229,153524246,"AK307246"
"1574","chr1",153516095,153518282,"S100A4"
"1575","chr1",153519809,153521734,"S100A3"
"1576","chr1",153533585,153538306,"S100A2"
"1577","chr1",153579367,153585514,"S100A16"
"1578","chr1",153586732,153588808,"S100A14"
"1579","chr1",153591276,153606568,"S100A13"
"1580","chr1",153600872,153604514,"S100A1"
"1581","chr1",153606457,153618783,"CHTOP"
"1582","chr1",153615953,153618778,"DKFZp564E1082"
"1583","chr1",153631144,153634327,"SNAPIN"
"1584","chr1",153634514,153643479,"ILF2"
"1585","chr1",153651163,153666469,"NPR1"
"1586","chr1",153700548,153746556,"INTS3"
"1587","chr1",153747767,153752634,"SLC27A3"
"1589","chr1",153901977,153919154,"DENND4B"
"1590","chr1",153920148,153931132,"CRTC2"
"1591","chr1",153931588,153940188,"SLC39A1"
"1592","chr1",153940378,153946833,"CREB3L4"
"1593","chr1",153946745,153950451,"JTB"
"1594","chr1",153954128,153958806,"RAB13"
"1595","chr1",153963238,153964632,"RPS27"
"1597","chr1",154127780,154164609,"TPM3"
"1598","chr1",154166141,154166219,"MIR190B"
"1599","chr1",154171848,154178809,"C1orf189"
"1600","chr1",154192654,154243987,"UBAP2L"
"1601","chr1",154179183,154193273,"C1orf43"
"1602","chr1",154245038,154248356,"HAX1"
"1603","chr1",154293591,154297802,"AQP10"
"1604","chr1",154298035,154323781,"ATP8B2"
"1605","chr1",154377668,154441927,"IL6R"
"1606","chr1",154451954,154474526,"SHE"
"1607","chr1",154474694,154520624,"TDRD10"
"1608","chr1",154521051,154531120,"UBE2Q1"
"1609","chr1",154540256,154552354,"CHRNB2"
"1610","chr1",154554534,154600456,"ADAR"
"1612","chr1",154897208,154909484,"PMVK"
"1613","chr1",154916559,154928567,"PBXIP1"
"1614","chr1",154929502,154934258,"PYGO2"
"1615","chr1",154934774,154946959,"SHC1"
"1616","chr1",154947117,154951726,"CKS1B"
"1617","chr1",154948168,154948260,"MIR4258"
"1618","chr1",154955769,154965588,"FLAD1"
"1619","chr1",154966061,154966792,"LENEP"
"1620","chr1",154975105,154991002,"ZBTB7B"
"1621","chr1",154991003,155006257,"DCST2"
"1622","chr1",155006281,155023407,"DCST1"
"1623","chr1",155023421,155035253,"ADAM15"
"1624","chr1",155017668,155036467,"LOC100505666"
"1625","chr1",155036212,155042030,"EFNA4"
"1626","chr1",155051347,155060015,"EFNA3"
"1627","chr1",155100348,155107387,"EFNA1"
"1628","chr1",155105263,155106132,"AK308965"
"1629","chr1",155108287,155111335,"SLC50A1"
"1630","chr1",155112367,155112996,"DPM3"
"1631","chr1",155145420,155157446,"TRIM46"
"1632","chr1",155141884,155145804,"KRTCAP2"
"1633","chr1",155155666,155157428,"AX746485"
"1634","chr1",155158300,155162706,"MUC1"
"1635","chr1",155161986,155162008,"DM075093"
"1636","chr1",155164967,155165064,"MIR92B"
"1637","chr1",155165379,155178969,"THBS3"
"1638","chr1",155178489,155183625,"MTX1"
"1639","chr1",155183616,155208441,"GBAP1"
"1640","chr1",155203712,155204237,"DQ786325"
"1641","chr1",155204239,155214653,"GBA"
"1642","chr1",155216996,155225274,"FAM189B"
"1643","chr1",155225770,155232176,"SCAMP3"
"1644","chr1",155232659,155247501,"CLK2"
"1645","chr1",155247373,155259639,"HCN3"
"1646","chr1",155259084,155271225,"PKLR"
"1647","chr1",155278538,155290458,"FDPS"
"1648","chr1",155290639,155300910,"RUSC1"
"1649","chr1",155286654,155291335,"C1orf104"
"1650","chr1",155290251,155293938,"RUSC1-AS1"
"1651","chr1",155316141,155316236,"MIR555"
"1652","chr1",155402970,155404054,"POU5F1P4"
"1653","chr1",155531771,155533736,"LOC645676"
"1656","chr1",155596546,155618335,"BC041646"
"1658","chr1",155658881,155708801,"DAP3"
"1660","chr1",155829259,155854991,"SYT11"
"1661","chr1",155867601,155881177,"RIT1"
"1662","chr1",155889700,155889833,"SNORA42"
"1663","chr1",155895749,155895877,"SCARNA4"
"1664","chr1",155882836,155904188,"KIAA0907"
"1665","chr1",155911479,155912626,"RXFP4"
"1666","chr1",155916630,155959864,"ARHGEF2"
"1667","chr1",155978839,155990758,"SSR2"
"1668","chr1",156005092,156023516,"UBQLN4"
"1669","chr1",156024516,156028606,"LAMTOR2"
"1670","chr1",156030965,156040296,"RAB25"
"1671","chr1",156041804,156051789,"MEX3A"
"1672","chr1",156052368,156109879,"LMNA"
"1673","chr1",156119734,156147543,"SEMA4A"
"1674","chr1",156163729,156182588,"SLC25A44"
"1675","chr1",156182778,156209869,"PMF1"
"1676","chr1",156213207,156217843,"PAQR6"
"1677","chr1",156219015,156252620,"SMG5"
"1678","chr1",156252703,156262235,"TMEM79"
"1679","chr1",156259882,156262810,"AF086351"
"1680","chr1",156262484,156265449,"C1orf85"
"1681","chr1",156268415,156269428,"VHLL"
"1682","chr1",156307104,156316786,"C1orf182"
"1683","chr1",156278752,156308206,"CCT3"
"1684","chr1",156339002,156355012,"RHBG"
"1685","chr1",156374049,156377645,"BC016978"
"1686","chr1",156390133,156390221,"MIR9-1"
"1687","chr1",156374055,156400493,"C1orf61"
"1688","chr1",156433519,156470529,"MEF2D"
"1689","chr1",156495197,156542396,"IQGAP3"
"1690","chr1",156549518,156556563,"TTC24"
"1691","chr1",156561557,156566602,"APOA1BP"
"1692","chr1",156564100,156571279,"GPATCH4"
"1693","chr1",156589085,156595518,"HAPLN2"
"1694","chr1",156611739,156629325,"BCAN"
"1695","chr1",156611457,156613427,"BC005081"
"1696","chr1",156638555,156647189,"NES"
"1697","chr1",156669400,156675608,"CRABP2"
"1698","chr1",156692413,156698211,"ISG20L2"
"1699","chr1",156698262,156706753,"RRNAD1"
"1700","chr1",156707094,156710923,"MRPL24"
"1701","chr1",156711899,156736717,"HDGF"
"1702","chr1",156737273,156770610,"PRCC"
"1703","chr1",156785541,156851643,"NTRK1"
"1704","chr1",156776035,156786640,"SH2D2A"
"1705","chr1",156810665,156828712,"INSRR"
"1706","chr1",156863522,156886227,"PEAR1"
"1707","chr1",156890423,156902881,"LRRC71"
"1708","chr1",156905923,156906036,"MIR765"
"1710","chr1",157061835,157069600,"ETV3L"
"1711","chr1",157098153,157098464,"CYCSP52"
"1712","chr1",157094459,157108383,"ETV3"
"1713","chr1",157483167,157522310,"FCRL5"
"1714","chr1",157543539,157567870,"FCRL4"
"1715","chr1",157646271,157670775,"FCRL3"
"1716","chr1",157715523,157746922,"FCRL2"
"1717","chr1",157764194,157789940,"FCRL1"
"1718","chr1",157800704,157811634,"CD5L"
"1719","chr1",157895763,157918862,"AK057438"
"1721","chr1",158066315,158069837,"hCG_1995134"
"1722","chr1",158101834,158110430,"LOC646268"
"1723","chr1",158149736,158156217,"CD1D"
"1724","chr1",158169171,158173667,"AK097921"
"1725","chr1",158223926,158228059,"CD1A"
"1726","chr1",158259562,158264565,"CD1C"
"1727","chr1",158297740,158301321,"CD1B"
"1728","chr1",158323253,158327344,"CD1E"
"1729","chr1",158368312,158369256,"OR10T2"
"1730","chr1",158389718,158390656,"OR10K2"
"1731","chr1",158435351,158436294,"OR10K1"
"1732","chr1",158449667,158450676,"OR10R2"
"1733","chr1",158444245,158464676,"AK057554"
"1734","chr1",158516918,158517895,"OR6Y1"
"1735","chr1",158532441,158533394,"OR6P1"
"1736","chr1",158548709,158549689,"OR10X1"
"1737","chr1",158576228,158577171,"OR10Z1"
"1738","chr1",158580496,158656506,"SPTA1"
"1739","chr1",158669468,158670442,"OR6K2"
"1740","chr1",158686958,158687905,"OR6K3"
"1741","chr1",158724605,158725638,"OR6K6"
"1742","chr1",158735534,158736472,"OR6N1"
"1743","chr1",158746472,158747425,"OR6N2"
"1744","chr1",158801167,158819271,"MNDA"
"1745","chr1",158901336,158946850,"PYHIN1"
"1746","chr1",158969757,159024946,"IFI16"
"1747","chr1",159032275,159046647,"AIM2"
"1748","chr1",159141376,159172933,"CADM3"
"1749","chr1",159165775,159172212,"LOC100131825"
"1750","chr1",159173802,159176291,"DARC"
"1751","chr1",159259505,159278015,"FCER1A"
"1752","chr1",159283460,159284449,"OR10J3"
"1753","chr1",159409511,159410601,"OR10J1"
"1755","chr1",159504868,159505797,"OR10J5"
"1756","chr1",159557615,159558662,"APCS"
"1757","chr1",159682079,159684379,"CRP"
"1758","chr1",159750758,159752334,"DUSP23"
"1759","chr1",159770300,159786048,"FCRL6"
"1760","chr1",159796478,159807283,"SLAMF8"
"1761","chr1",159804264,159825137,"C1orf204"
"1762","chr1",159824106,159832447,"VSIG8"
"1763","chr1",159842154,159869906,"CCDC19"
"1764","chr1",159887903,159895284,"TAGLN2"
"1765","chr1",159896829,159915386,"IGSF9"
"1766","chr1",159921282,159924044,"SLAMF9"
"1767","chr1",159931013,159948877,"LOC100505633"
"1768","chr1",159997462,160001783,"PIGM"
"1769","chr1",160007257,160040051,"KCNJ10"
"1770","chr1",160051359,160059213,"KCNJ9"
"1771","chr1",160061129,160068618,"IGSF8"
"1772","chr1",160085519,160113375,"ATP1A2"
"1773","chr1",160121351,160156768,"ATP1A4"
"1774","chr1",160160284,160171677,"CASQ1"
"1775","chr1",160175124,160185163,"PEA15"
"1776","chr1",160171989,160178659,"AK093299"
"1777","chr1",160185505,160254941,"DCAF8"
"1778","chr1",160287054,160288261,"SUMO1P3"
"1779","chr1",160313062,160328743,"NCSTN"
"1780","chr1",160258377,160313354,"COPA"
"1781","chr1",160336860,160342639,"NHLH1"
"1782","chr1",160370230,160398469,"VANGL2"
"1783","chr1",160454820,160493052,"SLAMF6"
"1784","chr1",160510884,160549306,"CD84"
"1785","chr1",160579891,160617081,"SLAMF1"
"1786","chr1",160648536,160681585,"CD48"
"1787","chr1",160709076,160724602,"SLAMF7"
"1788","chr1",160765927,160798046,"LY9"
"1789","chr1",160799950,160832692,"CD244"
"1790","chr1",160846330,160854960,"ITLN1"
"1791","chr1",160914816,160924589,"ITLN2"
"1792","chr1",160965001,161008774,"F11R"
"1793","chr1",161009041,161015757,"USF1"
"1794","chr1",161016732,161039760,"ARHGAP30"
"1795","chr1",161040781,161059385,"PVRL4"
"1796","chr1",161068150,161070139,"KLHDC9"
"1797","chr1",161087861,161095236,"NIT1"
"1798","chr1",161070346,161087866,"PFDN2"
"1799","chr1",161090769,161102478,"DEDD"
"1800","chr1",161123533,161128647,"UFC1"
"1801","chr1",161129253,161135517,"USP21"
"1802","chr1",161136180,161147802,"PPOX"
"1803","chr1",161141100,161147758,"B4GALT3"
"1804","chr1",161159538,161168845,"ADAMTS4"
"1805","chr1",161169104,161184185,"NDUFS2"
"1806","chr1",161185086,161189039,"FCER1G"
"1807","chr1",161192083,161193418,"APOA2"
"1808","chr1",161195832,161213090,"TOMM40L"
"1809","chr1",161199456,161208000,"NR1I3"
"1810","chr1",161228516,161255241,"PCP4L1"
"1811","chr1",161274525,161279762,"MPZ"
"1812","chr1",161284165,161334536,"SDHC"
"1813","chr1",161334521,161337664,"C1orf192"
"1814","chr1",161475204,161489361,"FCGR2A"
"1815","chr1",161494035,161496688,"HSPA6"
"1816","chr1",161511551,161520413,"FCGR3A"
"1817","chr1",161551128,161570033,"FCGR2C"
"1818","chr1",161575848,161578342,"HSPA7"
"1819","chr1",161592988,161601753,"FCGR3B"
"1820","chr1",161632904,161648445,"FCGR2B"
"1821","chr1",161653495,161655042,"RPL31P11"
"1822","chr1",161676761,161684143,"FCRLA"
"1823","chr1",161691333,161697934,"FCRLB"
"1824","chr1",161719580,161726953,"DUSP12"
"1826","chr1",161952982,161993644,"OLFML2B"
"1828","chr1",162126896,162126973,"MIR4654"
"1829","chr1",162312335,162312431,"MIR556"
"1830","chr1",162343515,162346644,"C1orf111"
"1831","chr1",162348695,162356609,"C1orf226"
"1832","chr1",162365056,162381928,"SH2D1B"
"1833","chr1",162466963,162499420,"UHMK1"
"1834","chr1",162531295,162569634,"UAP1"
"1836","chr1",162751900,162756363,"AF268386"
"1837","chr1",162760495,162782609,"HSD17B7"
"1838","chr1",162794248,162838605,"C1orf110"
"1839","chr1",163038395,163046593,"RGS4"
"1841","chr1",163291722,163325554,"NUF2"
"1843","chr1",164595272,164651721,"AX748175"
"1844","chr1",164738353,164743878,"LOC100505795"
"1846","chr1",165370159,165414592,"RXRG"
"1848","chr1",165513477,165533186,"LRRC52"
"1849","chr1",165600109,165625373,"MGST3"
"1850","chr1",165631449,165667900,"ALDH9A1"
"1851","chr1",165667986,165679200,"LOC440700"
"1853","chr1",165738165,165744686,"BC071770"
"1854","chr1",165796731,165880856,"UCK2"
"1855","chr1",165877157,165877214,"MIR3658"
"1857","chr1",166123980,166124035,"MIR921"
"1858","chr1",166573152,166594474,"FMO9P"
"1859","chr1",166808723,166823710,"POGK"
"1860","chr1",166825749,166845654,"TADA1"
"1861","chr1",166882441,166944561,"ILDR2"
"1862","chr1",166944818,166991448,"MAEL"
"1863","chr1",167022082,167059868,"GPA33"
"1864","chr1",167064070,167098403,"DUSP27"
"1865","chr1",167144599,167165042,"RBSG4"
"1867","chr1",167399877,167487847,"CD247"
"1868","chr1",167510251,167523056,"CREG1"
"1869","chr1",167599473,167675487,"RCSD1"
"1870","chr1",167691186,167761157,"MPZL1"
"1872","chr1",167885913,167906307,"BRP44"
"1874","chr1",168048781,168049929,"AX746887"
"1875","chr1",168053997,168106821,"GPR161"
"1876","chr1",168148170,168171352,"TIPRL"
"1877","chr1",168195254,168212089,"SFT2D2"
"1878","chr1",168214819,168216668,"ANKRD36BP1"
"1879","chr1",168218461,168220379,"DQ576756"
"1880","chr1",168250277,168283665,"TBX19"
"1881","chr1",168344761,168344860,"MIR557"
"1882","chr1",168369427,168391894,"LOC100505918"
"1883","chr1",168510003,168513235,"XCL2"
"1884","chr1",168545710,168551316,"XCL1"
"1885","chr1",168664695,168698442,"DPT"
"1886","chr1",168756178,168762127,"MGC4473"
"1887","chr1",169075946,169101961,"ATP1B1"
"1889","chr1",169337193,169365781,"BLZF1"
"1890","chr1",169364114,169429907,"C1orf114"
"1891","chr1",169433149,169455208,"SLC19A2"
"1892","chr1",169481192,169555769,"F5"
"1893","chr1",169558088,169599377,"SELP"
"1895","chr1",169659806,169680843,"SELL"
"1896","chr1",169691781,169703220,"SELE"
"1897","chr1",169761673,169764031,"METTL18"
"1898","chr1",169821804,169863076,"SCYL3"
"1900","chr1",170115187,170136924,"METTL11B"
"1901","chr1",170120518,170120604,"MIR3119-2"
"1902","chr1",170120519,170120603,"MIR3119-1"
"1903","chr1",170240546,170253349,"LOC284688"
"1904","chr1",170429594,170489887,"AK096329"
"1905","chr1",170501262,170522975,"GORAB"
"1906","chr1",170633312,170708542,"PRRX1"
"1908","chr1",171060017,171086960,"FMO3"
"1909","chr1",171070869,171070947,"MIR1295A"
"1910","chr1",171106878,171130703,"FMO6P"
"1911","chr1",171154387,171181823,"FMO2"
"1912","chr1",171217632,171255114,"FMO1"
"1913","chr1",171283485,171311224,"FMO4"
"1914","chr1",171308034,171310464,"TOP1P1"
"1916","chr1",171604557,171621823,"MYOC"
"1917","chr1",171669296,171711379,"VAMP4"
"1918","chr1",171750760,171766857,"METTL13"
"1919","chr1",171763732,171766853,"AK094818"
"1921","chr1",172107947,172108029,"MIR3120"
"1922","chr1",172107724,172113975,"DNM3OS"
"1923","chr1",172389827,172437970,"C1orf105"
"1924","chr1",172362274,172413230,"PIGC"
"1925","chr1",172502259,172580974,"C1orf9"
"1926","chr1",172628184,172636013,"FASLG"
"1927","chr1",173010360,173020103,"TNFSF18"
"1928","chr1",173152870,173176471,"TNFSF4"
"1929","chr1",173387088,173430501,"BC136808"
"1931","chr1",173446485,173457947,"PRDX6"
"1933","chr1",173604660,173606273,"LOC730159"
"1934","chr1",173577475,173639001,"ANKRD45"
"1935","chr1",173684079,173755841,"KLHL20"
"1936","chr1",173768688,173793777,"CENPL"
"1937","chr1",173793796,173827683,"DARS2"
"1938","chr1",173832385,173833080,"LOC100506046"
"1939","chr1",173833507,173833583,"SNORD47"
"1940","chr1",173833971,173834041,"SNORD80"
"1941","chr1",173834488,173834568,"SNORD79"
"1942","chr1",173835106,173835166,"SNORD44"
"1943","chr1",173835773,173835853,"SNORD76"
"1944","chr1",173833039,173837125,"GAS5"
"1945","chr1",173837219,173855775,"ZBTB37"
"1946","chr1",173867684,173867713,"DQ593451"
"1947","chr1",173872942,173886516,"SERPINC1"
"1948","chr1",173900352,173962210,"RC3H1"
"1950","chr1",174417211,174418684,"GPR52"
"1951","chr1",174968570,174981164,"CACYBP"
"1952","chr1",174982094,174992591,"MRPS14"
"1953","chr1",175036993,175117203,"TNN"
"1954","chr1",175126123,175162229,"KIAA0040"
"1956","chr1",175526123,175533006,"AK093214"
"1957","chr1",175937533,175937676,"SCARNA3"
"1960","chr1",176811712,176814734,"AK096718"
"1961","chr1",176998499,176998581,"MIR488"
"1965","chr1",178060643,178063128,"LOC100302401"
"1967","chr1",178482211,178517735,"C1orf49"
"1968","chr1",178511930,178518025,"C1orf220"
"1969","chr1",178646883,178646970,"MIR4424"
"1971","chr1",178818670,178840215,"ANGPTL1"
"1972","chr1",178995073,179045703,"FAM20B"
"1973","chr1",179051111,179065130,"TOR3A"
"1975","chr1",179262848,179327815,"SOAT1"
"1977","chr1",179519674,179545084,"NPHS2"
"1978","chr1",179556207,179556240,"DQ592690"
"1979","chr1",179556493,179556554,"DQ571986"
"1980","chr1",179556690,179556738,"DQ600552"
"1981","chr1",179556806,179556836,"DQ595741"
"1982","chr1",179556861,179556891,"DQ601755"
"1983","chr1",179557008,179557111,"DQ592269"
"1984","chr1",179557497,179557540,"DQ578106"
"1985","chr1",179557563,179557602,"DQ576856"
"1986","chr1",179557657,179557734,"DQ590691"
"1987","chr1",179557815,179557850,"DQ576653"
"1988","chr1",179558163,179558192,"DQ599950"
"1989","chr1",179558665,179558701,"DQ594459"
"1990","chr1",179558712,179558760,"DQ591798"
"1991","chr1",179558973,179559006,"DQ578586"
"1992","chr1",179560747,179660408,"TDRD5"
"1993","chr1",179696914,179785334,"FAM163A"
"1994","chr1",179809102,179846941,"TOR1AIP2"
"1995","chr1",179851419,179889212,"TOR1AIP1"
"1997","chr1",180123967,180167170,"QSOX1"
"1998","chr1",180150089,180151750,"AX747393"
"1999","chr1",180167143,180169860,"FLJ23867"
"2000","chr1",180199432,180244189,"LHX4"
"2001","chr1",180238798,180243816,"LOC100527964"
"2002","chr1",180407449,180407525,"MIR3121"
"2004","chr1",180528109,180535655,"BC036830"
"2006","chr1",180882312,180919923,"KIAA1614"
"2007","chr1",180913175,180945618,"AK056657"
"2008","chr1",180942176,180992046,"STX6"
"2009","chr1",181002560,181031075,"MR1"
"2010","chr1",181057637,181059980,"IER5"
"2011","chr1",181143619,181151343,"BC039493"
"2012","chr1",181382578,181382717,"AF387615"
"2014","chr1",182023705,182030847,"ZNF648"
"2015","chr1",182350839,182361341,"GLUL"
"2016","chr1",182360855,182360875,"JA429801"
"2017","chr1",182360901,182360923,"JA429802"
"2018","chr1",182367252,182369751,"TEDDM1"
"2019","chr1",182376755,182383949,"LINC00272"
"2021","chr1",182542769,182558394,"RNASEL"
"2022","chr1",182567758,182573548,"RGS16"
"2023","chr1",182584274,182585765,"LOC284648"
"2024","chr1",182615792,182642067,"RGS8"
"2025","chr1",182758583,182799520,"NPL"
"2026","chr1",182808438,182857118,"DHX9"
"2027","chr1",182869000,182922553,"SHCBP1L"
"2029","chr1",183155173,183214263,"LAMC2"
"2031","chr1",183430011,183441117,"DKFZP564C196"
"2032","chr1",183441505,183523329,"SMG7"
"2033","chr1",183524697,183560056,"NCF2"
"2034","chr1",183595332,183604985,"ARPC5"
"2036","chr1",183615411,183622448,"APOBEC4"
"2038","chr1",184020810,184043345,"TSEN15"
"2040","chr1",184659625,184724041,"EDEM3"
"2041","chr1",184727265,184730134,"AX747662"
"2043","chr1",185014550,185071741,"RNF2"
"2044","chr1",185087218,185126230,"TRMT1L"
"2047","chr1",185265522,185286461,"IVNS1ABP"
"2048","chr1",185292979,185304171,"LOC100288079"
"2049","chr1",185576316,185591914,"AF508907"
"2050","chr1",185527512,185597620,"AF508906"
"2052","chr1",186265404,186283689,"PRG4"
"2053","chr1",186280786,186344864,"TPR"
"2054","chr1",186344889,186390504,"C1orf27"
"2055","chr1",186369703,186370588,"OCLM"
"2056","chr1",186412698,186430239,"PDC"
"2058","chr1",186640944,186649559,"PTGS2"
"2060","chr1",187610357,187612989,"C1orf99"
"2062","chr1",190447389,190450525,"CR936711"
"2064","chr1",192127591,192154946,"RGS18"
"2065","chr1",192286121,192336415,"RGS21"
"2066","chr1",192544856,192549160,"RGS1"
"2067","chr1",192605267,192629441,"RGS13"
"2068","chr1",192778168,192781408,"RGS2"
"2069","chr1",192981496,193029237,"UCHL5"
"2070","chr1",193028551,193060907,"TROVE2"
"2071","chr1",193057300,193060905,"AK022030"
"2072","chr1",193065595,193075244,"GLRX2"
"2074","chr1",193105632,193105714,"MIR1278"
"2075","chr1",193147860,193155743,"B3GALT2"
"2077","chr1",196551543,196551611,"MIR4735"
"2078","chr1",196621007,196716635,"CFH"
"2080","chr1",196743929,196763204,"CFHR3"
"2081","chr1",196748291,196801320,"CFHR1"
"2082","chr1",196912933,196928357,"CFHR2"
"2083","chr1",196946666,196978804,"CFHR5"
"2084","chr1",197008321,197036397,"F13B"
"2085","chr1",197053257,197115824,"ASPM"
"2086","chr1",197122814,197169672,"ZBTB41"
"2089","chr1",197871681,197876498,"C1orf53"
"2090","chr1",197881634,197901716,"LHX9"
"2092","chr1",198492352,198510075,"ATP6V1G3"
"2094","chr1",198828002,198828111,"MIR181B1"
"2095","chr1",198828173,198828282,"MIR181A1"
"2097","chr1",198975169,198990166,"BC040869"
"2099","chr1",200182655,200183644,"FAM58BP"
"2100","chr1",200311672,200342920,"C1orf98"
"2101","chr1",200375420,200379166,"ZNF281"
"2102","chr1",200380927,200444642,"EU250746"
"2103","chr1",200520625,200589862,"KIF14"
"2104","chr1",200610119,200639126,"DDX59"
"2106","chr1",200842165,200843252,"GPR25"
"2107","chr1",200860626,200884865,"C1orf106"
"2108","chr1",200898071,200935797,"C1orf81"
"2109","chr1",200938514,200992828,"KIF21B"
"2110","chr1",200993076,200997921,"BC016656"
"2111","chr1",201008640,201081694,"CACNA1S"
"2112","chr1",201103900,201140702,"TMEM9"
"2113","chr1",201159952,201198081,"IGFN1"
"2114","chr1",201252579,201302122,"PKP1"
"2115","chr1",201328142,201346805,"TNNT2"
"2116","chr1",201332424,201333316,"AK055533"
"2117","chr1",201349966,201368669,"LAD1"
"2118","chr1",201372895,201398994,"TNNI1"
"2119","chr1",201434622,201438299,"PHLDA3"
"2120","chr1",201452658,201476387,"CSRP1"
"2121","chr1",201489031,201489721,"RPS10P7"
"2122","chr1",201604355,201606516,"AX747377"
"2124","chr1",201777738,201777831,"MIR1231"
"2125","chr1",201798287,201853423,"IPO9"
"2126","chr1",201857796,201861716,"SHISA4"
"2127","chr1",201865584,201915716,"LMOD1"
"2128","chr1",201924618,201939790,"TIMM17A"
"2129","chr1",201951765,201975276,"RNPEP"
"2130","chr1",201977072,201986316,"ELF3"
"2131","chr1",202092028,202098635,"GPR37L1"
"2132","chr1",202101977,202113866,"ARL8A"
"2133","chr1",202116141,202130716,"PTPN7"
"2134","chr1",202137178,202158578,"PTPRVP"
"2136","chr1",202300785,202311094,"UBE2T"
"2139","chr1",202696532,202777549,"KDM5B"
"2140","chr1",202789393,202796342,"LOC641515"
"2141","chr1",202819224,202830736,"BC040684"
"2142","chr1",202830881,202844370,"LOC148709"
"2143","chr1",202847410,202858385,"RABIF"
"2144","chr1",202860230,202897727,"KLHL12"
"2145","chr1",202909961,202927700,"ADIPOR1"
"2146","chr1",202931001,202936404,"CYB5R1"
"2147","chr1",202955580,202976393,"LOC401980"
"2148","chr1",202976533,202985384,"TMEM183A"
"2149","chr1",203003611,203047865,"PPFIA4"
"2150","chr1",203052257,203055377,"MYOG"
"2151","chr1",203096835,203136534,"ADORA1"
"2152","chr1",203136939,203144942,"MYBPH"
"2153","chr1",203148064,203148611,"BC034684"
"2154","chr1",203148059,203155922,"CHI3L1"
"2155","chr1",203181959,203241937,"CHIT1"
"2156","chr1",203267886,203274453,"LOC730227"
"2157","chr1",203274663,203278730,"BTG2"
"2158","chr1",203309752,203320289,"FMOD"
"2159","chr1",203444882,203460480,"PRELP"
"2160","chr1",203463270,203478078,"OPTC"
"2162","chr1",203696679,203696785,"U42379"
"2163","chr1",203698708,203698834,"SNORA77"
"2164","chr1",203734283,203745481,"LAX1"
"2165","chr1",203764750,203823257,"ZC3H11A"
"2166","chr1",203766650,203769591,"ZBED6"
"2167","chr1",203830726,203840281,"SNRPE"
"2168","chr1",204001575,204010392,"LINC00303"
"2169","chr1",204042245,204096872,"SOX13"
"2170","chr1",204110535,204112138,"BC038769"
"2171","chr1",204100190,204121307,"ETNK2"
"2172","chr1",204123944,204135465,"REN"
"2173","chr1",204159469,204165619,"KISS1"
"2174","chr1",204167288,204183220,"GOLT1A"
"2175","chr1",204187979,204189513,"AX747554"
"2177","chr1",204337558,204338847,"LOC127841"
"2178","chr1",204372492,204380944,"PPP1R15B"
"2179","chr1",204391758,204463852,"PIK3C2B"
"2181","chr1",204586303,204654597,"LRRN2"
"2183","chr1",204989427,204991950,"AX746920"
"2184","chr1",205012064,205047172,"CNTN2"
"2185","chr1",205052257,205053588,"TMEM81"
"2186","chr1",205055270,205091150,"RBBP5"
"2187","chr1",205111631,205180727,"DSTYK"
"2188","chr1",205197037,205242472,"TMCC2"
"2189","chr1",205271191,205290883,"NUAK2"
"2190","chr1",205305648,205326166,"KLHDC8A"
"2191","chr1",205342379,205356569,"LOC284576"
"2192","chr1",205350506,205391214,"LEMD1"
"2193","chr1",205417430,205417526,"MIR135B"
"2194","chr1",205425185,205438153,"AK095633"
"2195","chr1",205473683,205501922,"CDK18"
"2196","chr1",205523401,205525763,"LOC284578"
"2197","chr1",205538111,205572047,"MFSD4"
"2198","chr1",205566695,205602000,"ELK4"
"2199","chr1",205592804,205649630,"SLC45A3"
"2200","chr1",205681947,205719372,"NUCKS1"
"2201","chr1",205737114,205744610,"RAB7L1"
"2202","chr1",205758221,205782161,"SLC41A1"
"2203","chr1",205765005,205765744,"AX748016"
"2204","chr1",205797150,205819276,"PM20D1"
"2205","chr1",205831206,205865216,"AK055746"
"2206","chr1",205882177,205912588,"SLC26A9"
"2207","chr1",206138910,206155075,"FAM72A"
"2208","chr1",206224282,206231483,"AVPR1B"
"2209","chr1",206238872,206288647,"C1orf186"
"2210","chr1",206317458,206332105,"CTSE"
"2211","chr1",206643585,206670224,"IKBKE"
"2212","chr1",206680878,206762617,"RASSF5"
"2213","chr1",206764974,206785904,"EIF2D"
"2214","chr1",206808880,206857761,"DYRK3"
"2215","chr1",206858364,206907631,"MAPKAPK2"
"2216","chr1",206940948,206946034,"IL10"
"2217","chr1",206972214,207016327,"IL19"
"2218","chr1",207039153,207042569,"IL20"
"2219","chr1",207070787,207077485,"IL24"
"2220","chr1",207076631,207095378,"FAIM3"
"2221","chr1",207101867,207119811,"PIGR"
"2222","chr1",207131312,207143970,"FCAMR"
"2223","chr1",207191866,207206101,"C1orf116"
"2224","chr1",207207760,207254369,"PFKFB2"
"2225","chr1",207217194,207226325,"YOD1"
"2226","chr1",207262211,207273338,"C4BPB"
"2227","chr1",207277510,207277618,"AX229788"
"2228","chr1",207277606,207318318,"C4BPA"
"2229","chr1",207494816,207534312,"CD55"
"2230","chr1",207627644,207663241,"CR2"
"2232","chr1",207818457,207898054,"CR1L"
"2233","chr1",207925382,207968862,"CD46"
"2234","chr1",207975197,207975868,"MIR29C"
"2235","chr1",207991723,207995942,"LOC148696"
"2236","chr1",207974867,207996048,"mir-29b-2"
"2237","chr1",208039466,208042417,"AK123177"
"2238","chr1",208059883,208084683,"CD34"
"2240","chr1",209602167,209605893,"MIR205HG"
"2241","chr1",209605477,209605588,"MIR205"
"2242","chr1",209757044,209787285,"CAMK1G"
"2243","chr1",209796789,209796855,"MIR4260"
"2244","chr1",209788218,209825820,"LAMB3"
"2245","chr1",209848669,209849736,"G0S2"
"2246","chr1",209859524,209908296,"HSD11B1"
"2247","chr1",209929393,209955669,"TRAF3IP3"
"2248","chr1",209955662,209957890,"C1orf74"
"2249","chr1",209958968,209979520,"IRF6"
"2250","chr1",210001311,210030911,"DIEXF"
"2252","chr1",210406194,210416441,"SERTAD4"
"2253","chr1",210404804,210407466,"C1orf133"
"2256","chr1",211432707,211489726,"RCOR3"
"2257","chr1",211499956,211548287,"TRAF5"
"2258","chr1",211556096,211605878,"LINC00467"
"2259","chr1",211649864,211666259,"RD3"
"2260","chr1",211748381,211752099,"SLC30A1"
"2261","chr1",211831599,211848972,"NEK2"
"2262","chr1",211916799,212004114,"LPGAT1"
"2263","chr1",212208918,212278188,"DTL"
"2264","chr1",212113741,212209002,"INTS7"
"2265","chr1",212250954,212251028,"MIR3122"
"2266","chr1",212317864,212318302,"BC010168"
"2267","chr1",212458878,212535206,"PPP2R5A"
"2268","chr1",212526159,212526293,"SNORA16B"
"2269","chr1",212537816,212588267,"TMEM206"
"2270","chr1",212606228,212619722,"NENF"
"2271","chr1",212738675,212794120,"ATF3"
"2272","chr1",212797788,212800121,"FAM71A"
"2273","chr1",212859759,212873327,"BATF3"
"2274","chr1",212899495,212965139,"NSL1"
"2275","chr1",212965169,212990168,"TATDN3"
"2276","chr1",213003485,213020991,"C1orf227"
"2277","chr1",213029946,213031480,"FLVCR1-AS1"
"2278","chr1",213031596,213072706,"FLVCR1"
"2279","chr1",213123886,213164928,"VASH2"
"2280","chr1",213165524,213189168,"ANGEL2"
"2283","chr1",214161285,214209763,"PROX1"
"2284","chr1",214454564,214510478,"SMYD2"
"2286","chr1",214655882,214656819,"BC171896"
"2287","chr1",214776531,214837915,"CENPF"
"2289","chr1",215740734,215795150,"KCTD3"
"2294","chr1",218458628,218511326,"RRP15"
"2295","chr1",218518675,218617962,"TGFB2"
"2296","chr1",219254317,219347130,"LOC643723"
"2297","chr1",219347191,219386208,"LYPLAL1"
"2300","chr1",220141942,220220000,"EPRS"
"2301","chr1",220230824,220263191,"BPNT1"
"2302","chr1",220267454,220321384,"IARS2"
"2303","chr1",220291195,220291304,"MIR215"
"2304","chr1",220291499,220291583,"MIR194-1"
"2305","chr1",220373884,220374018,"SNORA36B"
"2306","chr1",220439521,220441057,"AURKAPS1"
"2309","chr1",220863627,220872500,"C1orf115"
"2310","chr1",220921675,220957597,"MARC2"
"2311","chr1",220960038,220987742,"MARC1"
"2312","chr1",221002596,221005771,"BC045735"
"2313","chr1",221052742,221058401,"HLX"
"2314","chr1",221503270,221509638,"C1orf140"
"2315","chr1",221874764,221915516,"DUSP10"
"2316","chr1",222646723,222646767,"DQ573170"
"2318","chr1",222647752,222647786,"DQ584993"
"2319","chr1",222648537,222648596,"DQ575983"
"2320","chr1",222650320,222650381,"DQ600234"
"2321","chr1",222695602,222721444,"HHIPL2"
"2322","chr1",222731244,222763275,"TAF1A"
"2323","chr1",222791443,222841352,"MIA3"
"2324","chr1",222841355,222886526,"AIDA"
"2325","chr1",222885905,222906107,"BROX"
"2326","chr1",222906202,222908534,"AK025140"
"2327","chr1",222910557,222924003,"FAM177B"
"2328","chr1",222900276,222946483,"AK094916"
"2330","chr1",223282748,223316624,"TLR5"
"2332","chr1",223566714,223568813,"C1orf65"
"2334","chr1",223889294,223963721,"CAPN2"
"2335","chr1",223967595,224033674,"TP53BP2"
"2336","chr1",224051998,224052306,"HM358976"
"2337","chr1",224189608,224197819,"AK124970"
"2338","chr1",224301790,224349750,"FBXO28"
"2339","chr1",224370909,224381143,"DEGS1"
"2340","chr1",224444706,224444843,"MIR320B2"
"2342","chr1",224544594,224567144,"CNIH4"
"2343","chr1",224585929,224586013,"MIR4742"
"2344","chr1",224586542,224586601,"DL490795"
"2345","chr1",224605810,224606083,"AB586698"
"2346","chr1",224572845,224622001,"WDR26"
"2349","chr1",225589204,225616557,"LBR"
"2351","chr1",225888305,225939946,"AK124056"
"2352","chr1",225965514,225978169,"SRP9"
"2353","chr1",225997796,226033263,"EPHX1"
"2354","chr1",226033233,226070420,"TMEM63A"
"2355","chr1",226073982,226111965,"LEFTY1"
"2356","chr1",226107580,226110448,"PYCR2"
"2357","chr1",226124298,226129083,"LEFTY2"
"2358","chr1",226170403,226187066,"C1orf55"
"2359","chr1",226271655,226277995,"BC032899"
"2360","chr1",226332380,226374423,"ACBD3"
"2361","chr1",226411382,226413514,"MIXL1"
"2362","chr1",226418861,226497556,"LIN9"
"2363","chr1",226548392,226595801,"PARP1"
"2364","chr1",226723319,226730469,"AK055856"
"2365","chr1",226736500,226796916,"C1orf95"
"2367","chr1",227058272,227083805,"PSEN2"
"2368","chr1",227084588,227091366,"CABC1"
"2369","chr1",227127937,227175247,"ADCK3"
"2371","chr1",227581291,227618724,"BC039356"
"2373","chr1",227884733,227885408,"ZNF847P"
"2374","chr1",227916239,227922056,"LOC100130093"
"2375","chr1",227922696,227968933,"SNAP47"
"2376","chr1",227918890,227923112,"JMJD4"
"2377","chr1",228003417,228034172,"PRSS38"
"2378","chr1",228109165,228135676,"WNT9A"
"2379","chr1",228194722,228248973,"WNT3A"
"2380","chr1",228270360,228286914,"ARF1"
"2381","chr1",228284963,228285043,"MIR3620"
"2382","chr1",228288428,228291022,"C1orf35"
"2383","chr1",228294380,228297013,"MRPL55"
"2384","chr1",228327784,228336656,"GUK1"
"2385","chr1",228337414,228347528,"GJC2"
"2386","chr1",228353428,228369959,"IBA57"
"2388","chr1",228392176,228401365,"AK056556"
"2389","chr1",228581377,228594517,"TRIM11"
"2390","chr1",228595636,228604583,"TRIM17"
"2391","chr1",228612546,228613026,"HIST3H3"
"2392","chr1",228645065,228645560,"HIST3H2A"
"2393","chr1",228645807,228646260,"HIST3H2BB"
"2394","chr1",228649774,228649854,"MIR4666A"
"2395","chr1",228673889,228674821,"BC015435"
"2396","chr1",228675067,228683890,"RNF187"
"2397","chr1",228780393,228788160,"DUSP5P"
"2398","chr1",228870823,228882417,"RHOU"
"2399","chr1",229050380,229052954,"AX748369"
"2400","chr1",229406878,229440519,"RAB4A"
"2401","chr1",229440128,229441251,"SPHAR"
"2402","chr1",229456752,229478688,"C1orf96"
"2403","chr1",229566993,229569843,"ACTA1"
"2404","chr1",229589677,229591617,"AX747652"
"2405","chr1",229577044,229644088,"NUP133"
"2406","chr1",229652329,229694442,"ABCB10"
"2407","chr1",229728866,229761794,"TAF5L"
"2408","chr1",229761980,229795947,"URB2"
"2410","chr1",230457392,230513391,"PGBD5"
"2411","chr1",230778201,230829732,"COG2"
"2412","chr1",230838272,230850336,"AGT"
"2413","chr1",230883129,230937750,"CAPN9"
"2414","chr1",230972865,231005335,"C1orf198"
"2415","chr1",231010591,231014762,"BC032911"
"2416","chr1",231041987,231114618,"TTC13"
"2417","chr1",231114822,231136480,"ARV1"
"2418","chr1",231155574,231155670,"MIR1182"
"2419","chr1",231154704,231175995,"FAM89A"
"2420","chr1",231298673,231357315,"TRIM67"
"2421","chr1",231376918,231413720,"GNPAT"
"2422","chr1",231359509,231376924,"C1orf131"
"2423","chr1",231468482,231473578,"EXOC8"
"2424","chr1",231473681,231489990,"C1orf124"
"2425","chr1",231499497,231560790,"EGLN1"
"2426","chr1",231611510,231612271,"SNRPD2P2"
"2427","chr1",231664398,231702270,"TSNAX"
"2428","chr1",231727038,231747836,"LOC100287814"
"2430","chr1",231950372,231954263,"DISC2"
"2432","chr1",232940637,232946093,"KIAA1383"
"2433","chr1",233086369,233114220,"NTPCR"
"2435","chr1",233463513,233520895,"KIAA1804"
"2436","chr1",233749749,233808259,"KCNK1"
"2437","chr1",233759897,233759966,"MIR4427"
"2439","chr1",234348352,234350834,"AK054726"
"2440","chr1",234442212,234442286,"MIR4671"
"2441","chr1",234509213,234519796,"C1orf31"
"2442","chr1",234527059,234614849,"TARBP1"
"2443","chr1",234663637,234667525,"LOC100506795"
"2444","chr1",234740015,234745271,"IRF2BP2"
"2445","chr1",234765056,234770527,"LINC00184"
"2446","chr1",234782034,234796671,"BC032040"
"2447","chr1",234859788,234867391,"LOC100506810"
"2448","chr1",235093090,235099746,"BC016972"
"2449","chr1",235291118,235291252,"SNORA14B"
"2450","chr1",235272658,235292256,"TOMM20"
"2451","chr1",235294498,235324772,"RBM34"
"2452","chr1",235353349,235353431,"MIR4753"
"2454","chr1",235491752,235507845,"GGPS1"
"2455","chr1",235530727,235612281,"TBCE"
"2456","chr1",235610533,235667781,"B3GALNT2"
"2457","chr1",235712454,235714588,"AX747026"
"2460","chr1",236016300,236016360,"MIR1537"
"2461","chr1",236139132,236228481,"NID1"
"2462","chr1",236227659,236229780,"AX747246"
"2463","chr1",236305831,236372210,"GPR137B"
"2464","chr1",236378422,236445339,"ERO1LB"
"2465","chr1",236557679,236648009,"EDARADD"
"2466","chr1",236681513,236716280,"LGALS8"
"2467","chr1",236686369,236687808,"LGALS8-AS1"
"2468","chr1",236712305,236767841,"HEATR1"
"2469","chr1",236849769,236927559,"ACTN2"
"2471","chr1",237167403,237167718,"BC133032"
"2473","chr1",238025474,238091620,"LOC100130331"
"2474","chr1",238041164,238054222,"ZP4"
"2475","chr1",238643684,238649317,"LOC339535"
"2477","chr1",240170823,240176561,"RPS7P5"
"2481","chr1",241295571,241295647,"MIR3123"
"2482","chr1",241660857,241683085,"FH"
"2483","chr1",241695433,241758950,"KMO"
"2484","chr1",241792167,241799232,"CHML"
"2485","chr1",241756452,241803701,"OPN3"
"2487","chr1",242011492,242053242,"EXO1"
"2488","chr1",242158792,242162385,"MAP1LC3C"
"2490","chr1",243219616,243265046,"LOC731275"
"2493","chr1",243509477,243509558,"MIR4677"
"2496","chr1",244214560,244220779,"ZNF238"
"2497","chr1",244217097,244219194,"AK310634"
"2498","chr1",244515936,244552394,"C1orf100"
"2499","chr1",244571794,244615436,"ADSS"
"2501","chr1",244816351,244872335,"PPPDE1"
"2502","chr1",244866474,244869242,"AX747535"
"2503","chr1",244998638,245008360,"FAM36A"
"2504","chr1",245003940,245010243,"HNRNPU-AS1"
"2505","chr1",245013602,245027827,"HNRNPU"
"2509","chr1",246679341,246687589,"LOC255654"
"2510","chr1",246703863,246729565,"TFB2M"
"2512","chr1",246887377,246931441,"SCCPDH"
"2513","chr1",246939314,246955686,"LOC149134"
"2514","chr1",247002402,247094726,"AHCTF1"
"2515","chr1",247108849,247171395,"ZNF695"
"2517","chr1",247263264,247267674,"ZNF669"
"2518","chr1",247273462,247275719,"C1orf229"
"2519","chr1",247285277,247335318,"ZNF124"
"2520","chr1",247337904,247338870,"BC043220"
"2521","chr1",247365269,247365362,"MIR3916"
"2522","chr1",247419373,247420448,"VN1R5"
"2523","chr1",247463622,247495045,"ZNF496"
"2524","chr1",247579457,247612407,"NLRP3"
"2525","chr1",247614331,247615284,"OR2B11"
"2526","chr1",247654369,247655712,"OR2W5"
"2527","chr1",247670393,247739849,"C1orf150"
"2528","chr1",247681594,247683943,"AK130400"
"2529","chr1",247687981,247694106,"LOC148824"
"2530","chr1",247693434,247697141,"OR2C3"
"2531","chr1",247751661,247752616,"OR2G2"
"2532","chr1",247768887,247769818,"OR2G3"
"2533","chr1",247835420,247836343,"OR13G1"
"2534","chr1",247875131,247876057,"OR6F1"
"2535","chr1",247920764,247921708,"OR1C1"
"2536","chr1",247978102,247979031,"OR14A16"
"2537","chr1",248004230,248005198,"OR11L1"
"2538","chr1",248020500,248043439,"TRIM58"
"2539","chr1",248031264,248060143,"OR2W3"
"2540","chr1",248084319,248085259,"OR2T8"
"2542","chr1",248112159,248113099,"OR2L8"
"2543","chr1",248128633,248129642,"OR2AK2"
"2544","chr1",248153568,248154494,"OR2L1P"
"2545","chr1",248201473,248202608,"OR2L2"
"2546","chr1",248223983,248224923,"OR2L3"
"2547","chr1",248285437,248286083,"OR2M1P"
"2548","chr1",248308449,248309389,"OR2M5"
"2549","chr1",248343287,248344332,"OR2M2"
"2550","chr1",248366369,248367309,"OR2M3"
"2551","chr1",248402230,248403167,"OR2M4"
"2552","chr1",248436154,248437116,"OR2T33"
"2553","chr1",248457918,248458880,"OR2T12"
"2554","chr1",248486932,248487870,"OR2M7"
"2555","chr1",248512076,248513016,"OR14C36"
"2556","chr1",248524882,248525930,"OR2T4"
"2557","chr1",248550909,248551837,"OR2T6"
"2558","chr1",248569295,248570406,"OR2T1"
"2559","chr1",248616098,248617074,"OR2T2"
"2560","chr1",248636651,248637609,"OR2T3"
"2561","chr1",248651889,248652838,"OR2T5"
"2562","chr1",248684947,248685899,"OR2G6"
"2563","chr1",248721845,248722792,"OR2T29"
"2564","chr1",248737102,248738058,"OR2T34"
"2565","chr1",248756131,248757069,"OR2T10"
"2566","chr1",248789479,248790429,"OR2T11"
"2567","chr1",248801588,248802559,"OR2T35"
"2568","chr1",248813232,248814185,"OR2T27"
"2569","chr1",248844670,248845605,"OR14I1"
"2570","chr1",248902717,248903151,"LOC646627"
"2571","chr1",249104651,249120154,"SH3BP5L"
"2572","chr1",249120575,249120643,"MIR3124"
"2573","chr1",249132529,249143715,"ZNF672"
"2574","chr1",249144203,249153315,"ZNF692"
"2575","chr1",249200441,249213346,"PGBD2"
"2576","chr10",92828,95178,"TUBB8"
"2579","chr10",687612,687742,"DL489896"
"2580","chr10",695887,711110,"C10orf108"
"2581","chr10",855484,931702,"LARP4B"
"2582","chr10",988073,988584,"BC127786"
"2583","chr10",1034348,1063709,"GTPBP4"
"2584","chr10",1068576,1090142,"IDI2-AS1"
"2585","chr10",1064847,1071799,"IDI2"
"2586","chr10",1085964,1102644,"IDI1"
"2587","chr10",1094996,1096203,"BC046483"
"2588","chr10",1102343,1178238,"WDR37"
"2589","chr10",1136094,1138120,"AX748285"
"2590","chr10",1205707,1210613,"LINC00200"
"2592","chr10",1568824,1599180,"ADARB2-AS1"
"2593","chr10",2047667,2056542,"LOC282980"
"2594","chr10",2342513,2357268,"LOC399708"
"2595","chr10",3109711,3178998,"PFKP"
"2596","chr10",3183792,3190822,"LOC100507034"
"2597","chr10",3206389,3208568,"BC039685"
"2598","chr10",3179116,3215033,"PITRM1"
"2600","chr10",3818188,3827473,"KLF6"
"2601","chr10",4093917,4131206,"AK055803"
"2602","chr10",4426437,4452805,"AK095699"
"2603","chr10",4698347,4704607,"LOC338588"
"2604","chr10",4621443,4720262,"LOC100216001"
"2605","chr10",4868401,4890252,"AKR1E2"
"2606","chr10",4913859,4958465,"tAKR"
"2607","chr10",4934795,5020159,"AKR1C1"
"2608","chr10",5029968,5060225,"AKR1C2"
"2609","chr10",5090957,5149879,"AKR1C3"
"2610","chr10",5196655,5227150,"AKR1CL1"
"2611","chr10",5238797,5260911,"AKR1C4"
"2612","chr10",5406975,5416170,"UCN3"
"2613","chr10",5435061,5446793,"TUBAL3"
"2614","chr10",5454517,5500427,"NET1"
"2615","chr10",5540658,5541533,"CALML5"
"2616","chr10",5558893,5565140,"AK128534"
"2617","chr10",5566923,5568226,"CALML3"
"2618","chr10",5680820,5708558,"ASB13"
"2619","chr10",5726800,5805704,"FAM208B"
"2620","chr10",5734565,5754481,"C10orf18"
"2621","chr10",5807186,5855512,"GDI2"
"2622","chr10",5903872,5906246,"AK129672"
"2623","chr10",5931534,5979557,"FBXO18"
"2624","chr10",5903689,5931860,"ANKRD16"
"2625","chr10",5994334,6020150,"IL15RA"
"2626","chr10",6052657,6104333,"IL2RA"
"2627","chr10",6130948,6159423,"RBM17"
"2628","chr10",6186842,6277508,"PFKFB3"
"2629","chr10",6194158,6194241,"MIR3155A"
"2630","chr10",6194171,6194225,"MIR3155B"
"2631","chr10",6319649,6377938,"LOC399715"
"2633","chr10",6567126,6569172,"AX748236"
"2634","chr10",6622386,6627324,"LOC439949"
"2635","chr10",6821559,6884869,"LOC100507127"
"2638","chr10",7745235,7791484,"ITIH2"
"2639","chr10",7792925,7829990,"KIN"
"2640","chr10",7830092,7849763,"ATP5C1"
"2642","chr10",8094206,8095412,"BC036297"
"2643","chr10",8092413,8095447,"FLJ45983"
"2644","chr10",8096666,8117165,"GATA3"
"2645","chr10",8301295,8310268,"BC031880"
"2646","chr10",9405819,9407058,"HV455515"
"2647","chr10",9421979,9422036,"DD431424"
"2648","chr10",10100684,10105466,"BC032914"
"2649","chr10",10826402,10836877,"SFTA1P"
"2650","chr10",10976903,10994126,"LOC254312"
"2652","chr10",11113506,11147451,"BC046381"
"2653","chr10",11295753,11298628,"AF007147"
"2655","chr10",11784355,11806066,"ECHDC3"
"2656","chr10",11865396,11914277,"C10orf47"
"2657","chr10",11891607,11936709,"LOC219731"
"2658","chr10",11962021,11964278,"AK124930"
"2659","chr10",11993896,12085169,"UPF2"
"2660","chr10",12110933,12165225,"DHTKD1"
"2661","chr10",12171639,12211958,"SEC61A2"
"2662","chr10",12237960,12292590,"CDC123"
"2663","chr10",12209573,12238143,"NUDT5"
"2665","chr10",12620751,12620823,"MIR4480"
"2666","chr10",12875132,12877546,"LOC283070"
"2667","chr10",12938627,12941503,"AK123393"
"2669","chr10",13142081,13180277,"OPTN"
"2670","chr10",13203553,13253105,"MCM10"
"2671","chr10",13263767,13276328,"UCMA"
"2672","chr10",13319796,13342130,"PHYH"
"2673","chr10",13359438,13390298,"SEPHS1"
"2674","chr10",13480484,13544976,"BEND7"
"2675","chr10",13628938,13697930,"PRPF18"
"2676","chr10",13680942,13686170,"AK055017"
"2678","chr10",14478574,14478661,"MIR1265"
"2680","chr10",14861251,14880574,"CDNF"
"2681","chr10",14880260,14913741,"HSPA14"
"2682","chr10",14920781,14946305,"SUV39H2"
"2684","chr10",15001437,15014851,"MEIG1"
"2685","chr10",15085894,15115852,"OLAH"
"2686","chr10",15057071,15130775,"ACBD7"
"2687","chr10",15137384,15139318,"C10orf111"
"2688","chr10",15139181,15146257,"RPP38"
"2689","chr10",15196721,15197346,"LOC100192204"
"2690","chr10",15147771,15210695,"NMT2"
"2693","chr10",15820175,15902519,"FAM188A"
"2694","chr10",16478966,16555737,"PTER"
"2695","chr10",16555742,16564004,"C1QL3"
"2698","chr10",17184982,17244070,"TRDMT1"
"2699","chr10",17270257,17279593,"VIM"
"2700","chr10",17257195,17271983,"BC078172"
"2701","chr10",17428934,17452631,"LOC100128098"
"2703","chr10",17631958,17659373,"PTPLA"
"2704","chr10",17686123,17758822,"STAM"
"2708","chr10",18240767,18332222,"SLC39A12"
"2709","chr10",18290715,18299491,"LOC100129213"
"2711","chr10",18802046,18834577,"U80764"
"2713","chr10",18948312,18966941,"ARL5B"
"2714","chr10",18967048,18970569,"AK022915"
"2715","chr10",19248677,19248709,"DQ600701"
"2718","chr10",19999260,20017479,"BC014575"
"2720","chr10",20840898,20840976,"MIR4675"
"2722","chr10",21414692,21435488,"C10orf113"
"2723","chr10",21785491,21785570,"MIR1915"
"2724","chr10",21783421,21786213,"C10orf114"
"2725","chr10",21803939,21805799,"AK055656"
"2726","chr10",21802409,21814611,"C10orf140"
"2727","chr10",21806074,21807121,"AK303207"
"2730","chr10",22497743,22498912,"EBLN1"
"2731","chr10",22541000,22547478,"LOC100130992"
"2732","chr10",22605311,22609247,"COMMD3"
"2733","chr10",22634373,22706540,"SPAG6"
"2734","chr10",22724354,22726858,"LOC100499489"
"2737","chr10",23384426,23410943,"MSRB2"
"2738","chr10",23481459,23483182,"PTF1A"
"2739","chr10",23605520,23633772,"C10orf67"
"2740","chr10",23728197,23731311,"OTUD1"
"2742","chr10",24536053,24544976,"PRINS"
"2743","chr10",24564613,24564711,"MIR603"
"2744","chr10",24736419,24736989,"BC141952"
"2747","chr10",25270917,25351208,"ENKUR"
"2748","chr10",25305507,25315594,"THNSL1"
"2750","chr10",25447001,25465205,"LOC100128811"
"2751","chr10",25940640,26021865,"AK123440"
"2753","chr10",26505235,26593492,"GAD2"
"2755","chr10",26878793,26883252,"LINC00264"
"2756","chr10",26932036,26942384,"LOC731789"
"2757","chr10",26986594,27035727,"PDSS1"
"2759","chr10",27220135,27230930,"LINC00202"
"2760","chr10",27293045,27389427,"ANKRD26"
"2761","chr10",27399040,27443349,"YME1L1"
"2762","chr10",27443752,27475849,"MASTL"
"2763","chr10",27484143,27531068,"ACBD5"
"2764","chr10",27534782,27541235,"LOC387646"
"2765","chr10",27547690,27577754,"AK125237"
"2766","chr10",27687117,27703297,"PTCHD3"
"2767","chr10",27793248,27829100,"RAB18"
"2768","chr10",27961803,28034778,"MKX"
"2771","chr10",28808846,28821460,"LOC220906"
"2772","chr10",28821421,28912042,"WAC"
"2773","chr10",28966423,28971869,"BAMBI"
"2774","chr10",29078240,29084979,"LOC100507605"
"2775","chr10",29577989,29600159,"LYZL1"
"2776","chr10",29698482,29776786,"LOC387647"
"2777","chr10",29743270,29746229,"AX747507"
"2779","chr10",29833933,29834026,"MIR604"
"2780","chr10",29891193,29891275,"MIR938"
"2781","chr10",29922603,29923882,"BC070247"
"2783","chr10",30598730,30663377,"MTPAP"
"2784","chr10",30653906,30653939,"DQ589067"
"2785","chr10",30653256,30660836,"LOC729668"
"2786","chr10",30722949,30750763,"MAP3K8"
"2787","chr10",30900708,30918647,"LYZL2"
"2788","chr10",30981202,31005943,"AK302694"
"2791","chr10",31605457,31607959,"AK296146"
"2792","chr10",31840033,31840055,"JA682651"
"2794","chr10",32297938,32345371,"KIF5B"
"2798","chr10",33189246,33247293,"ITGB1"
"2800","chr10",34048641,34061608,"LOC100505583"
"2801","chr10",34398808,34399993,"AX765719"
"2803","chr10",35297479,35379570,"CUL2"
"2804","chr10",35415768,35501887,"CREM"
"2806","chr10",35894337,35897864,"GJD4"
"2807","chr10",35927177,35930362,"FZD8"
"2808","chr10",36051232,36051253,"FW312330"
"2810","chr10",37890366,37891859,"MTRNR2L7"
"2811","chr10",38090447,38147012,"ZNF248"
"2812","chr10",38238795,38265453,"ZNF25"
"2813","chr10",38299577,38354027,"ZNF33A"
"2814","chr10",38383263,38412279,"ZNF37A"
"2815","chr10",38464598,38503274,"LOC100129055"
"2816","chr10",38645307,38667434,"HSD17B7P2"
"2817","chr10",38671998,38691780,"SEPT7L"
"2818","chr10",38717073,38741082,"LOC399744"
"2819","chr10",38989726,38991372,"ACTR3BP5"
"2820","chr10",42827314,42863493,"LOC441666"
"2821","chr10",42903622,42967688,"BC039000"
"2822","chr10",42970938,42990786,"LOC84856"
"2823","chr10",43008961,43048280,"ZNF37BP"
"2824","chr10",43069631,43133992,"ZNF33B"
"2825","chr10",43169008,43187207,"AK123067"
"2826","chr10",43277953,43330386,"BMS1"
"2827","chr10",43572516,43625798,"RET"
"2828","chr10",43633933,43680750,"CSGALNACT2"
"2829","chr10",43689984,43762367,"RASGEF1A"
"2830","chr10",43867091,43871784,"FXYD4"
"2831","chr10",43882085,43883133,"HNRPF"
"2832","chr10",43881065,43904696,"HNRNPF"
"2833","chr10",43932573,43978008,"ZNF487P"
"2834","chr10",44051793,44070066,"ZNF239"
"2835","chr10",44101854,44113353,"ZNF485"
"2836","chr10",44124264,44170148,"ZNF32-AS3"
"2837","chr10",44139307,44144326,"ZNF32"
"2838","chr10",44282860,44285865,"HNRNPA3P1"
"2839","chr10",44340753,44346071,"C10orf136"
"2840","chr10",44354858,44390882,"LOC100506835"
"2841","chr10",44404751,44465356,"LOC283033"
"2842","chr10",44865608,44870220,"DKFZp547J0510"
"2843","chr10",44865605,44880545,"CXCL12"
"2844","chr10",45406763,45430643,"TMEM72"
"2846","chr10",45455218,45490173,"RASSF4"
"2847","chr10",45471709,45474330,"C10orf10"
"2848","chr10",45496272,45500778,"ZNF22"
"2849","chr10",45493146,45496470,"C10orf25"
"2850","chr10",45594924,45650044,"LOC100133308"
"2851","chr10",45642841,45681490,"LOC338579"
"2852","chr10",45659461,45659537,"MIR3156-1"
"2853","chr10",45798102,45811056,"OR13A1"
"2854","chr10",45869628,45941564,"ALOX5"
"2855","chr10",45950379,45952578,"DL492557"
"2857","chr10",46111039,46168251,"ZFAND4"
"2858","chr10",46222647,46288413,"FAM21C"
"2860","chr10",46321050,46349325,"AGAP4"
"2864","chr10",46897640,46939146,"FAM35B"
"2865","chr10",46955444,46970601,"SYT15"
"2866","chr10",46993545,47000569,"GPRIN2"
"2867","chr10",47083533,47088321,"PPYR1"
"2868","chr10",47133295,47133836,"LOC728643"
"2869","chr10",47096454,47151400,"LOC643650"
"2875","chr10",47213292,47243502,"AK309024"
"2876","chr10",47270681,47273431,"AK309109"
"2877","chr10",47379719,47421239,"FAM35B2"
"2878","chr10",47658233,47701447,"ANTXRL"
"2879","chr10",47746919,47770648,"ANXA8L2"
"2880","chr10",47894022,47949418,"FAM21B"
"2881","chr10",48155942,48158692,"CTSL1P2"
"2882","chr10",48185847,48216059,"FLJ00312"
"2883","chr10",48355088,48373867,"ZNF488"
"2884","chr10",48381487,48390991,"RBP3"
"2885","chr10",48413092,48416853,"GDF2"
"2886","chr10",48425788,48439138,"GDF10"
"2888","chr10",49218159,49239658,"LOC399753"
"2889","chr10",49278239,49338996,"AK309922"
"2893","chr10",49676050,49687239,"BC043540"
"2894","chr10",49717904,49719721,"AX747901"
"2896","chr10",50117529,50143242,"LRRC18"
"2897","chr10",50193557,50193632,"MIR4294"
"2899","chr10",50329883,50359593,"LOC100506733"
"2900","chr10",50339201,50342065,"FAM170B"
"2901","chr10",50363891,50396407,"C10orf128"
"2902","chr10",50507186,50535538,"C10orf71"
"2903","chr10",50574161,50603486,"DRGX"
"2904","chr10",50664491,50747147,"ERCC6"
"2905","chr10",50723151,50747584,"PGBD3"
"2906","chr10",50817140,50901940,"CHAT"
"2907","chr10",50818346,50820767,"SLC18A3"
"2908","chr10",50861612,50861631,"JA429001"
"2909","chr10",50887683,50916957,"C10orf53"
"2910","chr10",50942687,50970425,"OGDHL"
"2911","chr10",51188370,51189565,"BC039561"
"2914","chr10",51464162,51486327,"AGAP7"
"2915","chr10",51549552,51562519,"MSMB"
"2916","chr10",51565107,51590735,"NCOA4"
"2917","chr10",51748077,51770260,"AGAP6"
"2918","chr10",51780942,51827563,"FLJ31813"
"2919","chr10",51827683,51893270,"FAM21A"
"2920","chr10",51947000,52008370,"ASAH2"
"2922","chr10",52388909,52391397,"AK022382"
"2923","chr10",52499695,52514570,"ASAH2B"
"2924","chr10",52559169,52645435,"A1CF"
"2925","chr10",52724029,52724981,"BC044765"
"2927","chr10",53059332,53059416,"MIR605"
"2928","chr10",53455246,53459355,"CSTF2T"
"2929","chr10",54011725,54057673,"BC039504"
"2930","chr10",54056608,54073888,"LOC100506939"
"2931","chr10",54074040,54077418,"DKK1"
"2932","chr10",54210637,54215032,"BC015429"
"2933","chr10",54525140,54531460,"MBL2"
"2935","chr10",57358749,57360488,"MTRNR2L5"
"2936","chr10",58117199,58121034,"ZWINT"
"2937","chr10",59064239,59064319,"MIR3924"
"2938","chr10",59951278,60027694,"IPMK"
"2939","chr10",60028894,60049020,"CISD1"
"2940","chr10",60094738,60130514,"UBE2D1"
"2941","chr10",60145175,60155898,"TFAM"
"2943","chr10",60474774,60477294,"LOC728640"
"2944","chr10",60936347,61007535,"PHYHIPL"
"2946","chr10",61410522,61469649,"SLC16A9"
"2947","chr10",61496748,61513203,"M1"
"2949","chr10",61715188,61720671,"C10orf40"
"2951","chr10",62538088,62554611,"CDK1"
"2953","chr10",63166401,63213208,"TMEM26"
"2954","chr10",63212396,63253190,"BC041470"
"2957","chr10",63736065,63736089,"JA660620"
"2958","chr10",63942794,64028466,"RTKN2"
"2960","chr10",64564515,64568240,"ADO"
"2961","chr10",64571756,64578927,"EGR2"
"2962","chr10",64893006,64914787,"NRBF2"
"2964","chr10",65005260,65007599,"AX747628"
"2965","chr10",65132717,65132808,"MIR1296"
"2966","chr10",65224988,65226323,"LOC84989"
"2968","chr10",66585284,66586635,"ANXA2P3"
"2969","chr10",66585344,66585369,"DJ439558"
"2970","chr10",66586102,66586126,"DJ439576"
"2971","chr10",68254456,68254558,"SnoU40"
"2974","chr10",69524260,69524408,"HI650153"
"2975","chr10",69556427,69597937,"DNAJC12"
"2976","chr10",69644426,69678148,"SIRT1"
"2979","chr10",69990352,69991870,"ATOH7"
"2980","chr10",70042417,70092684,"PBLD"
"2981","chr10",70091767,70102954,"HNRNPH3"
"2982","chr10",70100864,70167051,"RUFY2"
"2983","chr10",70173821,70231879,"DNA2"
"2984","chr10",70242090,70287280,"SLC25A16"
"2986","chr10",70480970,70551310,"CCAR1"
"2987","chr10",70514928,70514996,"SNORD98"
"2988","chr10",70587293,70655210,"STOX1"
"2989","chr10",70661033,70706604,"DDX50"
"2990","chr10",70715891,70744280,"DDX21"
"2991","chr10",70748476,70776740,"KIAA1279"
"2992","chr10",70847827,70864568,"SRGN"
"2993","chr10",70847867,70848930,"BC022313"
"2994","chr10",70883907,70932617,"VPS26A"
"2995","chr10",70939992,70968850,"SUPV3L1"
"2996","chr10",70980058,71027316,"HKDC1"
"2998","chr10",71163958,71176674,"TACR2"
"2999","chr10",71211225,71267424,"TSPAN15"
"3000","chr10",71331791,71333210,"NEUROG3"
"3001","chr10",71390002,71393356,"C10orf35"
"3003","chr10",71812356,71872041,"H2AFY2"
"3004","chr10",71857979,71892690,"AIFM2"
"3005","chr10",71897733,71906496,"TYSND1"
"3006","chr10",71909961,71930285,"SAR1A"
"3007","chr10",71962586,71993190,"PPA1"
"3008","chr10",72014713,72043450,"NPFFR1"
"3009","chr10",72058729,72142382,"LRRC20"
"3010","chr10",72163860,72188375,"EIF4EBP2"
"3011","chr10",72191692,72201465,"NODAL"
"3012","chr10",72238563,72328207,"KIAA1274"
"3013","chr10",72357104,72362531,"PRF1"
"3014","chr10",72432558,72522196,"ADAMTS14"
"3015","chr10",72489042,72489134,"DL490555"
"3016","chr10",72530995,72545157,"C10orf27"
"3017","chr10",72575703,72640933,"SGPL1"
"3018","chr10",72643267,72648541,"PCBD1"
"3019","chr10",72972291,73062636,"UNC5B"
"3020","chr10",72976981,72977985,"LOC728978"
"3021","chr10",73079009,73123148,"SLC29A3"
"3023","chr10",73471458,73497581,"C10orf105"
"3024","chr10",73507314,73533337,"C10orf54"
"3025","chr10",73576055,73611082,"PSAP"
"3027","chr10",73724119,73773323,"CHST3"
"3028","chr10",73821847,73822404,"BC127952"
"3029","chr10",73818792,73848790,"SPOCK2"
"3031","chr10",74033676,74035798,"DDIT4"
"3032","chr10",74034140,74034165,"FU270201"
"3033","chr10",74034534,74034554,"FU270202"
"3034","chr10",74034885,74034905,"FU270185"
"3035","chr10",74035074,74035094,"FU270186"
"3036","chr10",74035096,74035116,"FU270179"
"3037","chr10",74035138,74035158,"FU270191"
"3038","chr10",74035202,74035226,"FU270195"
"3039","chr10",74035367,74035387,"FU270192"
"3040","chr10",74035400,74035423,"FU270182"
"3041","chr10",74035449,74035469,"FU270198"
"3042","chr10",74035488,74035508,"FU270200"
"3043","chr10",74035527,74035553,"FU270193"
"3044","chr10",74035669,74035696,"FU270211"
"3045","chr10",74035719,74035753,"FU270189"
"3046","chr10",74092588,74114907,"DNAJB12"
"3049","chr10",74480786,74480859,"MIR4676"
"3050","chr10",74653338,74692788,"OIT3"
"3051","chr10",74694938,74714510,"PLA2G12B"
"3052","chr10",74766980,74856732,"P4HA1"
"3053","chr10",74870209,74891582,"NUDT13"
"3054","chr10",74884659,74885290,"BC069792"
"3055","chr10",74894282,74927853,"ECD"
"3056","chr10",74927876,75001940,"FAM149B1"
"3057","chr10",75007124,75036743,"C10orf103"
"3058","chr10",75002582,75008620,"DNAJC9"
"3059","chr10",75006446,75012451,"MRPS16"
"3060","chr10",75012548,75014102,"BC033983"
"3062","chr10",75135189,75173841,"ANXA7"
"3063","chr10",75180395,75193319,"ZMYND17"
"3064","chr10",75196563,75255782,"PPP3CB"
"3065","chr10",75255281,75256030,"BC080555"
"3066","chr10",75257296,75351298,"USP54"
"3067","chr10",75391412,75401515,"MYOZ1"
"3068","chr10",75404644,75415832,"SYNPO2L"
"3069","chr10",75434033,75490272,"AGAP5"
"3070","chr10",75458909,75490245,"BMS1P4"
"3071","chr10",75504130,75531934,"SEC24C"
"3072","chr10",75532048,75535977,"FUT11"
"3073","chr10",75541807,75543407,"CHCHD1"
"3074","chr10",75545334,75561557,"KIAA0913"
"3075","chr10",75547342,75547999,"AX747098"
"3076","chr10",75561669,75571589,"NDST2"
"3077","chr10",75572259,75634349,"CAMK2G"
"3078","chr10",75670861,75677259,"PLAU"
"3079","chr10",75669727,75682535,"C10orf55"
"3081","chr10",75880015,75910826,"AP3M1"
"3083","chr10",76045372,76047224,"BC045784"
"3085","chr10",76797594,76818272,"DUPD1"
"3086","chr10",76854190,76868970,"DUSP13"
"3087","chr10",76871392,76941882,"SAMD8"
"3088","chr10",76969911,76991208,"VDAC2"
"3089","chr10",76993729,76995770,"COMTD1"
"3090","chr10",77056140,77121437,"ZNF503-AS1"
"3091","chr10",77161285,77168741,"ZNF503-AS2"
"3092","chr10",77157603,77161513,"ZNF503"
"3094","chr10",78647801,78663849,"BC030624"
"3096","chr10",79317424,79320001,"AX748385"
"3097","chr10",79525156,79525187,"DQ597779"
"3098","chr10",79525269,79525312,"DQ592502"
"3099","chr10",79525457,79525499,"DQ579128"
"3100","chr10",79525647,79525684,"DQ583633"
"3101","chr10",79526256,79526295,"DQ592298"
"3102","chr10",79526649,79526683,"DQ590885"
"3103","chr10",79526706,79526761,"DQ596761"
"3104","chr10",79526804,79526839,"DQ590620"
"3105","chr10",79526970,79527010,"DQ598931"
"3106","chr10",79527034,79527065,"DQ591313"
"3107","chr10",79527665,79527728,"DQ577698"
"3108","chr10",79527872,79527917,"DQ592472"
"3109","chr10",79527958,79528033,"DQ586106"
"3110","chr10",79528151,79528205,"DQ583233"
"3111","chr10",79529654,79529694,"DQ582272"
"3112","chr10",79529974,79530014,"DQ597620"
"3113","chr10",79530237,79530270,"DQ579258"
"3114","chr10",79530290,79530321,"DQ580247"
"3115","chr10",79530347,79530381,"DQ596518"
"3116","chr10",79530385,79530418,"DQ577458"
"3117","chr10",79530484,79530535,"DQ596791"
"3118","chr10",79530542,79530584,"DQ580728"
"3119","chr10",79530981,79531029,"DQ579048"
"3120","chr10",79531435,79531467,"DQ575259"
"3121","chr10",79532004,79532041,"DQ599234"
"3122","chr10",79532048,79532079,"DQ571693"
"3123","chr10",79533523,79533558,"DQ582813"
"3124","chr10",79533658,79533699,"DQ581582"
"3125","chr10",79534365,79534401,"DQ577219"
"3126","chr10",79534531,79534571,"DQ577365"
"3127","chr10",79534697,79534741,"DQ573199"
"3128","chr10",79537922,79537974,"DQ601889"
"3129","chr10",79538926,79538957,"DQ590525"
"3130","chr10",79539400,79539441,"DQ583130"
"3131","chr10",79539478,79539524,"DQ579700"
"3132","chr10",79539989,79540023,"DQ573683"
"3133","chr10",79540116,79540165,"DQ586243"
"3134","chr10",79540182,79540214,"DQ570642"
"3135","chr10",79540227,79540307,"DQ596613"
"3136","chr10",79540541,79540572,"DQ576802"
"3137","chr10",79540609,79540660,"DQ589398"
"3138","chr10",79540764,79540828,"DQ581179"
"3139","chr10",79540776,79540807,"DQ575045"
"3140","chr10",79540838,79540869,"DQ580595"
"3141","chr10",79540919,79540968,"DQ594771"
"3142","chr10",79540985,79541017,"DQ593302"
"3143","chr10",79541041,79541082,"DQ594020"
"3144","chr10",79541030,79541072,"DQ570592"
"3145","chr10",79541092,79541124,"DQ570533"
"3146","chr10",79541134,79541164,"DQ593224"
"3147","chr10",79541182,79541209,"DQ584676"
"3148","chr10",79541500,79541569,"DQ586086"
"3149","chr10",79541795,79541825,"DQ576634"
"3150","chr10",79553148,79553186,"DQ591438"
"3152","chr10",79626632,79629369,"AK125684"
"3153","chr10",79686569,79689584,"LOC100128292"
"3154","chr10",79734907,79789298,"POLR3A"
"3155","chr10",79793517,79816572,"RPS24"
"3158","chr10",80760241,80763560,"AX747983"
"3161","chr10",80928943,80930381,"BC128552"
"3162","chr10",81107219,81115090,"PPIF"
"3163","chr10",81142083,81205383,"ZCCHC24"
"3164","chr10",81266126,81270678,"AK302451"
"3165","chr10",81272356,81276193,"EIF5AL1"
"3166","chr10",81315608,81320163,"SFTPA2"
"3167","chr10",81370694,81375200,"SFTPA1"
"3168","chr10",81442730,81448651,"LOC650623"
"3169","chr10",81522331,81524958,"AX747158"
"3170","chr10",81526045,81526071,"DQ586890"
"3171","chr10",81585657,81587359,"LOC642361"
"3172","chr10",81664653,81691575,"LOC100288974"
"3173","chr10",81679933,81682876,"MBL1P"
"3174","chr10",81697496,81708861,"SFTPD"
"3175","chr10",81838425,81852308,"FAM213A"
"3176","chr10",81805989,81838949,"LOC219347"
"3177","chr10",81892257,81904785,"PLAC9"
"3178","chr10",81914880,81965433,"ANXA11"
"3179","chr10",81967465,81979414,"LOC439990"
"3180","chr10",82031576,82049434,"MAT1A"
"3181","chr10",82104500,82127830,"DYDC2"
"3182","chr10",82095862,82116511,"DYDC1"
"3183","chr10",82167584,82192754,"C10orf58"
"3184","chr10",82214037,82282392,"TSPAN14"
"3186","chr10",82904457,82904478,"hsa-miR-3198-3p"
"3188","chr10",85899184,85913312,"GHITM"
"3189","chr10",85926984,85931832,"BC051760"
"3190","chr10",85933553,85945051,"C10orf99"
"3191","chr10",85954411,85979377,"CDHR1"
"3192","chr10",85980249,85985284,"LRIT2"
"3193","chr10",85991276,86001217,"LRIT1"
"3194","chr10",86001164,86001338,"LRRC21"
"3195","chr10",86004808,86018945,"RGR"
"3196","chr10",86039735,86054416,"LOC170425"
"3198","chr10",86150917,86150938,"DD413707"
"3199","chr10",86953177,86958694,"AK097624"
"3200","chr10",87337487,87366973,"LOC100507470"
"3201","chr10",87403829,87407824,"AX746544"
"3203","chr10",88024451,88024545,"MIR346"
"3204","chr10",88195013,88281541,"WAPAL"
"3205","chr10",88414313,88426606,"OPN4"
"3206","chr10",88426550,88495825,"LDB3"
"3207","chr10",88492148,88495010,"AX747977"
"3209","chr10",88695298,88717425,"MMRN2"
"3210","chr10",88718287,88723018,"SNCG"
"3211","chr10",88728187,88730667,"C10orf116"
"3212","chr10",88730497,88784488,"AGAP11"
"3213","chr10",88726914,88730571,"AL157440"
"3214","chr10",88809959,88854776,"GLUD1"
"3215","chr10",88854952,88951223,"FAM35A"
"3216","chr10",88985204,88994734,"FAM22A"
"3218","chr10",89102167,89103332,"LOC439994"
"3219","chr10",89102678,89117059,"BC082979"
"3220","chr10",89117476,89130453,"FAM22D"
"3221","chr10",89156331,89167457,"BC065757"
"3222","chr10",89263637,89263712,"MIR4678"
"3223","chr10",89264222,89313219,"MINPP1"
"3224","chr10",89419475,89507463,"PAPSS2"
"3225","chr10",89512875,89577917,"ATAD1"
"3226","chr10",89578069,89605370,"CFL1P1"
"3227","chr10",89618918,89623194,"KLLN"
"3228","chr10",89706924,89708695,"AK130076"
"3230","chr10",90346518,90366734,"LIPJ"
"3231","chr10",90424145,90438573,"LIPF"
"3232","chr10",90484300,90512514,"LIPK"
"3233","chr10",90521162,90538000,"LIPN"
"3234","chr10",90562486,90580304,"LIPM"
"3235","chr10",90579659,90611732,"ANKRD22"
"3236","chr10",90640025,90734911,"STAMBPL1"
"3237","chr10",90667927,90669155,"BC069782"
"3238","chr10",90692440,90699732,"AX748062"
"3239","chr10",90694831,90751147,"ACTA2"
"3240","chr10",90729552,90775543,"FAS"
"3241","chr10",90751181,90752732,"FAS-AS1"
"3242","chr10",90762788,90762816,"HV303528"
"3243","chr10",90762865,90762934,"HV303525"
"3244","chr10",90823092,90823168,"MIR4679-1"
"3245","chr10",90823092,90823168,"MIR4679-2"
"3246","chr10",90965694,90967071,"CH25H"
"3248","chr10",91061705,91069034,"IFIT2"
"3249","chr10",91087601,91100726,"IFIT3"
"3250","chr10",91037421,91102431,"BC040833"
"3251","chr10",91137812,91144963,"IFIT1B"
"3252","chr10",91152321,91163745,"IFIT1"
"3253","chr10",91174324,91180760,"IFIT5"
"3255","chr10",91352514,91352536,"JA429774"
"3256","chr10",91352504,91352584,"MIR107"
"3257","chr10",91339254,91405329,"PANK1"
"3258","chr10",91451057,91457685,"FLJ37201"
"3259","chr10",91461366,91534701,"KIF20B"
"3260","chr10",91492812,91493019,"KRMP1"
"3261","chr10",91589249,91600619,"LOC643529"
"3262","chr10",91675246,91717130,"AK093219"
"3263","chr10",92213925,92261195,"BC037970"
"3265","chr10",92631473,92668313,"RPP30"
"3266","chr10",92671857,92681032,"ANKRD1"
"3267","chr10",92911761,92912837,"NUDT9P1"
"3271","chr10",93388197,93392858,"PPP1R3C"
"3272","chr10",93558150,93625233,"TNKS2"
"3273","chr10",93666345,93669258,"FGFBP3"
"3275","chr10",93963986,93964063,"CPEB3_ribozyme"
"3277","chr10",94050919,94113722,"MARCH5"
"3278","chr10",94178243,94180410,"MARK2P9"
"3280","chr10",94352824,94415153,"KIF11"
"3281","chr10",94449680,94455409,"HHEX"
"3283","chr10",94821020,94828455,"CYP26C1"
"3284","chr10",94833231,94837642,"CYP26A1"
"3286","chr10",95256368,95288850,"CEP55"
"3287","chr10",95326421,95349830,"O3FAR1"
"3288","chr10",95351593,95360993,"RBP4"
"3289","chr10",95372344,95425430,"PDE6C"
"3290","chr10",95427640,95462913,"FRA10AC1"
"3291","chr10",95517565,95557917,"LGI1"
"3292","chr10",95653729,95714009,"SLC35G1"
"3293","chr10",95717897,95721672,"PIPSL"
"3295","chr10",95841707,95868537,"AK098548"
"3296","chr10",95859406,95868542,"BC035380"
"3297","chr10",96039047,96046827,"LOC100128054"
"3298","chr10",96092989,96122683,"NOC3L"
"3300","chr10",96305542,96361857,"HELLS"
"3301","chr10",96443250,96495948,"CYP2C18"
"3303","chr10",96698414,96749149,"CYP2C9"
"3304","chr10",96796529,96829254,"CYP2C8"
"3305","chr10",96953956,96988687,"C10orf129"
"3306","chr10",96986469,96990901,"BC043227"
"3307","chr10",96997330,97050781,"PDLIM1"
"3308","chr10",97114703,97117003,"KIAA0894"
"3310","chr10",97365686,97416567,"ALDH18A1"
"3311","chr10",97423153,97453900,"TCTN3"
"3313","chr10",97667721,97698416,"C10orf131"
"3314","chr10",97733785,97792442,"CC2D2B"
"3315","chr10",97803158,97820626,"CCNJ"
"3316","chr10",97824072,97824156,"MIR3157"
"3318","chr10",97889471,97923518,"ZNF518A"
"3319","chr10",97951455,98031333,"BLNK"
"3320","chr10",98064084,98098322,"DNTT"
"3321","chr10",98102975,98119092,"OPALIN"
"3323","chr10",98277867,98346809,"TM9SF3"
"3326","chr10",98741040,98745586,"C10orf12"
"3327","chr10",98862512,98863505,"LOC100505540"
"3330","chr10",99079021,99081673,"FRAT1"
"3331","chr10",99092254,99094458,"FRAT2"
"3332","chr10",99116458,99161127,"RRP12"
"3333","chr10",99178541,99185802,"LOC644215"
"3334","chr10",99186026,99193199,"PGAM1"
"3335","chr10",99195666,99205768,"EXOSC1"
"3336","chr10",99205929,99217128,"ZDHHC16"
"3337","chr10",99218081,99258513,"MMS19"
"3338","chr10",99258767,99330961,"UBTD1"
"3339","chr10",99332255,99343642,"ANKRD2"
"3340","chr10",99344101,99372556,"HOGA1"
"3341","chr10",99349449,99350692,"C10orf62"
"3342","chr10",99378561,99382517,"AX746617"
"3343","chr10",99374310,99393913,"MORN4"
"3344","chr10",99400442,99436188,"PI4K2A"
"3345","chr10",99437181,99447015,"AVPI1"
"3346","chr10",99473464,99477910,"MARVELD1"
"3347","chr10",99477217,99477902,"NR_026754"
"3348","chr10",99496877,99520665,"ZFYVE27"
"3349","chr10",99526508,99531756,"SFRP5"
"3350","chr10",99609994,99631336,"GOLGA7B"
"3353","chr10",100007443,100028007,"LOXL4"
"3354","chr10",100154975,100155064,"MIR1287"
"3355","chr10",100143322,100174978,"PYROXD2"
"3356","chr10",100175955,100206704,"HPS1"
"3357","chr10",100191039,100191115,"MIR4685"
"3359","chr10",101088855,101154088,"CNNM1"
"3360","chr10",101156627,101190530,"GOT1"
"3361","chr10",101286704,101288225,"chromosome 10 open reading frame 139"
"3362","chr10",101286107,101290907,"DQ372722"
"3363","chr10",101292689,101296281,"NKX2-3"
"3364","chr10",101370275,101418994,"SLC25A28"
"3365","chr10",101419262,101471003,"ENTPD7"
"3366","chr10",101491957,101515895,"CUTC"
"3367","chr10",101468505,101492423,"COX15"
"3368","chr10",101542462,101611663,"ABCC2"
"3370","chr10",101686965,101718756,"DNMBP-AS1"
"3371","chr10",101802065,101841642,"CPN1"
"3372","chr10",101909847,101945814,"ERLIN1"
"3373","chr10",101948124,101989344,"CHUK"
"3374","chr10",101996913,101997059,"SNORA12"
"3375","chr10",101992055,102027437,"CWF19L1"
"3376","chr10",102033713,102046439,"BLOC1S2"
"3377","chr10",102047903,102090243,"PKD2L1"
"3378","chr10",102106771,102124589,"SCD"
"3379","chr10",102133332,102148117,"LINC00263"
"3380","chr10",102222811,102243400,"WNT8B"
"3381","chr10",102246403,102289636,"SEC31B"
"3382","chr10",102295640,102313682,"HIF1AN"
"3383","chr10",102505467,102589699,"PAX2"
"3384","chr10",102672325,102724892,"FAM178A"
"3385","chr10",102729279,102745374,"SEMA4G"
"3386","chr10",102734741,102734842,"MIR608"
"3387","chr10",102737579,102747272,"MRPL43"
"3388","chr10",102747292,102754159,"C10orf2"
"3389","chr10",102756863,102767594,"LZTS2"
"3390","chr10",102767440,102790914,"PDZD7"
"3391","chr10",102790995,102800999,"SFXN3"
"3392","chr10",102820998,102827892,"KAZALD1"
"3393","chr10",102849078,102890903,"TLX1NB"
"3394","chr10",102891060,102897547,"TLX1"
"3395","chr10",102986733,102988717,"LBX1"
"3396","chr10",102989350,102998617,"FLJ41350"
"3397","chr10",103012578,103023307,"AX747408"
"3399","chr10",103330405,103369411,"DPCD"
"3400","chr10",103338639,103348027,"POLL"
"3401","chr10",103361173,103361255,"MIR3158-1"
"3402","chr10",103361174,103361254,"MIR3158-2"
"3403","chr10",103370421,103454743,"FBXW4"
"3404","chr10",103529887,103540126,"FGF8"
"3405","chr10",103541082,103543170,"NPM3"
"3406","chr10",103544200,103578700,"MGEA5"
"3407","chr10",103578824,103588647,"LOC100289509"
"3408","chr10",103585731,103603677,"KCNIP2"
"3410","chr10",103825123,103827796,"HPS6"
"3411","chr10",103867325,103880210,"LDB1"
"3412","chr10",103892786,103910091,"PPRC1"
"3413","chr10",103911932,103923628,"NOLC1"
"3414","chr10",103986142,103989345,"ELOVL3"
"3415","chr10",103989946,104001231,"PITX3"
"3417","chr10",104005258,104007792,"BC068543"
"3418","chr10",104154228,104162282,"NFKB2"
"3419","chr10",104162376,104179691,"PSD"
"3420","chr10",104178978,104182894,"FBXL15"
"3421","chr10",104183002,104192423,"CUEDC2"
"3422","chr10",104196268,104196342,"MIR146B"
"3423","chr10",104209573,104216051,"LOC100505761"
"3424","chr10",104209594,104211300,"C10orf95"
"3425","chr10",104213596,104216050,"AX746750"
"3426","chr10",104221169,104238859,"TMEM180"
"3427","chr10",104238986,104262512,"ACTR1A"
"3429","chr10",104404251,104418077,"TRIM8"
"3430","chr10",104433484,104474190,"ARL3"
"3431","chr10",104474297,104498947,"SFXN2"
"3432","chr10",104503726,104591852,"C10orf26"
"3433","chr10",104590288,104597290,"CYP17A1"
"3434","chr10",104613966,104624719,"C10orf32"
"3435","chr10",104629209,104661656,"AS3MT"
"3438","chr10",105005643,105007774,"LOC729020"
"3439","chr10",104958489,105036751,"BC040734"
"3440","chr10",105036919,105050109,"INA"
"3441","chr10",105062553,105110891,"PCGF6"
"3442","chr10",105127723,105148823,"TAF5"
"3443","chr10",105154010,105154158,"MIR1307"
"3444","chr10",105148809,105156270,"USMG5"
"3445","chr10",105156411,105206020,"PDCD11"
"3446","chr10",105206543,105212658,"CALHM2"
"3447","chr10",105213144,105218648,"CALHM1"
"3448","chr10",105232561,105238997,"CALHM3"
"3449","chr10",105253734,105352310,"NEURL"
"3451","chr10",105506536,105515168,"LOC100505839"
"3452","chr10",105637318,105678045,"OBFC1"
"3453","chr10",105727469,105787343,"SLK"
"3454","chr10",105791046,105845638,"COL17A1"
"3455","chr10",105807847,105807944,"MIR936"
"3456","chr10",105881815,105886144,"SFR1"
"3458","chr10",105978547,105978641,"MIR609"
"3459","chr10",106013951,106027223,"GSTO1"
"3460","chr10",106028094,106028163,"MIR4482-1"
"3461","chr10",106028630,106059177,"GSTO2"
"3462","chr10",106061961,106064705,"AK094859"
"3463","chr10",106071899,106098162,"ITPRIP"
"3466","chr10",106424366,106425958,"BC042079"
"3467","chr10",107899923,107923513,"BC036309"
"3469","chr10",111624524,111683311,"XPNPEP1"
"3471","chr10",111705317,111768139,"LOC100505933"
"3472","chr10",111967362,112047124,"MXI1"
"3473","chr10",112052798,112064707,"SMNDC1"
"3474","chr10",112257624,112271303,"DUSP5"
"3475","chr10",112327448,112364393,"SMC3"
"3477","chr10",112628648,112630662,"LOC282997"
"3478","chr10",112631552,112659765,"PDCD4"
"3479","chr10",112657842,112657917,"MIR4680"
"3480","chr10",112658488,112679124,"BBIP1"
"3481","chr10",112679300,112773426,"SHOC2"
"3482","chr10",112696361,112697013,"RPL13AP6"
"3483","chr10",112836789,112840663,"ADRA2A"
"3484","chr10",113909622,113943537,"GPAM"
"3485","chr10",114043492,114063071,"TECTB"
"3486","chr10",114067936,114116353,"GUCY2GP"
"3487","chr10",114133915,114188139,"ACSL5"
"3488","chr10",114190058,114207306,"ZDHHC6"
"3490","chr10",114393928,114394014,"MIR4295"
"3491","chr10",114583254,114587485,"AL050000"
"3492","chr10",114610672,114615128,"LOC143188"
"3494","chr10",115310589,115349361,"HABP2"
"3495","chr10",115348583,115423805,"NRAP"
"3496","chr10",115438934,115490665,"CASP7"
"3497","chr10",115511212,115542193,"C10orf81"
"3498","chr10",115537752,115537813,"MIR4483"
"3499","chr10",115541552,115543189,"AK027190"
"3500","chr10",115594484,115613859,"DCLRE1A"
"3501","chr10",115614390,115672266,"NHLRC2"
"3502","chr10",115671514,115676952,"AK000154"
"3503","chr10",115803805,115806668,"ADRB1"
"3504","chr10",115881974,115934364,"C10orf118"
"3505","chr10",115933864,115933938,"MIR2110"
"3506","chr10",115939028,115992064,"TDRD1"
"3507","chr10",115999017,116051738,"VWA2"
"3510","chr10",116524546,116538328,"AK098198"
"3511","chr10",116581502,116659587,"FAM160B1"
"3512","chr10",116697914,116737440,"TRUB1"
"3515","chr10",118083939,118139542,"C10orf96"
"3516","chr10",118187423,118237469,"PNLIPRP3"
"3517","chr10",118261313,118261388,"JA611286"
"3518","chr10",118305427,118327368,"PNLIP"
"3519","chr10",118350489,118368687,"PNLIPRP1"
"3520","chr10",118380464,118404655,"PNLIPRP2"
"3521","chr10",118423207,118429775,"C10orf82"
"3523","chr10",118588286,118590480,"DQ596646"
"3524","chr10",118609022,118642113,"ENO4"
"3525","chr10",118644312,118648195,"AK092331"
"3527","chr10",118888032,118897812,"VAX1"
"3528","chr10",118927189,118927285,"MIR3663"
"3529","chr10",118956999,118969811,"KCNK18"
"3530","chr10",119000583,119038942,"SLC18A2"
"3531","chr10",119042606,119134937,"PDZD8"
"3532","chr10",119243804,119304579,"EMX2OS"
"3533","chr10",119301955,119309058,"EMX2"
"3534","chr10",119764427,119806114,"RAB11FIP2"
"3536","chr10",120068572,120101839,"FAM204A"
"3537","chr10",120352916,120355160,"PRLHR"
"3538","chr10",120433634,120514758,"C10orf46"
"3539","chr10",120789227,120793855,"NANOS1"
"3540","chr10",120794541,120840334,"EIF3A"
"3541","chr10",120819525,120820623,"SNORA19"
"3542","chr10",120871441,120873210,"BC042590"
"3543","chr10",120900425,120925204,"SFXN4"
"3544","chr10",120927215,120938345,"PRDX3"
"3546","chr10",121137483,121137556,"MIR4681"
"3547","chr10",121259339,121302222,"RGS10"
"3548","chr10",121332978,121356541,"TIAL1"
"3549","chr10",121410881,121437330,"BAG3"
"3551","chr10",121588972,121633133,"MCMBP"
"3552","chr10",121616850,121617749,"AK001928"
"3553","chr10",121652084,121704171,"SEC23IP"
"3554","chr10",121718024,121718105,"MIR4682"
"3556","chr10",122610686,122669039,"WDR11"
"3557","chr10",122521324,122610691,"LOC283089"
"3558","chr10",122666806,122669036,"AX747838"
"3561","chr10",123716603,123734743,"NSMCE4A"
"3563","chr10",124030820,124097677,"BTBD16"
"3564","chr10",124134093,124191872,"PLEKHA1"
"3565","chr10",124176480,124176584,"MIR3941"
"3566","chr10",124189660,124191867,"BC041654"
"3567","chr10",124214178,124216869,"ARMS2"
"3568","chr10",124221040,124274425,"HTRA1"
"3569","chr10",124320180,124403253,"DMBT1"
"3570","chr10",124457225,124459338,"C10orf120"
"3571","chr10",124516209,124557162,"FLJ46361"
"3572","chr10",124591671,124639157,"CUZD1"
"3573","chr10",124612012,124658231,"LOC399815"
"3574","chr10",124670216,124672628,"FAM24A"
"3575","chr10",124690419,124713919,"C10orf88"
"3576","chr10",124739555,124749924,"PSTK"
"3577","chr10",124750322,124752581,"AK023288"
"3578","chr10",124765882,124765902,"JA611253"
"3579","chr10",124753197,124768311,"IKZF5"
"3580","chr10",124768428,124817807,"ACADSB"
"3581","chr10",124895566,124897248,"HMX3"
"3582","chr10",124907637,124910189,"HMX2"
"3583","chr10",124913759,124924887,"BUB3"
"3584","chr10",125425870,125456914,"GPR26"
"3586","chr10",125767182,125853206,"CHST15"
"3587","chr10",126085872,126107545,"OAT"
"3588","chr10",126135998,126138550,"NKX1-2"
"3590","chr10",126392596,126403330,"BC041007"
"3592","chr10",126447406,126480439,"METTL10"
"3593","chr10",126490353,126525240,"FAM175B"
"3594","chr10",126628971,126676006,"ZRANB1"
"3596","chr10",126721352,126721439,"MIR4296"
"3597","chr10",127262939,127267015,"LOC100169752"
"3599","chr10",127371811,127398247,"LOC283038"
"3600","chr10",127393859,127408062,"FLJ37035"
"3601","chr10",127408083,127452713,"C10orf137"
"3602","chr10",127455027,127464390,"MMP21"
"3603","chr10",127477152,127479735,"AK090736"
"3604","chr10",127477147,127511837,"UROS"
"3605","chr10",127508308,127508392,"MIR4484"
"3606","chr10",127512103,127542265,"BCCIP"
"3607","chr10",127524909,127585027,"DHX32"
"3612","chr10",128933690,128994422,"FAM196A"
"3613","chr10",129248373,129250782,"AX747123"
"3614","chr10",129347612,129350936,"NPS"
"3615","chr10",129534479,129535260,"BC132944"
"3616","chr10",129535537,129539451,"FOXI2"
"3617","chr10",129676114,129691211,"CLRN3"
"3619","chr10",129894925,129924468,"MKI67"
"3622","chr10",131641563,131641638,"MIR4297"
"3624","chr10",131904272,131907102,"CTAGE7P"
"3625","chr10",131862162,131909081,"LOC387723"
"3626","chr10",131934638,131982786,"GLRX3"
"3627","chr10",132760851,132760931,"MIR378C"
"3629","chr10",133604734,133622535,"FLJ46300"
"3630","chr10",133747959,133770054,"PPP2R2D"
"3631","chr10",133781187,133783869,"AK125699"
"3632","chr10",133781204,133795435,"BNIP3"
"3633","chr10",133810241,133813351,"AX746857"
"3634","chr10",133918312,133998314,"JAKMIP3"
"3635","chr10",134000413,134019281,"DPYSL4"
"3637","chr10",134145613,134195011,"LRRC27"
"3638","chr10",134210701,134231359,"PWWP2B"
"3639","chr10",134258713,134261826,"C10orf91"
"3640","chr10",134325130,134331695,"AF086154"
"3642","chr10",134598320,134599537,"NKX6-2"
"3644","chr10",134779037,134789859,"AK125849"
"3645","chr10",134884432,134945180,"GPR123"
"3646","chr10",134973970,135039917,"KNDC1"
"3647","chr10",135043777,135045063,"UTF1"
"3648","chr10",135051407,135055434,"VENTX"
"3649","chr10",135061015,135061124,"MIR202"
"3650","chr10",135075920,135090407,"ADAM8"
"3651","chr10",135093138,135125841,"TUBGCP2"
"3652","chr10",135122422,135166188,"ZNF511"
"3653","chr10",135137576,135138249,"BC047942"
"3654","chr10",135138928,135150475,"CALY"
"3655","chr10",135168658,135171529,"C10orf125"
"3656","chr10",135185060,135185167,"MIR3944"
"3657","chr10",135175987,135186908,"ECHS1"
"3658","chr10",135192740,135205199,"PAOX"
"3659","chr10",135207620,135234175,"MTG1"
"3660","chr10",135234170,135238121,"SPRN"
"3661","chr10",135267431,135337063,"LOC619207"
"3662","chr10",135340866,135374725,"CYP2E1"
"3663","chr10",135367404,135382876,"SYCE1"
"3664","chr10",135380223,135383462,"SPRNP1"
"3665","chr10",135438603,135440299,"FRG2B"
"3666","chr10",135490278,135495194,"DUX4L3"
"3667","chr11",126987,139152,"LOC100133161"
"3668","chr11",193079,194574,"SCGB1C1"
"3669","chr11",196760,200259,"ODF3"
"3670","chr11",202924,207422,"BET1L"
"3671","chr11",208529,215111,"RIC8A"
"3672","chr11",214625,215112,"Z49985"
"3673","chr11",215030,236931,"SIRT3"
"3674","chr11",236807,252985,"PSMD13"
"3675","chr11",278569,285305,"NLRP6"
"3676","chr11",289137,295689,"ATHL1"
"3677","chr11",298203,299526,"IFITM5"
"3678","chr11",308106,309411,"IFITM2"
"3679","chr11",313990,315273,"IFITM1"
"3680","chr11",318652,325632,"BC040735"
"3681","chr11",319673,320914,"IFITM3"
"3682","chr11",369794,382118,"B4GALNT4"
"3683","chr11",392598,404909,"PKP3"
"3684","chr11",405716,417397,"SIGIRR"
"3685","chr11",417930,442011,"ANO9"
"3686","chr11",450279,491388,"PTDSS2"
"3687","chr11",494512,507283,"RNH1"
"3688","chr11",532242,535550,"HRAS"
"3689","chr11",537521,554917,"LRRC56"
"3690","chr11",557594,560108,"AX748330"
"3691","chr11",554850,560779,"C11orf35"
"3692","chr11",560970,564026,"RASSF7"
"3693","chr11",568089,568198,"MIR210"
"3694","chr11",565657,568457,"MIR210HG"
"3695","chr11",573808,575885,"LOC143666"
"3696","chr11",576482,612223,"PHRF1"
"3697","chr11",612555,615999,"IRF7"
"3698","chr11",616565,626078,"CDHR5"
"3699","chr11",626313,627173,"SCT"
"3700","chr11",637304,640706,"DRD4"
"3701","chr11",644225,695740,"DEAF1"
"3702","chr11",695615,705029,"TMEM80"
"3703","chr11",706119,727728,"EPS8L2"
"3704","chr11",747431,765025,"TALDO1"
"3705","chr11",766692,767947,"BC048998"
"3706","chr11",767223,777487,"PDDC1"
"3707","chr11",787110,790126,"CEND1"
"3708","chr11",790475,798269,"SLC25A22"
"3709","chr11",799179,805250,"PIDD"
"3710","chr11",809935,812877,"RPLP2"
"3711","chr11",811680,811815,"SNORA52"
"3712","chr11",818900,825572,"PNPLA2"
"3713","chr11",826156,831992,"EFCAB4A"
"3714","chr11",830713,830732,"JA429539"
"3715","chr11",832951,838836,"CD151"
"3716","chr11",839721,842529,"POLR2L"
"3717","chr11",842823,867117,"TSPAN4"
"3718","chr11",856880,858707,"AK126635"
"3719","chr11",880867,882176,"AX747537"
"3720","chr11",867357,915058,"CHID1"
"3721","chr11",925808,1012246,"AP2A2"
"3722","chr11",1012824,1036706,"MUC6"
"3723","chr11",1074874,1104418,"MUC2"
"3725","chr11",1213089,1222367,"MUC5AC"
"3726","chr11",1295598,1330892,"TOLLIP"
"3727","chr11",1330937,1331938,"LOC255512"
"3728","chr11",1411128,1483329,"BRSK2"
"3730","chr11",1575281,1593150,"DUSP8"
"3731","chr11",1593970,1620415,"LOC338651"
"3732","chr11",1605572,1606513,"KRTAP5-1"
"3733","chr11",1618407,1619524,"KRTAP5-2"
"3734","chr11",1628795,1629693,"KRTAP5-3"
"3735","chr11",1642188,1643368,"KRTAP5-4"
"3736","chr11",1651032,1652160,"KRTAP5-5"
"3737","chr11",1686828,1689087,"FAM99A"
"3738","chr11",1704500,1706859,"FAM99B"
"3739","chr11",1709526,1710287,"AF085962"
"3740","chr11",1718424,1718986,"KRTAP5-6"
"3741","chr11",1753640,1771824,"IFITM10"
"3742","chr11",1773982,1785222,"CTSD"
"3743","chr11",1848708,1858751,"SYT8"
"3744","chr11",1860232,1862911,"TNNI2"
"3745","chr11",1874199,1913494,"LSP1"
"3746","chr11",1880694,1880766,"MIR4298"
"3747","chr11",1940798,1959937,"TNNT3"
"3748","chr11",1968501,1977840,"MRPL23"
"3749","chr11",1994988,1999675,"AK126380"
"3750","chr11",2004439,2011150,"MRPL23-AS1"
"3751","chr11",2016406,2016803,"AK311497"
"3752","chr11",2017989,2018061,"MIR675"
"3753","chr11",2150342,2182439,"INS-IGF2"
"3754","chr11",2155364,2155439,"MIR483"
"3755","chr11",2156597,2170833,"IGF2"
"3756","chr11",2161757,2169897,"IGF2-AS1"
"3757","chr11",2185159,2193035,"TH"
"3758","chr11",2194292,2194369,"MIR4686"
"3759","chr11",2289728,2292182,"ASCL2"
"3760","chr11",2317507,2323143,"C11orf21"
"3761","chr11",2323242,2339431,"TSPAN32"
"3762","chr11",2398546,2418650,"CD81"
"3763","chr11",2349979,2399222,"BC019904"
"3764","chr11",2421717,2425107,"TSSC4"
"3765","chr11",2425746,2444275,"TRPM5"
"3767","chr11",2661768,2721228,"KCNQ1OT1"
"3768","chr11",2904448,2906995,"CDKN1C"
"3769","chr11",2920950,2946477,"SLC22A18"
"3770","chr11",2909327,2925175,"SLC22A18AS"
"3771","chr11",2949503,2950650,"PHLDA2"
"3772","chr11",2965660,3013607,"NAP1L4"
"3773","chr11",2985001,2985123,"SNORA54"
"3774","chr11",3022152,3078681,"CARS"
"3775","chr11",3050623,3062491,"AX747870"
"3776","chr11",3108346,3187969,"OSBPL5"
"3777","chr11",3239561,3244362,"C11orf36"
"3778","chr11",3239174,3240043,"MRGPRG"
"3779","chr11",3249041,3253616,"MRGPRE"
"3780","chr11",3379157,3400452,"ZNF195"
"3781","chr11",3402190,3430379,"LOC650368"
"3782","chr11",3411937,3413145,"OR7E12P"
"3783","chr11",3638461,3647750,"AB231779"
"3784","chr11",3647713,3658790,"TRPC2"
"3785","chr11",3659736,3663546,"ART5"
"3786","chr11",3666360,3685647,"ART1"
"3787","chr11",3686817,3692614,"CHRNA10"
"3789","chr11",3818953,3847583,"PGAP2"
"3790","chr11",3848208,3862213,"RHOG"
"3792","chr11",3877291,3877372,"MIR4687"
"3794","chr11",4388493,4389616,"OR52B4"
"3795","chr11",4406127,4414926,"TRIM21"
"3796","chr11",4470524,4471592,"OR52K2"
"3797","chr11",4510108,4511139,"OR52K1"
"3798","chr11",4566420,4567375,"OR52M1"
"3799","chr11",4592653,4599050,"C11orf40"
"3800","chr11",4608020,4609136,"OR52I2"
"3801","chr11",4615268,4616244,"OR52I1"
"3802","chr11",4619902,4629489,"TRIM68"
"3803","chr11",4660944,4662069,"OR51D1"
"3804","chr11",4665155,4676717,"OR51E1"
"3805","chr11",4701401,4719076,"OR51E2"
"3806","chr11",4790209,4791147,"OR51F1"
"3807","chr11",4824663,4825610,"OR52R1"
"3808","chr11",4842615,4843645,"OR51F2"
"3809","chr11",4869467,4870438,"OR51S1"
"3810","chr11",4903048,4904114,"OR51T1"
"3811","chr11",4928599,4929539,"OR51A7"
"3812","chr11",4935949,4936893,"OR51G2"
"3813","chr11",4944604,4945569,"OR51G1"
"3814","chr11",4967389,4968330,"OR51A4"
"3815","chr11",4976002,4976943,"OR51A2"
"3816","chr11",5009423,5013660,"MMP26"
"3817","chr11",5020212,5021161,"OR51L1"
"3818","chr11",5067755,5068692,"OR52J3"
"3819","chr11",5079880,5080857,"OR52E2"
"3820","chr11",5142385,5145743,"DQ656008"
"3821","chr11",5152922,5153872,"OR52A5"
"3822","chr11",5172661,5173599,"OR52A1"
"3823","chr11",5199341,5199783,"OR52Z1"
"3824","chr11",5220965,5221930,"OR51V1"
"3825","chr11",5245678,5245869,"CoTC_ribozyme"
"3826","chr11",5246696,5248301,"HBB"
"3827","chr11",5254059,5255858,"HBD"
"3828","chr11",5263185,5264822,"HBBP1"
"3829","chr11",5269502,5276395,"HBG1"
"3831","chr11",5322244,5323176,"OR51B4"
"3832","chr11",5344528,5345582,"OR51B2"
"3833","chr11",5362113,5364754,"OR51B5"
"3834","chr11",5372737,5373677,"OR51B6"
"3835","chr11",5410606,5411665,"OR51M1"
"3836","chr11",5443340,5444437,"OR51Q1"
"3837","chr11",5461772,5462783,"OR51I1"
"3838","chr11",5474637,5475708,"OR51I2"
"3839","chr11",5509914,5510979,"OR52D1"
"3840","chr11",5528530,5531153,"UBQLN3"
"3841","chr11",5535623,5537956,"UBQLNL"
"3842","chr11",5565791,5566753,"OR52H1"
"3843","chr11",5602106,5603115,"OR52B6"
"3844","chr11",5617330,5634189,"TRIM6"
"3845","chr11",5641173,5662527,"TRIM34"
"3846","chr11",5664411,5687611,"TRIM78P"
"3850","chr11",5729402,5758769,"OR56B1"
"3851","chr11",5775922,5776960,"OR52N4"
"3852","chr11",5798864,5799897,"OR52N5"
"3853","chr11",5809084,5810046,"OR52N1"
"3854","chr11",5841565,5842532,"OR52N2"
"3855","chr11",5862186,5863127,"OR52E6"
"3856","chr11",5877979,5878932,"OR52E8"
"3857","chr11",5905522,5906462,"OR52E4"
"3858","chr11",5968576,5969525,"OR56A3"
"3859","chr11",5988783,5989724,"OR56A5"
"3860","chr11",6007122,6008215,"OR52L1"
"3861","chr11",6023281,6024378,"OR56A4"
"3862","chr11",6047901,6048971,"OR56A1"
"3863","chr11",6129008,6129969,"OR56B4"
"3864","chr11",6172913,6173819,"OLFR690"
"3865","chr11",6190585,6191556,"OR52B2"
"3866","chr11",6220453,6221417,"OR52W1"
"3867","chr11",6226797,6232366,"C11orf42"
"3868","chr11",6232564,6255941,"FAM160A2"
"3869","chr11",6255994,6265710,"CNGA4"
"3870","chr11",6280903,6293358,"CCKBR"
"3871","chr11",6340176,6341740,"PRKCDBP"
"3872","chr11",6411643,6416229,"SMPD1"
"3873","chr11",6416355,6440644,"APBB1"
"3874","chr11",6452268,6462254,"HPX"
"3875","chr11",6469843,6495689,"TRIM3"
"3876","chr11",6502676,6505912,"FXC1"
"3877","chr11",6495913,6502709,"ARFIP2"
"3878","chr11",6518525,6593255,"DNHD1"
"3879","chr11",6621144,6624880,"RRP8"
"3880","chr11",6624963,6632100,"ILK"
"3881","chr11",6632048,6633475,"TAF10"
"3882","chr11",6633997,6640692,"TPP1"
"3883","chr11",6642554,6643914,"BC038382"
"3884","chr11",6642558,6677074,"DCHS1"
"3885","chr11",6701616,6704632,"MRPL17"
"3886","chr11",6734381,6767670,"GVINP1"
"3887","chr11",6789238,6790188,"OR2AG2"
"3888","chr11",6806247,6807246,"OR2AG1"
"3889","chr11",6815756,6817139,"OR6A2"
"3890","chr11",6866913,6867868,"OR10A5"
"3891","chr11",6890985,6891898,"OR10A2"
"3892","chr11",6897855,6898851,"OR10A4"
"3893","chr11",6912805,6913731,"OR2D2"
"3894","chr11",6942232,6943226,"OR2D3"
"3895","chr11",6947653,7005862,"ZNF215"
"3896","chr11",7020549,7041586,"ZNF214"
"3897","chr11",7041699,7092758,"NLRP14"
"3898","chr11",7110164,7112380,"RBMXL2"
"3900","chr11",7458868,7487042,"BC040358"
"3901","chr11",7506599,7532607,"OLFML1"
"3902","chr11",7448497,7526103,"AK128569"
"3904","chr11",7686326,7694994,"CYB5R2"
"3905","chr11",7712444,7727941,"OVCH2"
"3906","chr11",7794440,7795197,"PJCG1"
"3907","chr11",7817521,7818489,"OR5P2"
"3908","chr11",7846584,7847519,"OR5P3"
"3909","chr11",7870597,7871119,"OR5E1P"
"3910","chr11",7872298,7927502,"LOC283299"
"3911","chr11",7949265,7950209,"OR10A6"
"3912","chr11",7960123,7961067,"OR10A3"
"3913","chr11",7981156,7985059,"NLRP10"
"3914","chr11",8008444,8017720,"EIF3F"
"3915","chr11",8032825,8038036,"BC027619"
"3916","chr11",8040790,8127655,"TUB"
"3917","chr11",8081584,8090921,"AK055772"
"3918","chr11",8127597,8190590,"RIC3"
"3919","chr11",8245857,8290182,"LMO1"
"3921","chr11",8633584,8693413,"TRIM66"
"3922","chr11",8693133,8701271,"BC068088"
"3923","chr11",8703994,8711420,"RPL27A"
"3924","chr11",8706985,8707117,"SNORA45"
"3926","chr11",8932700,8941627,"AKIP1"
"3927","chr11",8941623,8954553,"C11orf16"
"3928","chr11",8959119,8964580,"ASCL3"
"3929","chr11",8968840,8986481,"TMEM9B"
"3930","chr11",9002123,9025596,"NRIP3"
"3931","chr11",9041047,9113150,"SCUBE2"
"3932","chr11",9115909,9117738,"KRT8P41"
"3934","chr11",9302201,9336315,"TMEM41B"
"3935","chr11",9406168,9469675,"IPO7"
"3936","chr11",9450312,9450502,"SNORA23"
"3937","chr11",9481103,9482245,"LOC644656"
"3938","chr11",9482511,9550072,"ZNF143"
"3939","chr11",9499971,9499995,"DM376721"
"3940","chr11",9522767,9522791,"DM376720"
"3941","chr11",9537859,9537883,"DM376719"
"3942","chr11",9595227,9611314,"WEE1"
"3943","chr11",9685627,9774508,"SWAP70"
"3944","chr11",9779839,9832867,"LOC283104"
"3945","chr11",9780544,9812792,"BC073899"
"3946","chr11",9776317,9781080,"LOC440028"
"3948","chr11",9860688,9950809,"U80769"
"3949","chr11",10326641,10328924,"ADM"
"3950","chr11",10352116,10432386,"EF537580"
"3951","chr11",10471867,10529127,"AMPD3"
"3952","chr11",10529434,10530723,"MTRNR2L8"
"3953","chr11",10530774,10530804,"DQ582265"
"3954","chr11",10533225,10562774,"RNF141"
"3955","chr11",10562786,10621480,"MRVI1-AS1"
"3956","chr11",10579413,10590365,"LYVE1"
"3958","chr11",10772810,10801291,"CTR9"
"3959","chr11",10823014,10823155,"SNORD97"
"3960","chr11",10818593,10830582,"EIF4G2"
"3961","chr11",10833621,10848129,"BC026354"
"3962","chr11",10874251,10879620,"ZBED5"
"3963","chr11",10879763,10900824,"LOC729013"
"3964","chr11",10905706,10920824,"AK056982"
"3966","chr11",11678198,11678269,"MIR4299"
"3968","chr11",11984543,12031316,"DKK3"
"3970","chr11",12237840,12241078,"AK026905"
"3971","chr11",12308446,12380692,"MICALCL"
"3973","chr11",12695065,12695087,"DD413619"
"3975","chr11",13001081,13011095,"LOC100506305"
"3976","chr11",13030969,13033654,"RASSF10"
"3978","chr11",13409556,13484838,"BTBD10"
"3979","chr11",13513601,13517567,"PTH"
"3980","chr11",13690205,13753894,"FAR1"
"3982","chr11",14299466,14386052,"RRAS2"
"3983","chr11",14479049,14521441,"COPB1"
"3986","chr11",14899556,14913751,"CYP2R1"
"3987","chr11",14988215,14993832,"CALCA"
"3988","chr11",15095145,15103889,"CALCB"
"3990","chr11",15503354,15503439,"SnoMBII_202"
"3992","chr11",16760147,16779902,"C11orf58"
"3993","chr11",16798844,16802232,"AL833346"
"3995","chr11",17073432,17074592,"OR7E14P"
"3996","chr11",17096201,17096291,"SNORD14"
"3997","chr11",17095939,17099220,"RPS13"
"3999","chr11",17281886,17371522,"NUCB2"
"4000","chr11",17373308,17398869,"B7H6"
"4001","chr11",17406796,17410878,"KCNJ11"
"4002","chr11",17414432,17498449,"ABCC8"
"4003","chr11",17515442,17565963,"USH1C"
"4004","chr11",17599810,17660482,"OTOG"
"4005","chr11",17741109,17743679,"MYOD1"
"4006","chr11",17757494,17804603,"KCNC1"
"4008","chr11",18042084,18062335,"TPH1"
"4009","chr11",18101890,18127638,"SAAL1"
"4010","chr11",18134019,18137679,"SAA3P"
"4011","chr11",18142501,18160028,"MRGPRX3"
"4012","chr11",18194383,18195828,"MRGPRX4"
"4013","chr11",18230684,18235112,"LOC494141"
"4014","chr11",18252902,18258384,"SAA4"
"4015","chr11",18287807,18291524,"SAA1"
"4016","chr11",18300217,18343721,"HPS5"
"4017","chr11",18343815,18388591,"GTF2H1"
"4018","chr11",18415935,18429766,"LDHA"
"4019","chr11",18433852,18472794,"LDHC"
"4020","chr11",18477373,18501148,"LDHAL6A"
"4021","chr11",18501858,18548503,"TSG101"
"4022","chr11",18573219,18573240,"JA429845"
"4023","chr11",18553244,18610281,"UEVLD"
"4024","chr11",18621350,18631803,"LOC100506540"
"4025","chr11",18627948,18656020,"SPTY2D1"
"4026","chr11",18720350,18726333,"TMEM86A"
"4027","chr11",18725852,18747777,"IGSF22"
"4028","chr11",18749475,18813389,"PTPN5"
"4029","chr11",18955360,18956549,"MRGPRX1"
"4030","chr11",19076003,19082228,"MRGPRX2"
"4031","chr11",19138691,19197968,"ZDHHC13"
"4032","chr11",19203578,19223589,"CSRP3"
"4033","chr11",19245610,19263167,"E2F8"
"4035","chr11",19532440,19545625,"NAV2-AS4"
"4036","chr11",19596856,19596920,"MIR4486"
"4037","chr11",19732480,19736218,"LOC100126784"
"4038","chr11",19781550,19781629,"MIR4694"
"4039","chr11",20177760,20181870,"DBX1"
"4040","chr11",20385230,20405330,"HTATIP2"
"4042","chr11",20620945,20676611,"SLC6A5"
"4044","chr11",22214721,22304914,"ANO5"
"4045","chr11",22359666,22401047,"SLC17A6"
"4046","chr11",22644079,22647387,"FANCF"
"4048","chr11",22843598,22851382,"SVIP"
"4049","chr11",22868468,22881972,"LOC100500938"
"4050","chr11",23959355,23960351,"endogenous retrovirus ERV9"
"4053","chr11",26524764,26526330,"BC045791"
"4054","chr11",26580579,26593815,"MUC15"
"4055","chr11",26688566,26744974,"SLC5A12"
"4056","chr11",27015627,27018633,"FIBIN"
"4057","chr11",27062508,27149355,"BBOX1"
"4058","chr11",27360061,27384795,"CCDC34"
"4060","chr11",27515965,27528326,"LIN7C"
"4062","chr11",27645541,27656128,"EF565102"
"4063","chr11",27676442,27743605,"BDNF"
"4064","chr11",28078361,28078458,"MIR610"
"4065","chr11",28078415,28078435,"JA429044"
"4066","chr11",28042163,28129746,"KIF18A"
"4068","chr11",30031288,30038577,"KCNA4"
"4069","chr11",30252562,30256825,"FSHB"
"4070","chr11",30344648,30359166,"C11orf46"
"4074","chr11",31391376,31454383,"DNAJC24"
"4075","chr11",31453949,31531169,"IMMP1L"
"4077","chr11",31806340,31839509,"PAX6"
"4078","chr11",31838113,31908588,"DKFZp686K1684"
"4079","chr11",32112476,32127273,"RCN1"
"4080","chr11",32409322,32459474,"WT1"
"4081","chr11",32457284,32461621,"WT1-AS"
"4082","chr11",32605390,32624015,"EIF3M"
"4084","chr11",32851480,32879670,"PRRG4"
"4086","chr11",33037409,33055129,"DEPDC7"
"4087","chr11",33060962,33127489,"TCP11L1"
"4088","chr11",33097695,33101001,"LINC00294"
"4089","chr11",33106130,33183037,"CSTF3"
"4090","chr11",33183202,33213143,"LOC338739"
"4091","chr11",33279167,33375940,"HIPK3"
"4093","chr11",33719654,33722286,"C11orf91"
"4094","chr11",33724556,33758025,"CD59"
"4095","chr11",33762490,33796071,"FBXO3"
"4096","chr11",33880123,33913836,"LMO2"
"4097","chr11",34073229,34124158,"CAPRIN1"
"4098","chr11",34127110,34168459,"NAT10"
"4100","chr11",34460471,34493608,"CAT"
"4101","chr11",34500342,34535347,"ELF5"
"4102","chr11",34642587,34684835,"EHF"
"4103","chr11",34937676,35017676,"PDHX"
"4104","chr11",34896714,34937939,"APIP"
"4105","chr11",34963383,34963468,"MIR1343"
"4106","chr11",35160416,35253950,"CD44"
"4108","chr11",35453376,35551848,"PAMR1"
"4109","chr11",35639734,35642422,"FJX1"
"4111","chr11",35835881,35839557,"DQ573949"
"4113","chr11",36031647,36031755,"MIR3973"
"4114","chr11",36084834,36099448,"BC036209"
"4115","chr11",36293842,36310999,"COMMD9"
"4117","chr11",36505317,36531863,"TRAF6"
"4118","chr11",36537013,36614707,"RAG1"
"4119","chr11",36613493,36619829,"RAG2"
"4120","chr11",36616066,36696391,"C11orf74"
"4122","chr11",42209293,42275240,"LOC100507205"
"4123","chr11",43283054,43290919,"HNRNPKP3"
"4124","chr11",43333504,43366081,"API5"
"4126","chr11",43581205,43581304,"MIR670"
"4127","chr11",43590855,43591946,"BC031305"
"4128","chr11",43602943,43603034,"MIR129-2"
"4130","chr11",43851259,43855297,"AK094325"
"4131","chr11",43902356,43941826,"ALKBH3"
"4132","chr11",43918852,43921425,"LOC729799"
"4133","chr11",43930839,43942494,"LOC100507300"
"4134","chr11",43964105,43965434,"C11orf96"
"4135","chr11",43965337,43968756,"AX748080"
"4136","chr11",44069530,44081528,"ACCSL"
"4137","chr11",44087474,44105570,"ACCS"
"4139","chr11",44282278,44331716,"ALX4"
"4140","chr11",44587140,44641316,"CD82"
"4142","chr11",44907454,44972840,"TP53I11"
"4143","chr11",44995452,44999579,"LOC221122"
"4145","chr11",45234021,45236294,"AK097878"
"4146","chr11",45261853,45307884,"SYT13"
"4147","chr11",45392947,45410060,"FLJ41423"
"4148","chr11",45669239,45687206,"CHST1"
"4149","chr11",45697694,45697737,"DQ600225"
"4150","chr11",45699746,45699781,"DQ592142"
"4151","chr11",45700330,45700393,"DQ576495"
"4152","chr11",45700506,45700538,"DQ582894"
"4153","chr11",45701970,45701999,"DQ585921"
"4154","chr11",45702306,45702361,"DQ580411"
"4155","chr11",45702650,45702685,"DQ595780"
"4156","chr11",45702996,45703036,"DQ597512"
"4157","chr11",45703417,45703480,"DQ573877"
"4158","chr11",45704259,45704288,"DQ592387"
"4159","chr11",45704712,45704746,"DQ601209"
"4160","chr11",45704851,45704883,"DQ583935"
"4161","chr11",45705064,45705103,"DQ601289"
"4162","chr11",45705354,45705413,"DQ583612"
"4163","chr11",45706255,45706285,"DQ577602"
"4164","chr11",45706457,45706485,"DQ592882"
"4165","chr11",45707072,45707111,"DQ576099"
"4166","chr11",45707325,45707364,"DQ581231"
"4167","chr11",45707656,45707698,"DQ586202"
"4168","chr11",45709425,45709481,"DQ584372"
"4169","chr11",45709997,45710037,"DQ573744"
"4170","chr11",45710614,45710645,"DQ577649"
"4171","chr11",45710775,45710820,"DQ576239"
"4172","chr11",45710879,45710932,"DQ571241"
"4173","chr11",45711115,45711143,"DQ583646"
"4174","chr11",45711157,45711190,"DQ585551"
"4175","chr11",45712231,45712262,"DQ577288"
"4176","chr11",45712929,45712965,"DQ589925"
"4177","chr11",45712974,45713003,"DQ580945"
"4178","chr11",45713442,45713473,"DQ590864"
"4179","chr11",45714033,45714070,"DQ594732"
"4180","chr11",45714556,45714598,"DQ580378"
"4181","chr11",45714867,45714913,"DQ592890"
"4182","chr11",45715056,45715085,"DQ595261"
"4183","chr11",45715376,45715433,"DQ584722"
"4184","chr11",45715766,45715842,"DQ584505"
"4185","chr11",45715869,45715899,"DQ595026"
"4186","chr11",45716017,45716046,"DQ569946"
"4187","chr11",45717159,45717188,"DQ582305"
"4188","chr11",45717260,45717302,"DQ600902"
"4189","chr11",45717508,45717542,"DQ575455"
"4190","chr11",45717587,45717619,"DQ596355"
"4191","chr11",45717777,45717812,"DQ589384"
"4192","chr11",45718119,45718182,"DQ595965"
"4193","chr11",45718235,45718273,"DQ580359"
"4194","chr11",45718320,45718352,"DQ570864"
"4195","chr11",45718361,45718391,"DQ596865"
"4196","chr11",45718416,45718457,"DQ594571"
"4197","chr11",45718570,45718598,"DQ594135"
"4198","chr11",45718630,45718659,"DQ576075"
"4199","chr11",45718743,45718804,"DQ594374"
"4200","chr11",45719136,45719173,"DQ576996"
"4201","chr11",45719349,45719377,"DQ580332"
"4202","chr11",45719769,45719801,"DQ594520"
"4203","chr11",45719807,45719840,"DQ585153"
"4204","chr11",45719874,45719913,"DQ577389"
"4205","chr11",45720191,45720221,"DQ594870"
"4206","chr11",45720280,45720335,"DQ585460"
"4207","chr11",45720820,45720849,"DQ588034"
"4208","chr11",45721045,45721082,"DQ591858"
"4209","chr11",45721130,45721167,"DQ591724"
"4210","chr11",45721206,45721235,"DQ588704"
"4211","chr11",45721246,45721278,"DQ578236"
"4212","chr11",45721296,45721329,"DQ587050"
"4213","chr11",45721534,45721608,"DQ575869"
"4214","chr11",45722055,45722087,"DQ589570"
"4215","chr11",45722121,45722149,"DQ571892"
"4216","chr11",45722697,45722732,"DQ573752"
"4217","chr11",45723091,45723142,"DQ585760"
"4218","chr11",45723504,45723563,"DQ572786"
"4219","chr11",45723605,45723632,"DQ599212"
"4220","chr11",45723743,45723788,"DQ585275"
"4221","chr11",45723797,45723827,"DQ583615"
"4222","chr11",45724550,45724589,"DQ582903"
"4223","chr11",45724689,45724728,"DQ582858"
"4224","chr11",45724817,45724883,"DQ577965"
"4225","chr11",45725041,45725069,"DQ581441"
"4226","chr11",45725698,45725766,"DQ599610"
"4227","chr11",45725953,45726007,"DQ570469"
"4228","chr11",45726075,45726106,"DQ600737"
"4229","chr11",45727086,45727116,"DQ585129"
"4230","chr11",45727812,45727877,"DQ594272"
"4231","chr11",45728720,45728755,"DQ577812"
"4232","chr11",45731275,45731324,"DQ595836"
"4233","chr11",45732246,45732281,"DQ573660"
"4234","chr11",45732389,45732442,"DQ572425"
"4235","chr11",45734299,45734345,"DQ588228"
"4236","chr11",45734506,45734541,"DQ587623"
"4237","chr11",45734965,45734994,"DQ599087"
"4238","chr11",45735055,45735084,"DQ592381"
"4239","chr11",45735838,45735870,"DQ589460"
"4240","chr11",45736326,45736354,"DQ573895"
"4241","chr11",45736366,45736402,"DQ599539"
"4242","chr11",45737591,45737655,"DQ592438"
"4243","chr11",45738136,45738166,"DQ590971"
"4244","chr11",45738423,45738463,"DQ587606"
"4245","chr11",45738847,45738876,"DQ575274"
"4246","chr11",45739265,45739299,"DQ584521"
"4247","chr11",45739629,45739666,"DQ597700"
"4248","chr11",45739737,45739772,"DQ601595"
"4249","chr11",45739826,45739906,"DQ598045"
"4250","chr11",45740015,45740043,"DQ593189"
"4251","chr11",45740151,45740194,"DQ575059"
"4252","chr11",45740742,45740778,"DQ576584"
"4253","chr11",45740816,45740854,"DQ574428"
"4254","chr11",45740991,45741065,"DQ579844"
"4255","chr11",45741236,45741290,"DQ573749"
"4256","chr11",45741298,45741328,"DQ572830"
"4257","chr11",45741355,45741388,"DQ595071"
"4258","chr11",45741420,45741457,"DQ576722"
"4259","chr11",45741542,45741571,"DQ595234"
"4260","chr11",45741617,45741652,"DQ576379"
"4261","chr11",45741831,45741881,"DQ571263"
"4262","chr11",45741996,45742036,"DQ583098"
"4263","chr11",45742130,45742161,"DQ589004"
"4264","chr11",45742696,45742727,"DQ598861"
"4265","chr11",45742831,45742860,"DQ598733"
"4266","chr11",45743090,45743119,"DQ582888"
"4267","chr11",45743151,45743205,"DQ576346"
"4268","chr11",45743508,45743536,"DQ595146"
"4269","chr11",45743610,45743640,"DQ577434"
"4270","chr11",45745051,45745083,"DQ574214"
"4271","chr11",45792982,45793910,"DKFZp779M0652"
"4272","chr11",45825622,45834568,"SLC35C1"
"4273","chr11",45868668,45904800,"CRY2"
"4274","chr11",45907046,45928017,"MAPK8IP1"
"4275","chr11",45928086,45928833,"C11orf94"
"4276","chr11",45931220,45939674,"PEX16"
"4277","chr11",45943195,45950648,"GYLTL1B"
"4279","chr11",46299227,46342973,"CREB3L1"
"4280","chr11",46354454,46402105,"DGKZ"
"4281","chr11",46397951,46398035,"MIR4688"
"4282","chr11",46402333,46405376,"MDK"
"4283","chr11",46406640,46408107,"CHRM4"
"4284","chr11",46473356,46473438,"MIR3160-2"
"4285","chr11",46473355,46473439,"MIR3160-1"
"4287","chr11",46624856,46638777,"HARBI1"
"4288","chr11",46638825,46697569,"ATG13"
"4289","chr11",46698632,46722120,"ARHGAP1"
"4290","chr11",46722316,46727467,"ZNF408"
"4291","chr11",46740742,46761057,"F2"
"4292","chr11",46780316,46784049,"SNORD67"
"4294","chr11",46867961,46895968,"LOC100507401"
"4295","chr11",46878268,46940173,"LRP4"
"4297","chr11",47185849,47198676,"ARFGAP2"
"4298","chr11",47199073,47208010,"PACSIN3"
"4299","chr11",47236492,47260770,"DDB2"
"4300","chr11",47269850,47290585,"NR1H3"
"4301","chr11",47260853,47270457,"ACP2"
"4302","chr11",47290926,47351583,"MADD"
"4303","chr11",47352957,47374253,"MYBPC3"
"4304","chr11",47377000,47438052,"SLC39A13"
"4305","chr11",47376409,47400127,"SPI1"
"4306","chr11",47440320,47448024,"PSMC3"
"4307","chr11",47459308,47470730,"RAPSN"
"4308","chr11",47487489,47574792,"CELF1"
"4309","chr11",47586981,47595014,"PTPMT1"
"4310","chr11",47593749,47600567,"KBTBD4"
"4311","chr11",47600561,47606116,"NDUFS3"
"4312","chr11",47608229,47610747,"FAM180B"
"4313","chr11",47611216,47615961,"C1QTNF4"
"4314","chr11",47638858,47664206,"MTCH2"
"4315","chr11",47681143,47736928,"AGBL2"
"4316","chr11",47738069,47788993,"FNBP4"
"4317","chr11",47799670,47870057,"NUP160"
"4319","chr11",48238361,48239292,"OR4B1"
"4320","chr11",48266655,48267568,"OR4X2"
"4321","chr11",48285412,48286331,"OR4X1"
"4322","chr11",48327774,48328705,"OR4S1"
"4323","chr11",48346492,48347483,"OR4C3"
"4324","chr11",48366900,48373999,"OR4C45"
"4325","chr11",48510344,48511275,"OR4A47"
"4326","chr11",48997050,49003247,"LOC120824"
"4327","chr11",49053151,49059530,"LOC283116"
"4328","chr11",49075266,49080664,"TRIM64C"
"4329","chr11",49168187,49230222,"FOLH1"
"4331","chr11",49973942,49974972,"OR4C13"
"4332","chr11",50003009,50004071,"OR4C12"
"4333","chr11",50238999,50257633,"LOC441601"
"4334","chr11",50368317,50379804,"LOC646813"
"4335","chr11",51411378,51412448,"OR4A5"
"4336","chr11",51515281,51516212,"OR4C46"
"4337","chr11",55029657,55038596,"TRIM48"
"4338","chr11",55061179,55065708,"LOC440041"
"4339","chr11",55110676,55111664,"OR4A16"
"4340","chr11",55135359,55136395,"OR4A15"
"4341","chr11",55321782,55322896,"OR4C15"
"4342","chr11",55339603,55340537,"OR4C16"
"4343","chr11",55370830,55371874,"OR4C11"
"4344","chr11",55405833,55406773,"OR4P4"
"4345","chr11",55418379,55419316,"OR4S2"
"4346","chr11",55432642,55433573,"OR4C6"
"4347","chr11",55540913,55541859,"OR5D13"
"4348","chr11",55563031,55563977,"OR5D14"
"4349","chr11",55578942,55579879,"OR5L1"
"4350","chr11",55587105,55588048,"OR5D18"
"4351","chr11",55594694,55595631,"OR5L2"
"4352","chr11",55606227,55607215,"OR5D16"
"4353","chr11",55650772,55659285,"SPRYD5"
"4354","chr11",55681126,55682058,"OR5W2"
"4355","chr11",55702932,55703876,"OR5I1"
"4356","chr11",55735034,55735939,"OR10AG1"
"4357","chr11",55746179,55753881,"OR7E5P"
"4358","chr11",55761157,55762101,"OR5F1"
"4359","chr11",55797894,55798870,"OR5AS1"
"4360","chr11",55860783,55861717,"OR8I2"
"4361","chr11",55872518,55873458,"OR8H2"
"4362","chr11",55889848,55890788,"OR8H3"
"4363","chr11",55904247,55905194,"OR8J3"
"4364","chr11",55926870,55927793,"OR8K5"
"4365","chr11",55944093,55945033,"OR5J2"
"4366","chr11",55999582,56000661,"OR5T2"
"4367","chr11",56019675,56020699,"OR5T3"
"4368","chr11",56043114,56044096,"OR5T1"
"4369","chr11",56057603,56058538,"OR8H1"
"4370","chr11",56085782,56086722,"OR8K3"
"4371","chr11",56113514,56114475,"OR8K1"
"4372","chr11",56127690,56128765,"OR8J1"
"4374","chr11",56184734,56185708,"OR5R1"
"4375","chr11",56229945,56230877,"OR5M9"
"4376","chr11",56236964,56238014,"OR5M3"
"4377","chr11",56257911,56258846,"OR5M8"
"4378","chr11",56309816,56310733,"OR5M11"
"4379","chr11",56344250,56345197,"OR5M10"
"4380","chr11",56380031,56380978,"OR5M1"
"4381","chr11",56408965,56409915,"OR5AP2"
"4382","chr11",56431161,56432095,"OR5AR1"
"4383","chr11",56467863,56468782,"OR9G9"
"4384","chr11",56510304,56511287,"OR9G4"
"4385","chr11",56569552,56569840,"AB231739"
"4386","chr11",56615953,56645555,"AK096987"
"4387","chr11",56756388,56757319,"OR5AK2"
"4388","chr11",56805008,56805936,"OR5AK4P"
"4389","chr11",56949220,56959189,"LRRC55"
"4390","chr11",57001052,57004927,"APLNR"
"4391","chr11",57067103,57092413,"TNKS1BP1"
"4392","chr11",57093459,57103351,"SSRP1"
"4393","chr11",57105840,57137550,"P2RX3"
"4394","chr11",57144242,57148623,"PRG3"
"4395","chr11",57154834,57191532,"PRG2"
"4396","chr11",57174427,57176222,"BC064137"
"4397","chr11",57182088,57195053,"SLC43A3"
"4398","chr11",57228338,57244385,"RTN4RL2"
"4399","chr11",57252004,57283192,"SLC43A1"
"4400","chr11",57295936,57298232,"TIMM10"
"4401","chr11",57310113,57317748,"SMTNL1"
"4402","chr11",57319128,57335803,"UBE2L6"
"4403","chr11",57365026,57382327,"SERPING1"
"4404","chr11",57405848,57420264,"AK096335"
"4405","chr11",57408670,57408760,"MIR130A"
"4406","chr11",57412560,57417417,"YPEL4"
"4407","chr11",57425215,57429338,"CLP1"
"4408","chr11",57435473,57468660,"ZDHHC5"
"4409","chr11",57471182,57479673,"MED19"
"4410","chr11",57479994,57508446,"TMX2"
"4411","chr11",57508721,57510884,"C11orf31"
"4412","chr11",57510986,57519253,"BTBD18"
"4413","chr11",57520714,57586653,"CTNND1"
"4415","chr11",57798424,57799379,"OR6Q1"
"4416","chr11",57876435,57886916,"OR9I1"
"4417","chr11",57957905,57958991,"OR9Q2"
"4418","chr11",57970676,57971653,"OR1S2"
"4419","chr11",57982216,57983195,"OR1S1"
"4420","chr11",57995354,57996390,"OR10Q1"
"4421","chr11",58034264,58035732,"OR10W1"
"4422","chr11",58125598,58126542,"OR5B17"
"4423","chr11",58169938,58170882,"OR5B3"
"4424","chr11",58189738,58190786,"OR5B2"
"4425","chr11",58206593,58207646,"OR5B12"
"4426","chr11",58274649,58275578,"OR5B21"
"4427","chr11",58317734,58318705,"AK301093"
"4428","chr11",58294344,58345693,"LPXN"
"4429","chr11",58346586,58393206,"ZFP91"
"4430","chr11",58476230,58499447,"GLYAT"
"4431","chr11",58601540,58611997,"GLYATL2"
"4432","chr11",58652423,58660267,"AB231721"
"4433","chr11",58672896,58676072,"AK294973"
"4434","chr11",58695101,58724544,"GLYATL1"
"4435","chr11",58746331,58746844,"AB231722"
"4437","chr11",58874657,58894889,"FAM111B"
"4438","chr11",58901712,58910281,"BC028022"
"4439","chr11",58910317,58922512,"FAM111A"
"4440","chr11",58938902,58976061,"DTX4"
"4441","chr11",58975983,58980494,"MPEG1"
"4442","chr11",59131931,59132868,"OR5AN1"
"4443","chr11",59189452,59190426,"OR5A2"
"4444","chr11",59210641,59211590,"OR5A1"
"4445","chr11",59224433,59225379,"OR4D6"
"4446","chr11",59244902,59245839,"OR4D10"
"4447","chr11",59271048,59271985,"OR4D11"
"4448","chr11",59282385,59283331,"OR4D9"
"4449","chr11",59332527,59332548,"JA429603"
"4450","chr11",59362550,59362631,"MIR3162"
"4451","chr11",59341871,59383617,"OSBP"
"4452","chr11",59404192,59436511,"PATL1"
"4453","chr11",59480389,59481318,"OR10V1"
"4454","chr11",59516284,59517055,"OR10V2P"
"4455","chr11",59522531,59573356,"STX3"
"4456","chr11",59573608,59578345,"MRPL16"
"4457","chr11",59596746,59612974,"GIF"
"4458","chr11",59620281,59634041,"TCN1"
"4459","chr11",59710362,59737620,"AB231702"
"4460","chr11",59807747,59815517,"PLAC1L"
"4461","chr11",59824100,59838589,"MS4A3"
"4462","chr11",59856136,59865941,"MS4A2"
"4463","chr11",59939080,59952139,"MS4A6A"
"4464","chr11",59980562,59997544,"AB231731"
"4465","chr11",60048013,60076446,"MS4A4A"
"4466","chr11",60102354,60108442,"MS4A6E"
"4467","chr11",60145957,60163427,"MS4A7"
"4468","chr11",60163486,60185229,"MS4A14"
"4469","chr11",60197061,60215266,"MS4A5"
"4470","chr11",60223281,60238226,"MS4A1"
"4471","chr11",60260250,60274902,"MS4A12"
"4472","chr11",60282885,60310192,"MS4A13"
"4473","chr11",60383223,60454622,"LINC00301"
"4474","chr11",60467046,60483286,"MS4A8B"
"4475","chr11",60501076,60506417,"AB231761"
"4476","chr11",60524339,60544205,"MS4A15"
"4477","chr11",60552820,60568779,"MS4A10"
"4478","chr11",60609428,60618562,"CCDC86"
"4479","chr11",60618398,60623444,"PTGDR2"
"4480","chr11",60635014,60643165,"ZP1"
"4481","chr11",60658020,60674061,"PRPF19"
"4482","chr11",60681370,60690916,"TMEM109"
"4483","chr11",60691912,60704632,"TMEM132A"
"4484","chr11",60704555,60719257,"SLC15A3"
"4485","chr11",60739112,60787849,"CD6"
"4486","chr11",60869929,60895324,"CD5"
"4487","chr11",60897728,60928916,"VPS37C"
"4488","chr11",60970983,60980351,"PGA3"
"4489","chr11",60989820,60999180,"PGA4"
"4490","chr11",61008643,61018930,"PGA5"
"4491","chr11",61025758,61062788,"VWCE"
"4492","chr11",61066919,61110047,"DDB1"
"4493","chr11",61100653,61116232,"DAK"
"4494","chr11",61116220,61129755,"CYBASC3"
"4495","chr11",61129472,61136976,"TMEM138"
"4496","chr11",61159831,61166336,"TMEM216"
"4497","chr11",61170120,61197464,"CPSF7"
"4498","chr11",61197596,61214240,"SDHAF2"
"4499","chr11",61248584,61258401,"PPP1R32"
"4500","chr11",61276067,61276130,"MIR4488"
"4501","chr11",61276271,61278491,"LRRC10B"
"4502","chr11",61281188,61348344,"SYT7"
"4503","chr11",61355965,61375019,"BC040894"
"4504","chr11",61382507,61406922,"RPLP0P2"
"4505","chr11",61447904,61514475,"DAGLA"
"4506","chr11",61520120,61555990,"C11orf9"
"4507","chr11",61521501,61525136,"DKFZP434K028"
"4508","chr11",61553967,61555991,"BC020196"
"4509","chr11",61559967,61560033,"MIR611"
"4510","chr11",61556602,61560085,"C11orf10"
"4511","chr11",61560108,61564715,"FEN1"
"4512","chr11",61567097,61584529,"FADS1"
"4513","chr11",61582633,61582712,"MIR1908"
"4514","chr11",61583727,61634826,"FADS2"
"4515","chr11",61640998,61659006,"FADS3"
"4516","chr11",61664773,61687741,"RAB3IL1"
"4517","chr11",61717355,61731936,"BEST1"
"4518","chr11",61731757,61735132,"FTH1"
"4519","chr11",61735553,61736963,"BC132896"
"4520","chr11",61891444,61920636,"INCENP"
"4521","chr11",61957709,61961010,"SCGB1D1"
"4522","chr11",61976139,61981412,"SCGB2A1"
"4523","chr11",62009723,62012281,"SCGB1D2"
"4524","chr11",62037629,62040629,"SCGB2A2"
"4525","chr11",62063754,62066536,"SCGB1D4"
"4526","chr11",62104773,62160888,"ASRGL1"
"4527","chr11",62186506,62190679,"SCGB1A1"
"4529","chr11",62327073,62342401,"EEF1G"
"4530","chr11",62342517,62359109,"TUT1"
"4531","chr11",62360675,62369312,"MTA2"
"4532","chr11",62369691,62380237,"EML3"
"4533","chr11",62380212,62382593,"ROM1"
"4534","chr11",62382768,62389647,"B3GAT3"
"4535","chr11",62392298,62414104,"GANAB"
"4536","chr11",62414320,62420774,"INTS5"
"4537","chr11",62432778,62435955,"METTL12"
"4538","chr11",62432893,62433043,"SNORA57"
"4539","chr11",62439125,62441163,"C11orf83"
"4540","chr11",62430289,62439241,"C11orf48"
"4541","chr11",62443972,62446545,"UBXN1"
"4542","chr11",62453874,62457371,"LRRN4CL"
"4543","chr11",62457734,62477091,"BSCL2"
"4544","chr11",62475113,62476679,"GNG3"
"4545","chr11",62480097,62494857,"HNRNPUL2"
"4546","chr11",62495583,62506109,"TTC9C"
"4547","chr11",62518435,62521656,"ZBTB3"
"4548","chr11",62529010,62534188,"POLR2G"
"4549","chr11",62538774,62554814,"TAF6L"
"4550","chr11",62554873,62557873,"TMEM179B"
"4551","chr11",62557787,62559486,"TMEM223"
"4552","chr11",62559598,62572964,"NXF1"
"4553","chr11",62574332,62599563,"STX5"
"4554","chr11",62600383,62609281,"WDR74"
"4555","chr11",62620382,62621757,"SNORD22"
"4556","chr11",62621135,62621204,"SNORD30"
"4557","chr11",62621376,62621440,"SNORD29"
"4558","chr11",62622093,62622167,"SNORD28"
"4559","chr11",62622764,62622838,"SNORD26"
"4560","chr11",62623037,62623103,"SNORD25"
"4561","chr11",62619460,62623360,"SNHG1"
"4562","chr11",62623483,62656356,"SLC3A2"
"4563","chr11",62676151,62689012,"CHRM1"
"4564","chr11",62744069,62752495,"SLC22A6"
"4565","chr11",62756626,62783317,"SLC22A8"
"4566","chr11",62847412,62911693,"SLC22A24"
"4568","chr11",62933986,62934680,"AY517500"
"4569","chr11",62931296,62997124,"SLC22A25"
"4570","chr11",63137260,63177713,"SLC22A9"
"4571","chr11",63228876,63258680,"HRASLS5"
"4572","chr11",63273523,63284247,"LGALS12"
"4573","chr11",63304272,63313931,"RARRES3"
"4574","chr11",63320242,63330855,"HRASLS2"
"4575","chr11",63341944,63381941,"PLA2G16"
"4576","chr11",63391556,63395325,"DQ593252"
"4577","chr11",63396437,63439444,"ATL3"
"4578","chr11",63448921,63527364,"RTN3"
"4579","chr11",63580922,63595191,"C11orf84"
"4580","chr11",63591749,63595187,"AK092098"
"4581","chr11",63606399,63678493,"MARK2"
"4582","chr11",63678693,63684316,"RCOR2"
"4583","chr11",63706441,63724447,"NAA40"
"4584","chr11",63742078,63744016,"COX8A"
"4585","chr11",63753324,63765893,"OTUB1"
"4586","chr11",63871361,63886646,"FLRT1"
"4588","chr11",63953586,63972021,"STIP1"
"4589","chr11",63974151,63991364,"FERMT3"
"4590","chr11",63991271,63993726,"TRPT1"
"4591","chr11",63993737,63997489,"NUDT22"
"4592","chr11",63997752,64001754,"DNAJC4"
"4593","chr11",63996625,63998760,"AX747192"
"4594","chr11",64002055,64006737,"VEGFB"
"4595","chr11",64008412,64011608,"FKBP2"
"4596","chr11",64011951,64014413,"PPP1R14B"
"4597","chr11",64018994,64036925,"PLCB3"
"4598","chr11",64051810,64056973,"GPR137"
"4599","chr11",64037300,64052176,"BAD"
"4600","chr11",64058792,64072240,"KCNK4"
"4601","chr11",64073043,64084213,"ESRRA"
"4602","chr11",64084165,64085033,"TRMT112"
"4603","chr11",64085559,64089296,"PRDX5"
"4604","chr11",64107689,64125007,"CCDC88B"
"4605","chr11",64126624,64139688,"RPS6KA4"
"4606","chr11",64136073,64136176,"MIR1237"
"4607","chr11",64187862,64188530,"BC038767"
"4608","chr11",64323097,64339000,"SLC22A11"
"4609","chr11",64358281,64369821,"SLC22A12"
"4611","chr11",64494383,64512928,"RASGRP2"
"4612","chr11",64513861,64528187,"PYGM"
"4613","chr11",64532078,64533069,"E10222"
"4614","chr11",64532076,64546316,"SF1"
"4615","chr11",64556609,64570713,"MAP4K2"
"4616","chr11",64570986,64578766,"MEN1"
"4617","chr11",64591662,64612041,"CDC42BPG"
"4618","chr11",64620208,64647149,"EHD1"
"4619","chr11",64658609,64658718,"MIR192"
"4620","chr11",64658827,64658911,"MIR194-2"
"4621","chr11",64655934,64660921,"AB429224"
"4622","chr11",64662004,64684722,"ATG2A"
"4623","chr11",64692142,64701951,"PPP2R5B"
"4624","chr11",64701943,64703360,"GPHA2"
"4625","chr11",64705929,64739557,"C11orf85"
"4626","chr11",64755417,64764517,"BATF2"
"4627","chr11",64781584,64789658,"ARL2"
"4628","chr11",64794789,64808045,"SNX15"
"4629","chr11",64808375,64812301,"SAC3D1"
"4630","chr11",64812295,64826014,"NAALADL1"
"4631","chr11",64834081,64835205,"AB231703"
"4632","chr11",64844927,64851615,"CDCA5"
"4633","chr11",64851693,64855875,"ZFPL1"
"4634","chr11",64855844,64856542,"LOC100130348"
"4635","chr11",64863682,64879181,"C11orf2"
"4636","chr11",64879340,64883708,"TM7SF2"
"4637","chr11",64883874,64885171,"BC104003"
"4638","chr11",64883875,64885170,"ZNHIT2"
"4639","chr11",64889654,64894842,"MRPL49"
"4640","chr11",64888099,64889672,"FAU"
"4641","chr11",64894751,64902003,"SYVN1"
"4642","chr11",64937706,64940689,"SPDYC"
"4643","chr11",64948685,64979478,"CAPN1"
"4644","chr11",64981310,65010229,"SLC22A20"
"4645","chr11",65029431,65065089,"POLA2"
"4646","chr11",65082288,65089901,"CDC42EP2"
"4647","chr11",65101224,65120452,"DPF2"
"4648","chr11",65122281,65125083,"TIGD3"
"4649","chr11",65142663,65151172,"SLC25A45"
"4650","chr11",65154040,65180996,"FRMD8"
"4651","chr11",65190268,65212029,"NEAT1"
"4652","chr11",65213011,65213070,"MascRNA_menRNA"
"4653","chr11",65265232,65273940,"MALAT1"
"4654","chr11",65269557,65270465,"BC010924"
"4655","chr11",65266958,65271093,"AF113016"
"4656","chr11",65292547,65306183,"SCYL1"
"4657","chr11",65306030,65326253,"LTBP3"
"4658","chr11",65336691,65337884,"LOC254100"
"4659","chr11",65337942,65339240,"SSSCA1"
"4660","chr11",65339819,65341670,"FAM89B"
"4661","chr11",65343508,65360117,"EHBP1L1"
"4662","chr11",65360326,65363467,"KCNK7"
"4663","chr11",65365226,65381720,"MAP3K11"
"4664","chr11",65383782,65404911,"PCNXL3"
"4665","chr11",65403780,65403841,"MIR4690"
"4666","chr11",65405577,65418392,"SIPA1"
"4667","chr11",65416662,65416725,"MIR4489"
"4668","chr11",65421009,65421042,"DQ587981"
"4669","chr11",65421067,65430443,"RELA"
"4670","chr11",65479472,65487078,"KAT5"
"4671","chr11",65485144,65488409,"RNASEH2C"
"4672","chr11",65543378,65547822,"DKFZp761E198"
"4673","chr11",65554504,65564691,"OVOL1"
"4674","chr11",65601409,65621173,"SNX32"
"4675","chr11",65622285,65626886,"CFL1"
"4676","chr11",65627871,65633915,"MUS81"
"4677","chr11",65633912,65640405,"EFEMP2"
"4678","chr11",65647283,65651213,"CTSW"
"4679","chr11",65651211,65656010,"FIBP"
"4680","chr11",65657874,65659107,"CCDC85B"
"4681","chr11",65659692,65667997,"FOSL1"
"4682","chr11",65684283,65686531,"C11orf68"
"4683","chr11",65686727,65689049,"DRAP1"
"4684","chr11",65713114,65727435,"TSGA10IP"
"4685","chr11",65729159,65747608,"SART1"
"4686","chr11",65769549,65771618,"BANF1"
"4687","chr11",65764016,65769637,"EIF1AD"
"4688","chr11",65778954,65780976,"AX747517"
"4689","chr11",65779461,65780977,"CST6"
"4690","chr11",65784223,65793988,"CATSPER1"
"4691","chr11",65801870,65803659,"AX746604"
"4692","chr11",65808236,65816651,"GAL3ST3"
"4693","chr11",65819815,65836383,"SF3B2"
"4695","chr11",66024764,66035333,"KLC2"
"4696","chr11",66036055,66044964,"RAB1B"
"4697","chr11",66045695,66051684,"CNIH2"
"4698","chr11",66037720,66045996,"AK125412"
"4699","chr11",66052051,66056638,"YIF1A"
"4700","chr11",66059372,66064136,"TMEM151A"
"4701","chr11",66081958,66084515,"CD248"
"4702","chr11",66099542,66104311,"RIN1"
"4703","chr11",66104804,66112582,"BRMS1"
"4704","chr11",66112843,66115161,"B3GNT1"
"4705","chr11",66135746,66138330,"AX747485"
"4706","chr11",66129992,66139645,"SLC29A2"
"4707","chr11",66188474,66194178,"NPAS4"
"4708","chr11",66202550,66206310,"MRPL11"
"4709","chr11",66233797,66244809,"PELI3"
"4710","chr11",66247879,66277131,"DPP3"
"4711","chr11",66276549,66301085,"BBS1"
"4712","chr11",66288553,66313671,"ZDHHC24"
"4713","chr11",66314390,66330798,"ACTN3"
"4714","chr11",66330935,66336047,"CTSF"
"4715","chr11",66357640,66360554,"CCDC87"
"4716","chr11",66360689,66373491,"CCS"
"4717","chr11",66384052,66397398,"RBM14"
"4718","chr11",66406087,66435859,"RBM4"
"4719","chr11",66432470,66445275,"RBM4B"
"4720","chr11",66452720,66496318,"SPTBN2"
"4721","chr11",66512206,66610988,"C11orf80"
"4722","chr11",66610882,66614004,"RCE1"
"4723","chr11",66624588,66627947,"LRFN4"
"4725","chr11",66742753,66744480,"C11orf86"
"4726","chr11",66790189,66818335,"SYT12"
"4727","chr11",66824288,66839489,"RHOD"
"4729","chr11",67022434,67025144,"DKFZp434M1735"
"4730","chr11",67033904,67054030,"ADRBK1"
"4731","chr11",67056761,67069956,"ANKRD13D"
"4732","chr11",67064098,67065528,"AK057681"
"4733","chr11",67070918,67080079,"SSH3"
"4734","chr11",67085309,67159159,"LOC100130987"
"4735","chr11",67119019,67121052,"POLD4"
"4736","chr11",67131639,67141648,"CLCF1"
"4737","chr11",67159422,67165884,"RAD9A"
"4738","chr11",67165652,67188654,"PPP1CA"
"4739","chr11",67171385,67177561,"TBC1D10C"
"4740","chr11",67183148,67193079,"CARNS1"
"4741","chr11",67195934,67202880,"RPS6KB2"
"4742","chr11",67202981,67205153,"PTPRCAP"
"4743","chr11",67205518,67211292,"CORO1B"
"4744","chr11",67219885,67229246,"CABP4"
"4745","chr11",67218772,67220200,"GPR152"
"4746","chr11",67231819,67236731,"TMEM134"
"4747","chr11",67250504,67258580,"AIP"
"4748","chr11",67259239,67272843,"PITPNM1"
"4749","chr11",67273968,67276102,"CDK2AP2"
"4750","chr11",67286418,67290899,"CABP2"
"4751","chr11",67351065,67354125,"GSTP1"
"4752","chr11",67371524,67373482,"C11orf72"
"4753","chr11",67374322,67380013,"NDUFV1"
"4754","chr11",67380124,67381052,"AK129926"
"4755","chr11",67380995,67383135,"DOC2GP"
"4756","chr11",67387474,67387867,"X15673"
"4757","chr11",67395409,67397408,"NUDT8"
"4758","chr11",67398774,67407031,"TBX10"
"4759","chr11",67410026,67418130,"ACY3"
"4760","chr11",67429633,67448685,"ALDH3B2"
"4761","chr11",67559238,67572807,"FAM86C2P"
"4762","chr11",67653966,67658817,"AK091996"
"4763","chr11",67758575,67771593,"UNC93B1"
"4764","chr11",67776047,67796744,"ALDH3B1"
"4765","chr11",67798083,67804115,"NDUFS8"
"4766","chr11",67801363,67801449,"MIR4691"
"4767","chr11",67806461,67818367,"TCIRG1"
"4768","chr11",67826217,67828536,"AX747648"
"4769","chr11",67820326,67888858,"CHKA"
"4770","chr11",67923507,67981068,"SUV420H1"
"4771","chr11",68028803,68039469,"C11orf24"
"4774","chr11",68451982,68458644,"GAL"
"4775","chr11",68474908,68518988,"MTL5"
"4776","chr11",68522088,68609399,"CPT1A"
"4777","chr11",68658746,68671303,"MRPL21"
"4778","chr11",68671318,68708070,"IGHMBP2"
"4779","chr11",68747490,68748455,"MRGPRD"
"4780","chr11",68779898,68785917,"BC039516"
"4781","chr11",68771862,68780850,"MRGPRF"
"4782","chr11",68816349,68858073,"TPCN2"
"4783","chr11",68857484,68858409,"BC064339"
"4784","chr11",69061621,69156451,"MYEOV"
"4785","chr11",69229074,69231601,"AX746803"
"4786","chr11",69240457,69244390,"AK094674"
"4787","chr11",69455872,69469243,"CCND1"
"4788","chr11",69467844,69469178,"AK294004"
"4789","chr11",69471714,69472853,"BC133018"
"4790","chr11",69471368,69490165,"ORAOV1"
"4791","chr11",69513006,69519106,"FGF19"
"4792","chr11",69587797,69590171,"FGF4"
"4793","chr11",69624736,69634192,"FGF3"
"4795","chr11",70049268,70053509,"FADD"
"4797","chr11",70130060,70130177,"MIR548K"
"4798","chr11",70219516,70244568,"AK125463"
"4799","chr11",70244611,70282691,"CTTN"
"4801","chr11",70315538,70321275,"AK128563"
"4803","chr11",70449407,70450962,"BC131767"
"4804","chr11",70477198,70481596,"AK097446"
"4805","chr11",70708894,70711221,"SHANK2-AS3"
"4806","chr11",70718375,70718473,"MIR3664"
"4807","chr11",71116792,71134400,"FLJ42102"
"4808","chr11",71145457,71159477,"DHCR7"
"4809","chr11",71164216,71212582,"NADSYN1"
"4810","chr11",71238312,71239211,"KRTAP5-7"
"4811","chr11",71249070,71250254,"KRTAP5-8"
"4812","chr11",71259465,71260654,"KRTAP5-9"
"4813","chr11",71276608,71277667,"KRTAP5-10"
"4814","chr11",71292901,71293921,"KRTAP5-11"
"4815","chr11",71498556,71512281,"FAM86C1"
"4816","chr11",71505409,71524905,"BC073927"
"4817","chr11",71544245,71548609,"DEFB108B"
"4818","chr11",71589498,71595608,"LOC100129216"
"4819","chr11",71576555,71639493,"LOC100133315"
"4820","chr11",71639767,71708644,"RNF121"
"4821","chr11",71709957,71713966,"IL18BP"
"4822","chr11",71713911,71791573,"NUMA1"
"4823","chr11",71783274,71783348,"MIR3165"
"4824","chr11",71791376,71821829,"LRTOMT"
"4825","chr11",71808338,71814433,"LAMTOR1"
"4826","chr11",71817424,71823822,"C11orf51"
"4827","chr11",71846770,71850935,"FOLR3"
"4828","chr11",71900601,71907368,"FOLR1"
"4829","chr11",71927818,71932995,"FOLR2"
"4830","chr11",71935881,71950189,"INPPL1"
"4831","chr11",71950121,71955220,"PHOX2A"
"4833","chr11",72281703,72284267,"AL832797"
"4834","chr11",72326107,72326174,"MIR139"
"4835","chr11",72287184,72385497,"PDE2A"
"4836","chr11",72403729,72404521,"BC150585"
"4838","chr11",72465774,72504702,"STARD10"
"4839","chr11",72494574,72494638,"MIR4692"
"4840","chr11",72525450,72554718,"ATG16L2"
"4842","chr11",72929343,72947396,"P2RY2"
"4843","chr11",72975569,73009665,"P2RY6"
"4844","chr11",73019328,73080426,"ARHGEF17"
"4845","chr11",73087404,73108520,"RELT"
"4847","chr11",73357222,73373865,"PLEKHB1"
"4848","chr11",73386683,73472201,"RAB6A"
"4849","chr11",73498916,73575657,"MRPL48"
"4850","chr11",73583713,73587890,"CHCHD8"
"4851","chr11",73588032,73638780,"PAAF1"
"4852","chr11",73661363,73681333,"DNAJB13"
"4853","chr11",73685716,73693889,"UCP2"
"4854","chr11",73711326,73720282,"UCP3"
"4856","chr11",73882367,73965749,"PPME1"
"4857","chr11",74022406,74035751,"BC048427"
"4858","chr11",73958546,74022699,"P4HA3"
"4859","chr11",74041361,74109502,"PGM2L1"
"4860","chr11",74165886,74178600,"KCNE3"
"4861","chr11",74204484,74209579,"MGC12965"
"4862","chr11",74202923,74204755,"LIPT2"
"4863","chr11",74303628,74353766,"POLD3"
"4864","chr11",74407474,74442186,"CHRDL2"
"4865","chr11",74431313,74431382,"MIR4696"
"4866","chr11",74459912,74553459,"RNF169"
"4868","chr11",74699323,74718744,"NEU3"
"4869","chr11",74720516,74720548,"DQ592682"
"4870","chr11",74721025,74721142,"DQ583960"
"4871","chr11",74721820,74721859,"DQ595000"
"4872","chr11",74721860,74721889,"DQ591572"
"4873","chr11",74799796,74800758,"OR2AT4"
"4875","chr11",74951949,74954750,"LOC100507050"
"4876","chr11",75046136,75046230,"MIR326"
"4877","chr11",74971166,75062875,"ARRB1"
"4878","chr11",75110561,75116734,"RPS3"
"4879","chr11",75111434,75111583,"SNORD15A"
"4880","chr11",75115464,75115611,"SNORD15B"
"4881","chr11",75133438,75141674,"KLHL35"
"4882","chr11",75145685,75236599,"GDPD5"
"4883","chr11",75273100,75283850,"SERPINH1"
"4884","chr11",75297963,75379479,"MAP6"
"4885","chr11",75428933,75442332,"MOGAT2"
"4886","chr11",75469500,75479692,"BC039351"
"4887","chr11",75479777,75512582,"DGAT2"
"4889","chr11",75897370,75921803,"WNT11"
"4890","chr11",76061001,76091880,"PRKRIR"
"4891","chr11",76092356,76125664,"AK125821"
"4893","chr11",76368568,76381791,"LRRC32"
"4894","chr11",76391210,76432833,"GUCY2E"
"4895","chr11",76494284,76509199,"TSKU"
"4897","chr11",76745434,76753006,"B3GNT6"
"4898","chr11",76777991,76837199,"CAPN5"
"4899","chr11",76813885,76814378,"OMP"
"4900","chr11",76839309,76926287,"MYO7A"
"4901","chr11",76927603,76998463,"GDPD4"
"4903","chr11",77300435,77321402,"AQP11"
"4904","chr11",77327196,77348851,"CLNS1A"
"4906","chr11",77532196,77629465,"C11orf67"
"4908","chr11",77726761,77734320,"KCTD14"
"4909","chr11",77774906,77779404,"THRSP"
"4910","chr11",77811988,77850699,"ALG8"
"4911","chr11",77882298,77899664,"KCTD21"
"4912","chr11",77899857,77925758,"USP35"
"4914","chr11",78244221,78269594,"BC042472"
"4917","chr11",78804343,78808884,"BC008359"
"4918","chr11",79113066,79113153,"MIR708"
"4919","chr11",81601783,81601878,"MIR4300"
"4921","chr11",82443046,82444906,"FAM181B"
"4922","chr11",82535409,82611557,"PRCP"
"4923","chr11",82612736,82669320,"C11orf82"
"4924","chr11",82692478,82782884,"RAB30"
"4925","chr11",82752506,82752640,"SNORA70E"
"4926","chr11",82783107,82784755,"LOC100506233"
"4927","chr11",82868136,82896836,"PCF11"
"4928","chr11",82903179,82904681,"AK311356"
"4929","chr11",82905290,82967043,"ANKRD42"
"4930","chr11",82972502,82997414,"CCDC90B"
"4933","chr11",85339621,85347584,"TMEM126B"
"4934","chr11",85358962,85367598,"TMEM126A"
"4935","chr11",85368608,85376182,"CREBZF"
"4936","chr11",85394893,85397320,"CCDC89"
"4938","chr11",85566143,85631052,"CCDC83"
"4940","chr11",85955805,85989786,"EED"
"4941","chr11",86013252,86056986,"C11orf73"
"4942","chr11",86085777,86134152,"CCDC81"
"4946","chr11",86567973,86568996,"OR7E2P"
"4947","chr11",86656717,86666440,"FZD4"
"4948","chr11",86666662,86711990,"LOC100506368"
"4950","chr11",87846415,87908635,"RAB38"
"4951","chr11",88026760,88070941,"CTSC"
"4952","chr11",88157548,88161280,"BC038205"
"4956","chr11",89385713,89391902,"AB231784"
"4957","chr11",89392464,89431887,"FOLH1B"
"4958","chr11",89443466,89451041,"TRIM77P"
"4959","chr11",89530823,89541743,"TRIM49"
"4962","chr11",89603606,89609185,"TRIM64B"
"4963","chr11",89644579,89657231,"TRIM49L1"
"4964","chr11",89701671,89707241,"TRIM64"
"4965","chr11",89764273,89775194,"TRIM49L2"
"4966","chr11",89819117,89820300,"UBTFL1"
"4967","chr11",89867817,89925780,"NAALAD2"
"4968","chr11",89933597,89956532,"CHORDC1"
"4970","chr11",90288942,90289025,"MIR4490"
"4972","chr11",92702788,92715949,"MTNR1B"
"4973","chr11",92877341,92879656,"AK093898"
"4974","chr11",92880850,92931095,"SLC36A4"
"4976","chr11",93211639,93276546,"C11orf75"
"4977","chr11",93394815,93463523,"KIAA1731"
"4978","chr11",93454679,93455033,"SCARNA9"
"4979","chr11",93463681,93465665,"SNORA8"
"4980","chr11",93466632,93466763,"SNORA18"
"4981","chr11",93466840,93466930,"MIR1304"
"4982","chr11",93463447,93474703,"TAF1D"
"4983","chr11",93474792,93496248,"C11orf54"
"4984","chr11",93517404,93546497,"MED17"
"4985","chr11",93553735,93583668,"VSTM5"
"4986","chr11",93754377,93847375,"HEPHL1"
"4987","chr11",93862093,93915138,"PANX1"
"4988","chr11",93800140,93862566,"AF086184"
"4989","chr11",94038802,94040859,"FOLR4"
"4990","chr11",94110477,94134585,"GPR83"
"4991","chr11",94150469,94227040,"MRE11A"
"4992","chr11",94227152,94232745,"ANKRD49"
"4993","chr11",94245694,94265290,"LOC643037"
"4994","chr11",94277005,94354588,"PIWIL4"
"4995","chr11",94277016,94283065,"FUT4"
"4997","chr11",94695787,94706776,"CWC15"
"4998","chr11",94706844,94732677,"KDM4D"
"4999","chr11",94758421,94760761,"KDM4DL"
"5000","chr11",94800055,94804389,"SRSF8"
"5001","chr11",94822973,94865816,"ENDOD1"
"5002","chr11",94883702,94892313,"AK055250"
"5003","chr11",94898704,94903969,"BX649128"
"5004","chr11",94906133,94965705,"SESN3"
"5005","chr11",95502106,95522954,"FAM76B"
"5006","chr11",95523624,95565858,"CEP57"
"5007","chr11",95566044,95657371,"MTMR2"
"5008","chr11",96074601,96074691,"MIR1260B"
"5010","chr11",96085929,96123083,"CCDC82"
"5011","chr11",96122323,96123063,"AK313893"
"5012","chr11",96123152,96126728,"JRKL"
"5015","chr11",100554893,100558686,"AK124326"
"5016","chr11",100862810,100864667,"TMEM133"
"5018","chr11",100999807,101069640,"FJ515873"
"5019","chr11",101390551,101390636,"MIR3920"
"5021","chr11",101785745,101871794,"KIAA1377"
"5022","chr11",101761405,101787253,"ANGPTL5"
"5023","chr11",101918168,101955292,"C11orf70"
"5024","chr11",101978616,101980569,"BC040646"
"5026","chr11",102188180,102210136,"BIRC3"
"5027","chr11",102217965,102249402,"BIRC2"
"5028","chr11",102267056,102323775,"TMEM123"
"5029","chr11",102391239,102401478,"MMP7"
"5030","chr11",102447566,102496063,"MMP20"
"5031","chr11",102562415,102576468,"MMP27"
"5032","chr11",102582526,102595685,"MMP8"
"5033","chr11",102622854,102624183,"AB231724"
"5034","chr11",102641233,102651359,"MMP10"
"5035","chr11",102654406,102707498,"LOC100288077"
"5036","chr11",102660641,102668966,"MMP1"
"5037","chr11",102707730,102707752,"DD413629"
"5038","chr11",102706528,102714342,"MMP3"
"5039","chr11",102733464,102745764,"MMP12"
"5040","chr11",102813721,102826463,"MMP13"
"5041","chr11",102921413,102962944,"DCUN1D5"
"5043","chr11",103720633,103720709,"MIR4693"
"5044","chr11",103907307,103909923,"DDI1"
"5046","chr11",104756445,104769397,"CASP12"
"5047","chr11",104772276,104788902,"LOC643733"
"5048","chr11",104813594,104839325,"CASP4"
"5049","chr11",104864967,104893895,"CASP5"
"5050","chr11",104896237,104972158,"CASP1"
"5051","chr11",104936888,104941419,"AB231723"
"5052","chr11",105008448,105010461,"CARD18"
"5054","chr11",105878629,105892954,"KIAA1826"
"5055","chr11",105948291,105969420,"AASDHPPT"
"5056","chr11",105921825,105948465,"KBTBD3"
"5057","chr11",105967619,105969427,"BX537665"
"5058","chr11",106120745,106133960,"BC034795"
"5059","chr11",106544748,106549126,"AK001875"
"5062","chr11",107373453,107436461,"ALKBH8"
"5063","chr11",107461816,107537506,"ELMOD1"
"5064","chr11",107462470,107463950,"LOC643923"
"5065","chr11",107578101,107582787,"SLN"
"5066","chr11",107661717,107729914,"SLC35F2"
"5067","chr11",107799276,107834209,"RAB39A"
"5068","chr11",107879407,107978489,"CUL5"
"5069","chr11",107992257,108018892,"ACAT1"
"5070","chr11",108028119,108093365,"NPAT"
"5073","chr11",108342833,108369159,"KDELC2"
"5074","chr11",108376158,108464374,"EXPH5"
"5076","chr11",109292845,109299894,"C11orf87"
"5077","chr11",109963925,110042567,"ZC3H12C"
"5079","chr11",110199129,110278337,"AK124179"
"5080","chr11",110223966,110224017,"SnoR4"
"5081","chr11",110300660,110335609,"FDX1"
"5083","chr11",111126706,111156973,"C11orf53"
"5084","chr11",111169975,111179354,"C11orf93"
"5085","chr11",111164114,111175770,"C11orf92"
"5086","chr11",111218481,111218548,"MIR4491"
"5087","chr11",111222981,111250157,"POU2AF1"
"5088","chr11",111255462,111305769,"BC022056"
"5089","chr11",111322063,111327331,"AB231705"
"5090","chr11",111381326,111384614,"BC021736"
"5091","chr11",111338256,111383079,"BTG4"
"5092","chr11",111383662,111383747,"MIR34B"
"5093","chr11",111384163,111384241,"MIR34C"
"5094","chr11",111385509,111407757,"C11orf88"
"5095","chr11",111411232,111431789,"LAYN"
"5097","chr11",111597215,111597245,"DQ599327"
"5098","chr11",111597625,111601578,"LOH11CR1I"
"5099","chr11",111597632,111637169,"PPP2R1B"
"5100","chr11",111652919,111750181,"ALG9"
"5101","chr11",111749947,111754798,"C11orf1"
"5102","chr11",111779350,111782473,"CRYAB"
"5103","chr11",111783459,111789729,"HSPB2"
"5104","chr11",111800584,111893308,"DIXDC1"
"5105","chr11",111895537,111935003,"DLAT"
"5106","chr11",111934734,111944895,"PIH1D2"
"5107","chr11",111944967,111955875,"C11orf57"
"5108","chr11",111955539,111957522,"TIMM8B"
"5109","chr11",111957570,111966519,"SDHD"
"5110","chr11",112013974,112034840,"IL18"
"5111","chr11",112038094,112043280,"TEX12"
"5112","chr11",112046207,112095423,"BCO2"
"5113","chr11",112097087,112140679,"PTS"
"5114","chr11",112119502,112120006,"AY364433"
"5115","chr11",112118876,112131583,"C11orf34"
"5117","chr11",112830003,112834134,"AL833634"
"5118","chr11",113140254,113144623,"LOC100288346"
"5119","chr11",113185250,113244019,"TTC12"
"5120","chr11",113258512,113271141,"ANKK1"
"5121","chr11",113280317,113346413,"DRD2"
"5122","chr11",113320745,113320810,"MIR4301"
"5123","chr11",113558268,113577068,"TMPRSS5"
"5124","chr11",113603905,113644485,"ZW10"
"5125","chr11",113650517,113651208,"CLDN25"
"5126","chr11",113659952,113661883,"DL492607"
"5127","chr11",113668597,113746256,"USP28"
"5128","chr11",113775517,113817284,"HTR3B"
"5129","chr11",113845796,113861035,"HTR3A"
"5131","chr11",114128552,114183239,"NNMT"
"5132","chr11",114262170,114271230,"C11orf71"
"5133","chr11",114271383,114279636,"RBM7"
"5134","chr11",114310107,114321001,"REXO2"
"5135","chr11",114392437,114430580,"FAM55A"
"5136","chr11",114441313,114466484,"FAM55D"
"5137","chr11",114549199,114579043,"FAM55B"
"5139","chr11",115626051,115631345,"LOC283143"
"5140","chr11",116618886,116643714,"BUD13"
"5141","chr11",116649276,116658739,"ZNF259"
"5142","chr11",116660086,116663136,"APOA5"
"5143","chr11",116691418,116694011,"APOA4"
"5144","chr11",116700623,116703788,"APOC3"
"5145","chr11",116706469,116708338,"APOA1"
"5147","chr11",116941481,116942325,"BC042385"
"5148","chr11",117007261,117008586,"AB231710"
"5149","chr11",117014999,117048890,"PAFAH1B2"
"5150","chr11",117049938,117068162,"SIDT2"
"5151","chr11",117070039,117075509,"TAGLN"
"5152","chr11",117066329,117072630,"LOC100652768"
"5153","chr11",117075788,117102811,"PCSK7"
"5154","chr11",117103403,117156405,"RNF214"
"5155","chr11",117158613,117158648,"DQ582443"
"5156","chr11",117161614,117164193,"AB488780"
"5157","chr11",117162061,117162858,"BACE1-AS"
"5158","chr11",117156402,117186972,"BACE1"
"5159","chr11",117192431,117283983,"CEP164"
"5161","chr11",117690790,117698807,"FXYD2"
"5162","chr11",117707693,117710236,"AX747406"
"5163","chr11",117707691,117748201,"FXYD6"
"5164","chr11",117771356,117800168,"TMPRSS13"
"5165","chr11",117857105,117872200,"IL10RA"
"5166","chr11",117947726,117996043,"TMPRSS4"
"5167","chr11",117886487,117957508,"LOC100526771"
"5168","chr11",118004092,118023630,"SCN4B"
"5169","chr11",118033519,118047337,"SCN2B"
"5170","chr11",118064442,118095809,"AMICA1"
"5171","chr11",118097409,118099840,"AK289390"
"5172","chr11",118100336,118123011,"MPZL3"
"5173","chr11",118124131,118135251,"MPZL2"
"5174","chr11",118175294,118186891,"CD3E"
"5175","chr11",118209789,118213459,"CD3D"
"5176","chr11",118215058,118224498,"CD3G"
"5177","chr11",118230295,118269927,"UBE4A"
"5178","chr11",118272103,118280563,"ATP5L"
"5179","chr11",118303856,118305920,"MGC13053"
"5180","chr11",118307204,118397540,"MLL"
"5181","chr11",118398209,118401741,"TTC36"
"5182","chr11",118401802,118417314,"TMEM25"
"5183","chr11",118415243,118436791,"IFT46"
"5184","chr11",118443101,118473748,"ARCN1"
"5185","chr11",118477212,118528749,"PHLDB1"
"5186","chr11",118528942,118550381,"TREH"
"5187","chr11",118618473,118661972,"DDX6"
"5188","chr11",118754474,118766981,"CXCR5"
"5189","chr11",118781416,118781497,"MIR4492"
"5190","chr11",118766851,118781613,"BCL9L"
"5191","chr11",118827007,118829270,"UPK2"
"5192","chr11",118842416,118851996,"FOXR1"
"5193","chr11",118868851,118886456,"CCDC84"
"5194","chr11",118873671,118874303,"RPL23AP64"
"5195","chr11",118886422,118889057,"RPS25"
"5196","chr11",118889240,118894386,"TRAPPC4"
"5197","chr11",118889653,118889723,"MIR3656"
"5198","chr11",118895061,118901616,"SLC37A4"
"5199","chr11",118914896,118927925,"HYOU1"
"5200","chr11",118938492,118952689,"VPS11"
"5201","chr11",118955586,118964260,"HMBS"
"5202","chr11",118964585,118966177,"H2AFX"
"5203","chr11",118967213,118972852,"DPAGT1"
"5204","chr11",118978092,118987828,"C2CD2L"
"5205","chr11",118992232,119005766,"HINFP"
"5206","chr11",119019749,119033375,"ABCG4"
"5207","chr11",119039436,119054726,"NLRX1"
"5208","chr11",119056165,119060933,"PDZD3"
"5209","chr11",119060963,119066710,"CCDC153"
"5211","chr11",119179234,119187840,"MCAM"
"5212","chr11",119205209,119208025,"RNF26"
"5213","chr11",119209652,119217383,"C1QTNF5"
"5214","chr11",119225925,119252436,"USP2"
"5216","chr11",119288655,119294246,"THY1"
"5217","chr11",119508808,119599435,"PVRL1"
"5218","chr11",119981994,120008863,"TRIM29"
"5219","chr11",120081746,120100651,"OAF"
"5220","chr11",120107348,120190654,"POU2F3"
"5221","chr11",120120468,120136641,"LOC649133"
"5222","chr11",120195837,120204389,"TMEM136"
"5225","chr11",120894802,120960355,"TBCEL"
"5226","chr11",120973374,121061516,"TECTA"
"5227","chr11",121163387,121184120,"SC5DL"
"5229","chr11",121318040,121323722,"AK091275"
"5230","chr11",121966608,121969061,"AK021804"
"5231","chr11",121970465,121970552,"MIR125B1"
"5232","chr11",121899037,121971159,"BC089451"
"5233","chr11",121986062,121986923,"BLID"
"5234","chr11",122017230,122017301,"MIRLET7A2"
"5235","chr11",122022937,122023016,"MIR100"
"5238","chr11",122709254,122743348,"CRTAM"
"5239","chr11",122753472,122830431,"C11orf63"
"5240","chr11",122848357,122852379,"BSX"
"5241","chr11",122888273,122890320,"LOC341056"
"5242","chr11",122928200,122933186,"HSPA8"
"5244","chr11",123252148,123252220,"MIR4493"
"5245","chr11",123396527,123493519,"GRAMD1B"
"5246","chr11",123496110,123498477,"KIAA1201"
"5247","chr11",123499895,123525315,"SCN3B"
"5248","chr11",123594997,123612363,"ZNF202"
"5249","chr11",123624288,123625226,"OR6X1"
"5250","chr11",123676116,123677057,"OR6M1"
"5251","chr11",123753633,123756340,"TMEM225"
"5252","chr11",123777138,123778084,"OR8D4"
"5253","chr11",123810323,123811281,"OR4D5"
"5254","chr11",123813574,123814545,"OR6T1"
"5255","chr11",123847403,123848398,"OR10S1"
"5256","chr11",123886281,123887218,"OR10G4"
"5257","chr11",123893719,123894656,"OR10G9"
"5258","chr11",123900329,123901266,"OR10G8"
"5259","chr11",123908773,123909708,"OR10G7"
"5260","chr11",123986110,124017619,"VWA5A"
"5261","chr11",124029124,124029839,"OLFR959"
"5262","chr11",124055974,124056913,"OR10D3"
"5263","chr11",124095397,124096313,"OR8G2"
"5264","chr11",124120422,124135764,"OR8G1"
"5265","chr11",124179736,124180662,"OR8D1"
"5266","chr11",124189158,124190093,"OR8D2"
"5267","chr11",124252298,124253239,"OR8B2"
"5268","chr11",124266306,124267247,"OR8B3"
"5269","chr11",124252959,124276646,"BC018065"
"5270","chr11",124293838,124294767,"OR8B4"
"5271","chr11",124310046,124310981,"OR8B8"
"5272","chr11",124412618,124413550,"OR8B12"
"5273","chr11",124439964,124440946,"OR8A1"
"5274","chr11",124481452,124490252,"PANX3"
"5275","chr11",124492741,124505823,"TBRG1"
"5276","chr11",124543739,124564688,"SPA17"
"5277","chr11",124505685,124546199,"SIAE"
"5278","chr11",124609828,124617103,"NRGN"
"5279","chr11",124617370,124622109,"VSIG2"
"5280","chr11",124622026,124632223,"ESAM"
"5281","chr11",124636394,124670299,"C11orf61"
"5282","chr11",124670345,124704384,"BC036195"
"5283","chr11",124735304,124751371,"ROBO3"
"5284","chr11",124754114,124767831,"ROBO4"
"5285","chr11",124789145,124790574,"HEPN1"
"5286","chr11",124789146,124806308,"HEPACAM"
"5287","chr11",124824016,124911386,"CCDC15"
"5288","chr11",124933012,124960413,"SLC37A2"
"5289","chr11",124966399,124981475,"TMEM218"
"5291","chr11",125315641,125366206,"FEZ1"
"5292","chr11",125365109,125368167,"MGC39545"
"5293","chr11",125439297,125454576,"EI24"
"5294","chr11",125462738,125491281,"STT3A"
"5295","chr11",125495030,125546151,"CHEK1"
"5296","chr11",125542229,125550793,"ACRV1"
"5297","chr11",125616187,125619744,"PATE1"
"5298","chr11",125646028,125648714,"PATE2"
"5299","chr11",125658005,125661496,"PATE3"
"5300","chr11",125703210,125709968,"PATE4"
"5301","chr11",125753508,125770542,"HYLS1"
"5302","chr11",125763380,125773116,"PUS3"
"5303","chr11",125774271,125793006,"DDX25"
"5304","chr11",125821686,125826215,"BC043578"
"5306","chr11",126071989,126081587,"RPUSD4"
"5307","chr11",126081618,126132880,"FAM118B"
"5308","chr11",126132814,126138877,"SRPR"
"5309","chr11",126138934,126148028,"FOXRED1"
"5310","chr11",126152981,126164829,"TIRAP"
"5311","chr11",126173646,126215645,"DCPS"
"5312","chr11",126211612,126225482,"FLJ39051"
"5313","chr11",126225539,126310753,"ST3GAL4"
"5314","chr11",126522696,126551996,"DJ031150"
"5315","chr11",126810641,126814985,"BC031955"
"5316","chr11",126858354,126858438,"MIR3167"
"5318","chr11",126872804,126875954,"KIRREL3-AS3"
"5319","chr11",126936896,126971202,"AK095187"
"5320","chr11",127140961,127206929,"BC030092"
"5323","chr11",128551135,128556814,"AX747861"
"5324","chr11",128561567,128565918,"LOC100507392"
"5325","chr11",128707915,128737268,"KCNJ1"
"5326","chr11",128761312,128787952,"KCNJ5"
"5327","chr11",128769460,128776100,"C11orf45"
"5328","chr11",128804627,128813294,"TP53AIP1"
"5330","chr11",129245880,129322175,"BARX2"
"5331","chr11",129564512,129568141,"AX746800"
"5332","chr11",129685740,129729899,"TMEM45B"
"5333","chr11",129733670,129765490,"NFRKB"
"5335","chr11",129872518,129875382,"LINC00167"
"5336","chr11",129939715,130014707,"APLP2"
"5337","chr11",130005595,130005623,"DQ600312"
"5338","chr11",130029681,130080258,"ST14"
"5339","chr11",130096574,130184607,"ZBTB44"
"5340","chr11",130184418,130273134,"AX747213"
"5341","chr11",130238788,130272194,"BC144419"
"5342","chr11",130274818,130298539,"ADAMTS8"
"5343","chr11",130318868,130346540,"ADAMTS15"
"5344","chr11",130714088,130732005,"BC031979"
"5345","chr11",130745766,130786382,"SNX19"
"5347","chr11",131403751,131410761,"AK128059"
"5349","chr11",133229924,133235975,"AK056505"
"5350","chr11",133667935,133670204,"AK097142"
"5351","chr11",133710517,133715392,"SPATA19"
"5352","chr11",133766330,133771635,"LOC283174"
"5353","chr11",133785185,133826880,"IGSF9B"
"5354","chr11",133902166,133911237,"LOC100128239"
"5355","chr11",133938819,134021653,"JAM3"
"5356","chr11",134024470,134025926,"AK095267"
"5357","chr11",134022337,134094426,"NCAPD3"
"5358","chr11",134094560,134117687,"VPS26B"
"5359","chr11",134118173,134123260,"THYN1"
"5360","chr11",134123433,134135747,"ACAD8"
"5361","chr11",134146274,134189459,"GLB1L3"
"5362","chr11",134201767,134248236,"GLB1L2"
"5363","chr11",134248398,134281812,"B3GAT1"
"5364","chr11",134282199,134375556,"LOC283177"
"5365","chr11",134356392,134357810,"AK095081"
"5366","chr11",134605838,134633705,"AK125040"
"5367","chr11",134855245,134856694,"AK130852"
"5368","chr12",67610,69071,"F379"
"5369","chr12",87871,91264,"LOC100288778"
"5370","chr12",91353,93018,"DDX11L11"
"5371","chr12",147946,149412,"FAM138D"
"5373","chr12",246577,258332,"LOC574538"
"5374","chr12",299243,323371,"SLC6A12"
"5375","chr12",329787,372039,"SLC6A13"
"5377","chr12",498515,551807,"CCDC77"
"5379","chr12",740056,755045,"LOC100049716"
"5380","chr12",673462,772755,"NINJ2"
"5382","chr12",976959,978361,"HSN2"
"5383","chr12",1011721,1016191,"AK128619"
"5384","chr12",1021255,1099219,"RAD52"
"5386","chr12",1609656,1613591,"LOC100292680"
"5387","chr12",1615335,1616485,"AX746535"
"5388","chr12",1683822,1756379,"WNT5B"
"5389","chr12",1675159,1703331,"FBXL14"
"5390","chr12",1769481,1769546,"MIR3649"
"5391","chr12",1800246,1897846,"ADIPOR2"
"5393","chr12",1929432,1945919,"LRTM2"
"5394","chr12",2038368,2045742,"LOC100271702"
"5396","chr12",2050757,2113677,"DCP1B"
"5397","chr12",2229490,2229864,"AK308652"
"5398","chr12",2785167,2800284,"AK093746"
"5399","chr12",2870366,2880835,"LOC283440"
"5400","chr12",2904107,2914588,"FKBP4"
"5401","chr12",2921786,2939771,"ITFG2"
"5402","chr12",2934514,2944221,"NRIP2"
"5403","chr12",2945981,2968962,"LOC100507424"
"5404","chr12",2966847,2986321,"FOXM1"
"5405","chr12",2986364,2998627,"C12orf32"
"5406","chr12",3000032,3050307,"TULP3"
"5407","chr12",3068477,3149843,"TEAD4"
"5409","chr12",3405368,3409390,"AK056228"
"5410","chr12",3427883,3434510,"AK095365"
"5411","chr12",3445189,3445980,"BC047090"
"5413","chr12",3565650,3565688,"DQ597527"
"5414","chr12",3567722,3570074,"DQ591569"
"5415","chr12",3574670,3574728,"DQ588965"
"5416","chr12",3575436,3575478,"DQ590472"
"5417","chr12",3579507,3579549,"DQ590289"
"5418","chr12",3579697,3579732,"DQ591331"
"5419","chr12",3580294,3580329,"DQ599425"
"5420","chr12",3581012,3581049,"DQ584103"
"5421","chr12",3581870,3581900,"DQ583990"
"5422","chr12",3584206,3584272,"DQ573743"
"5423","chr12",3584318,3584353,"DQ594563"
"5424","chr12",3584494,3584529,"DQ601344"
"5425","chr12",3585019,3585050,"DQ600002"
"5426","chr12",3586923,3586954,"DQ589173"
"5427","chr12",3587759,3587800,"DQ594785"
"5428","chr12",3590068,3590098,"DQ588300"
"5429","chr12",3590833,3590863,"DQ596092"
"5430","chr12",3591678,3591709,"DQ583138"
"5431","chr12",3592511,3592545,"DQ579489"
"5432","chr12",3592880,3601985,"AK125333"
"5434","chr12",3918027,3982608,"PARP11"
"5435","chr12",4382901,4414523,"CCND2"
"5436","chr12",4430358,4469191,"C12orf5"
"5437","chr12",4477393,4488894,"FGF23"
"5438","chr12",4543308,4554780,"FGF6"
"5439","chr12",4596901,4647637,"C12orf4"
"5440","chr12",4647949,4669214,"RAD51AP1"
"5441","chr12",4671369,4723042,"DYRK4"
"5442","chr12",4724676,4754358,"AKAP3"
"5443","chr12",4758263,4796721,"NDUFA9"
"5444","chr12",4829751,4881893,"GALNT8"
"5445","chr12",4918341,4960279,"KCNA6"
"5446","chr12",5019072,5027423,"KCNA1"
"5447","chr12",5153084,5155950,"KCNA5"
"5448","chr12",5347214,5352317,"BC031884"
"5449","chr12",5541279,5604466,"NTF3"
"5452","chr12",6309481,6347438,"CD9"
"5453","chr12",6419601,6437673,"PLEKHG6"
"5454","chr12",6437923,6451283,"TNFRSF1A"
"5455","chr12",6456009,6486523,"SCNN1A"
"5456","chr12",6484594,6500733,"LTBR"
"5457","chr12",6554050,6560885,"CD27"
"5458","chr12",6548167,6560683,"LOC678655"
"5459","chr12",6561176,6575602,"TAPBPL"
"5460","chr12",6571404,6579843,"VAMP1"
"5461","chr12",6601316,6602471,"MRPL51"
"5462","chr12",6603297,6641133,"NCAPD2"
"5463","chr12",6619387,6619718,"SCARNA10"
"5464","chr12",6643656,6647537,"GAPDH"
"5465","chr12",6645665,6645792,"DL491527"
"5466","chr12",6647539,6665249,"IFFO1"
"5467","chr12",6666037,6677480,"NOP2"
"5468","chr12",6687787,6693906,"AK096395"
"5469","chr12",6690639,6690775,"SCARNA11"
"5470","chr12",6679248,6716551,"CHD4"
"5471","chr12",6728001,6748203,"LPAR5"
"5472","chr12",6747242,6756580,"ACRBP"
"5473","chr12",6759704,6772308,"ING4"
"5474","chr12",6775643,6798738,"ZNF384"
"5475","chr12",6802957,6810009,"C12orf53"
"5476","chr12",6833149,6841042,"COPS7A"
"5477","chr12",6857158,6876641,"MLF2"
"5478","chr12",6875540,6880119,"PTMS"
"5479","chr12",6881669,6887622,"LAG3"
"5480","chr12",6898637,6929977,"CD4"
"5481","chr12",6930962,6939176,"GPR162"
"5482","chr12",6937571,6949019,"LEPREL2"
"5483","chr12",6949117,6956558,"GNB3"
"5484","chr12",6954023,6957970,"AK097957"
"5485","chr12",6953963,6960456,"CDCA3"
"5486","chr12",6961284,6975796,"USP5"
"5487","chr12",6976583,6980111,"TPI1"
"5488","chr12",6980100,6982521,"SPSB2"
"5489","chr12",6982789,6993769,"RRPL13L"
"5490","chr12",6993845,6994951,"DSTNP2"
"5491","chr12",7013896,7023407,"LRRC23"
"5492","chr12",7023613,7032860,"ENO2"
"5493","chr12",7033625,7053816,"ATN1"
"5494","chr12",7052140,7055166,"C12orf57"
"5495","chr12",7055739,7070480,"PTPN6"
"5496","chr12",7072861,7072930,"MIR200C"
"5497","chr12",7073259,7073355,"MIR141"
"5498","chr12",7076500,7076769,"SCARNA12"
"5499","chr12",7074515,7079916,"PHB2"
"5500","chr12",7079943,7105521,"EMG1"
"5501","chr12",7096259,7178336,"C1S"
"5502","chr12",7085347,7125842,"LPCAT3"
"5503","chr12",7187515,7245043,"C1R"
"5504","chr12",7260903,7274448,"MATL2963"
"5505","chr12",7247146,7261869,"C1RL"
"5506","chr12",7276280,7281466,"RBP5"
"5507","chr12",7282966,7311531,"CLSTN3"
"5508","chr12",7341758,7371170,"PEX5"
"5509","chr12",7456927,7480970,"ACSM4"
"5510","chr12",7507557,7596749,"CD163L1"
"5511","chr12",7623412,7656414,"CD163"
"5512","chr12",7801996,7818502,"APOBEC1"
"5513","chr12",7842381,7848360,"GDF3"
"5514","chr12",7882011,7902069,"CLEC4C"
"5515","chr12",7917811,7926718,"NANOGNB"
"5516","chr12",7941994,7948656,"NANOG"
"5517","chr12",7966397,8043744,"SLC2A14"
"5518","chr12",8025533,8052675,"AY455283"
"5519","chr12",8071824,8088892,"SLC2A3"
"5520","chr12",8185358,8208119,"FOXJ2"
"5521","chr12",8210919,8218955,"C3AR1"
"5522","chr12",8232081,8234759,"BC039122"
"5523","chr12",8234806,8250374,"NECAP1"
"5524","chr12",8276227,8291204,"CLEC4A"
"5525","chr12",8286945,8287327,"POU5F1P3"
"5526","chr12",8332804,8368748,"FAM66C"
"5527","chr12",8373856,8380214,"FAM90A1"
"5528","chr12",8383645,8395542,"FAM86FP"
"5529","chr12",8509560,8549399,"LOC389634"
"5530","chr12",8608590,8630927,"CLEC6A"
"5531","chr12",8666135,8674961,"CLEC4D"
"5532","chr12",8685901,8693558,"CLEC4E"
"5533","chr12",8754762,8765442,"AICDA"
"5534","chr12",8798540,8815433,"MFAP5"
"5536","chr12",8975149,9039598,"A2ML1"
"5537","chr12",9067315,9094061,"PHC1"
"5538","chr12",9092957,9102357,"M6PR"
"5539","chr12",9142220,9163341,"KLRG1"
"5540","chr12",9208185,9217666,"C12orf33"
"5541","chr12",9217772,9220652,"LOC144571"
"5542","chr12",9220304,9268558,"A2M"
"5543","chr12",9280497,9280519,"JA682662"
"5544","chr12",9301436,9360966,"PZP"
"5545","chr12",9381129,9386803,"A2MP1"
"5546","chr12",9392598,9395646,"LOC100499405"
"5547","chr12",9436252,9466685,"LOC642846"
"5548","chr12",9481706,9481733,"DQ582774"
"5549","chr12",9481921,9481986,"DQ586985"
"5550","chr12",9485757,9485790,"DQ577612"
"5551","chr12",9488359,9488396,"DQ586485"
"5552","chr12",9488432,9488461,"DQ577180"
"5553","chr12",9488850,9488879,"DQ585706"
"5554","chr12",9492399,9492435,"DQ575612"
"5555","chr12",9499998,9500029,"DQ592342"
"5556","chr12",9555038,9555064,"DQ599803"
"5557","chr12",9570287,9600768,"DDX12P"
"5558","chr12",9709909,9728865,"BX647938"
"5559","chr12",9747870,9760497,"KLRB1"
"5560","chr12",9786014,9811009,"LOC374443"
"5561","chr12",9822307,9852152,"CLEC2D"
"5562","chr12",9868456,9885895,"CLECL1"
"5563","chr12",9905082,9913497,"CD69"
"5564","chr12",9980076,9997604,"KLRF1"
"5565","chr12",10004968,10022458,"CLEC2B"
"5566","chr12",10034087,10048433,"KLRF2"
"5567","chr12",10051272,10084980,"CLEC2A"
"5568","chr12",10103914,10138195,"CLEC12A"
"5569","chr12",10145662,10151899,"CLEC1B"
"5570","chr12",10163230,10171400,"CLEC12B"
"5571","chr12",10183275,10218566,"CLEC9A"
"5572","chr12",10223080,10251605,"CLEC1A"
"5573","chr12",10269376,10282868,"CLEC7A"
"5574","chr12",10310899,10324790,"OLR1"
"5575","chr12",10323815,10324731,"BC055085"
"5576","chr12",10331556,10344404,"C12orf59"
"5577","chr12",10365488,10375725,"GABARAPL1"
"5578","chr12",10457049,10469851,"KLRD1"
"5579","chr12",10516367,10551106,"AK096314"
"5580","chr12",10524952,10544490,"KLRK1"
"5581","chr12",10564914,10588592,"KLRC3"
"5582","chr12",10594863,10607215,"KLRC1"
"5583","chr12",10741077,10752434,"KLRAP1"
"5584","chr12",10756364,10766208,"MAGOHB"
"5585","chr12",10771538,10826891,"STYK1"
"5586","chr12",10851676,10875953,"CSDA"
"5587","chr12",10954131,10955226,"TAS2R7"
"5588","chr12",10958650,10959579,"TAS2R8"
"5589","chr12",10961693,10962767,"TAS2R9"
"5590","chr12",10977945,10978868,"TAS2R10"
"5591","chr12",10998448,11002075,"PRR4"
"5592","chr12",11033560,11036874,"PRH1"
"5593","chr12",11060525,11062161,"TAS2R13"
"5594","chr12",11081833,11087445,"PRH2"
"5595","chr12",11090853,11091806,"TAS2R14"
"5596","chr12",11138512,11139511,"TAS2R50"
"5597","chr12",11148561,11150474,"TAS2R20"
"5598","chr12",11174271,11175170,"TAS2R19"
"5599","chr12",11182986,11184006,"TAS2R31"
"5600","chr12",11213964,11214893,"TAS2R46"
"5601","chr12",11243886,11244912,"TAS2R43"
"5602","chr12",11285884,11286843,"TAS2R30"
"5603","chr12",11323779,11325724,"LOC100129361"
"5605","chr12",11338599,11339543,"TAS2R42"
"5606","chr12",11418857,11422641,"PRB3"
"5607","chr12",11460015,11463366,"PRB4"
"5608","chr12",11504757,11508524,"PRB1"
"5609","chr12",11544474,11548498,"PRB2"
"5610","chr12",11700963,11717336,"LOC338817"
"5612","chr12",12202797,12208704,"BC038742"
"5615","chr12",12482218,12503169,"MANSC1"
"5616","chr12",12508342,12510001,"LOH12CR2"
"5618","chr12",12626216,12715448,"DUSP16"
"5619","chr12",12764830,12798042,"CREBL2"
"5620","chr12",12813995,12849121,"GPR19"
"5621","chr12",12870198,12870258,"P27_CRE"
"5622","chr12",12870301,12875306,"CDKN1B"
"5623","chr12",12878850,12944400,"APOLD1"
"5624","chr12",12917582,12917678,"MIR613"
"5625","chr12",12966140,12982916,"DDX47"
"5626","chr12",13028410,13029071,"RPL13AP20"
"5627","chr12",13043955,13066601,"GPRC5A"
"5628","chr12",13068762,13068853,"MIR614"
"5629","chr12",13093709,13103318,"GPRC5D"
"5630","chr12",13132770,13137577,"LOC100506314"
"5631","chr12",13127799,13153243,"HEBP1"
"5632","chr12",13153375,13157765,"HTR7P1"
"5633","chr12",13153380,13192605,"AK125676"
"5634","chr12",13197314,13236384,"KIAA1467"
"5635","chr12",13236471,13256630,"GSG1"
"5636","chr12",13349601,13369709,"EMP1"
"5637","chr12",13523605,13529679,"C12orf36"
"5640","chr12",14577938,14579760,"BC067269"
"5641","chr12",14656597,14720791,"PLBD1"
"5642","chr12",14765568,14849519,"GUCY2C"
"5643","chr12",14920933,14924065,"HIST4H4"
"5644","chr12",14927269,14930937,"H2AFJ"
"5645","chr12",14939412,14956401,"WBP11"
"5646","chr12",14956505,14976792,"C12orf60"
"5647","chr12",14957584,14967116,"C12orf69"
"5648","chr12",14982245,14996413,"ART4"
"5649","chr12",15034115,15038853,"MGP"
"5650","chr12",15066976,15091463,"ERP27"
"5651","chr12",15094950,15114562,"ARHGDIB"
"5652","chr12",15125955,15134800,"PDE6H"
"5656","chr12",16035287,16056411,"STRAP"
"5658","chr12",16341419,16430619,"SLC15A5"
"5659","chr12",16500075,16523343,"MGST1"
"5660","chr12",16701306,16762758,"LMO3"
"5661","chr12",17141680,17143563,"SKP1P2"
"5662","chr12",17826232,17826329,"MIR3974"
"5663","chr12",18233803,18243114,"RERGL"
"5665","chr12",18836116,18890918,"PLCZ1"
"5666","chr12",18891044,18892123,"CAPZA3"
"5668","chr12",19592607,19675174,"AEBP2"
"5669","chr12",20167618,20251803,"LOC100506393"
"5671","chr12",20848288,20906321,"SLCO1C1"
"5675","chr12",21525801,21532915,"IAPP"
"5676","chr12",21590537,21624183,"PYROXD1"
"5677","chr12",21621844,21654603,"RECQL"
"5678","chr12",21654698,21671338,"GOLT1B"
"5679","chr12",21679255,21684211,"C12orf39"
"5680","chr12",21689123,21757781,"GYS2"
"5681","chr12",21788275,21810789,"LDHB"
"5682","chr12",21917889,21927747,"KCNJ8"
"5684","chr12",22199158,22218603,"CMAS"
"5686","chr12",22601518,22697452,"KIAA0528"
"5687","chr12",22778075,22843609,"ETNK1"
"5690","chr12",24365354,24365430,"MIR920"
"5691","chr12",24719898,24737102,"LINC00477"
"5693","chr12",25146365,25150373,"C12orf77"
"5694","chr12",25205180,25261270,"LRMP"
"5695","chr12",25261223,25348094,"CASC1"
"5696","chr12",25348149,25357950,"LYRM5"
"5697","chr12",25358180,25403863,"KRAS"
"5699","chr12",26026953,26027012,"MIR4302"
"5700","chr12",26097790,26112375,"LOC100506451"
"5702","chr12",26272078,26278003,"BHLHE41"
"5703","chr12",26287896,26334218,"BC041929"
"5704","chr12",26348268,26405854,"SSPN"
"5706","chr12",27058112,27091254,"ASUN"
"5707","chr12",27091304,27119582,"FGFR1OP2"
"5708","chr12",27124506,27167339,"TM7SF3"
"5709","chr12",27175482,27182683,"MED21"
"5710","chr12",27233990,27235455,"C12orf71"
"5711","chr12",27397077,27478891,"STK38L"
"5712","chr12",27485786,27578747,"ARNTL2"
"5713","chr12",27542722,27599558,"BC043511"
"5714","chr12",27619742,27655119,"C12orf70"
"5716","chr12",27809602,27810049,"AK000807"
"5717","chr12",27849427,27850567,"REP15"
"5718","chr12",27863705,27909238,"MRPS35"
"5719","chr12",27915599,27924209,"MANSC4"
"5720","chr12",27933186,27955974,"KLHDC5"
"5721","chr12",28111017,28124916,"PTHLH"
"5724","chr12",29433351,29470781,"AX746523"
"5725","chr12",29493579,29534143,"ERGIC2"
"5726","chr12",29580489,29650619,"OVCH1"
"5728","chr12",30781915,30848929,"IPO8"
"5729","chr12",30862486,30907448,"CAPRIN2"
"5730","chr12",30948614,30955646,"LOC100287314"
"5731","chr12",31079361,31149538,"TSPAN11"
"5732","chr12",31226778,31257726,"DDX11"
"5733","chr12",31173697,31226781,"LOC100506660"
"5734","chr12",31264586,31274400,"DKFZp434C0631"
"5735","chr12",31267685,31359088,"OVOS2"
"5736","chr12",31379258,31379277,"hsa-miR-3194-3p"
"5737","chr12",31433520,31479159,"FAM60A"
"5738","chr12",31477249,31478880,"FLJ13224"
"5739","chr12",31516415,31522235,"BC039477"
"5741","chr12",31800093,31822017,"METTL20"
"5742","chr12",31824071,31882108,"AMN1"
"5743","chr12",31944119,31945175,"H3F3C"
"5744","chr12",32112352,32146044,"C12orf35"
"5747","chr12",32832136,32898585,"DNM1L"
"5748","chr12",32899478,32908887,"YARS2"
"5750","chr12",33528348,33592754,"SYT10"
"5751","chr12",34175215,34181237,"ALG10"
"5752","chr12",38710556,38723529,"ALG10B"
"5753","chr12",38937979,38983614,"BC040886"
"5756","chr12",39945022,40013843,"ABCD2"
"5762","chr12",41289751,41289890,"contactin 1"
"5764","chr12",42475648,42538673,"GXYLT1"
"5765","chr12",42550907,42632154,"YAF2"
"5766","chr12",42705888,42719932,"ZCRB1"
"5768","chr12",42850560,42852763,"AK096233"
"5771","chr12",44122412,44152596,"PUS7L"
"5772","chr12",44152746,44183347,"IRAK4"
"5773","chr12",44187526,44200178,"TWF1"
"5776","chr12",45408539,45444882,"DBX2"
"5777","chr12",45456401,45459194,"RACGAP1P"
"5778","chr12",45580874,45581252,"RNY5"
"5780","chr12",45566817,45609789,"PLEKHA8P1"
"5781","chr12",46051607,46053436,"BC053951"
"5782","chr12",46119503,46121704,"LOC400027"
"5784","chr12",46288603,46290522,"AX748322"
"5785","chr12",46312914,46385903,"SCAF11"
"5786","chr12",46576841,46663208,"SLC38A1"
"5787","chr12",46751971,46766645,"SLC38A2"
"5788","chr12",47158544,47219780,"SLC38A4"
"5789","chr12",47469490,47473734,"AMIGO2"
"5791","chr12",47581594,47581675,"MIR4698"
"5792","chr12",47599682,47601754,"AX747844"
"5793","chr12",47602203,47610226,"LOC100233209"
"5794","chr12",48055715,48099844,"RPAP3"
"5795","chr12",48103518,48119355,"ENDOU"
"5796","chr12",48113033,48136078,"AL831948"
"5797","chr12",48128453,48164823,"RAPGEF3"
"5798","chr12",48165369,48176537,"SLC48A1"
"5799","chr12",48176507,48213763,"HDAC7"
"5800","chr12",48235320,48298814,"VDR"
"5801","chr12",48357329,48362662,"TMEM106C"
"5802","chr12",48366748,48398285,"COL2A1"
"5803","chr12",48436757,48500091,"SENP1"
"5804","chr12",48499655,48540188,"PFKM"
"5805","chr12",48541572,48551377,"ASB8"
"5806","chr12",48577365,48579710,"C12orf68"
"5807","chr12",48596122,48597075,"OR10AD1"
"5808","chr12",48722762,48724063,"H1FNT"
"5809","chr12",48733793,48745029,"ZNF641"
"5810","chr12",48866447,48866844,"ANP32D"
"5811","chr12",48876285,48890298,"C12orf54"
"5812","chr12",48919414,48921887,"OR8S1"
"5813","chr12",48961467,48963829,"LALBA"
"5814","chr12",49048165,49048313,"SNORA34"
"5815","chr12",49050431,49050565,"SNORA2A"
"5816","chr12",49061240,49061376,"SNORA2B"
"5817","chr12",49046995,49076035,"KANSL2"
"5818","chr12",49082241,49110781,"CCNT1"
"5819","chr12",49121217,49159570,"LOC255411"
"5820","chr12",49165746,49165827,"MIR4701"
"5821","chr12",49159975,49182820,"ADCY6"
"5822","chr12",49208214,49222727,"CACNB3"
"5823","chr12",49223539,49245957,"DDX23"
"5824","chr12",49250916,49259653,"RND1"
"5825","chr12",49297892,49315360,"CCDC65"
"5826","chr12",49315742,49319330,"FKBP11"
"5827","chr12",49329992,49351252,"ARF3"
"5828","chr12",49359123,49365641,"WNT10B"
"5829","chr12",49372235,49376397,"WNT1"
"5830","chr12",49388933,49393088,"DDN"
"5831","chr12",49396055,49412629,"PRKAG1"
"5832","chr12",49412758,49449107,"MLL2"
"5833","chr12",49458468,49463775,"RHEBL1"
"5834","chr12",49469480,49469507,"DQ589802"
"5835","chr12",49483206,49488602,"DHH"
"5836","chr12",49490923,49504680,"LMBR1L"
"5837","chr12",49521741,49578583,"TUBA1A"
"5838","chr12",49521565,49525304,"TUBA1B"
"5839","chr12",49621708,49667114,"TUBA1C"
"5840","chr12",49658863,49658968,"D28390"
"5841","chr12",49688908,49692482,"PRPH"
"5842","chr12",49716970,49725515,"TROAP"
"5843","chr12",49726200,49730971,"C1QL4"
"5844","chr12",49741040,49745686,"DNAJC22"
"5846","chr12",49782956,49786117,"LOC100335030"
"5847","chr12",49932939,49952078,"KCNH3"
"5848","chr12",49952086,49961911,"MCRS1"
"5849","chr12",49976658,49999433,"FAM186B"
"5850","chr12",50017352,50038450,"PRPF40B"
"5851","chr12",50031724,50101197,"FMNL3"
"5852","chr12",50135292,50158718,"TMBIM6"
"5853","chr12",50184929,50222208,"NCKAP5L"
"5854","chr12",50222325,50234938,"LOC100286844"
"5855","chr12",50229826,50236912,"BCDIN3D"
"5856","chr12",50260679,50297760,"FAIM2"
"5857","chr12",50302666,50305646,"LOC283332"
"5858","chr12",50305735,50320123,"BC034605"
"5859","chr12",50344523,50352665,"AQP2"
"5860","chr12",50355278,50359462,"AQP5"
"5861","chr12",50360976,50370923,"AQP6"
"5862","chr12",50382945,50419307,"RACGAP1"
"5863","chr12",50451486,50477395,"ACCN2"
"5864","chr12",50478982,50494495,"SMARCD1"
"5865","chr12",50497800,50505096,"GPD1"
"5866","chr12",50505899,50514235,"C12orf62"
"5867","chr12",50523581,50561097,"CERS5"
"5868","chr12",50538140,50538175,"HV491992"
"5870","chr12",50627925,50627995,"MIR1293"
"5871","chr12",50720013,50790405,"FAM186A"
"5872","chr12",50794591,50873789,"LARP4"
"5874","chr12",51157788,51214944,"ATF1"
"5875","chr12",51236700,51281664,"TMPRSS12"
"5876","chr12",51318533,51326301,"METTL7A"
"5877","chr12",51347781,51364290,"HIGD1C"
"5878","chr12",51373566,51422058,"SLC11A2"
"5879","chr12",51442081,51454208,"LETMD1"
"5880","chr12",51454988,51477454,"CSRNP2"
"5881","chr12",51517734,51519265,"LOC494150"
"5882","chr12",51487539,51566926,"TFCP2"
"5883","chr12",51580719,51611477,"POU6F1"
"5884","chr12",51632507,51640502,"DAZAP2"
"5885","chr12",51639133,51664202,"SMAGP"
"5886","chr12",51674822,51718452,"BIN2"
"5887","chr12",51722227,51740463,"CELA1"
"5888","chr12",51745833,51785401,"GALNT6"
"5891","chr12",52203788,52206637,"hCG_1997999"
"5892","chr12",52211676,52225701,"FIGNL2"
"5893","chr12",52281792,52285506,"ANKRD33"
"5894","chr12",52300691,52317146,"ACVRL1"
"5895","chr12",52345450,52390864,"ACVR1B"
"5896","chr12",52400747,52409672,"GRASP"
"5897","chr12",52416615,52453292,"NR4A1"
"5898","chr12",52463757,52471280,"C12orf44"
"5899","chr12",52473479,52502035,"bpl 41-16"
"5900","chr12",52562780,52585784,"KRT80"
"5901","chr12",52599365,52604639,"LOC283403"
"5902","chr12",52604713,52617598,"LOC283404"
"5903","chr12",52626953,52642710,"KRT7"
"5904","chr12",52643083,52702948,"KRT86"
"5905","chr12",52644328,52652171,"AK300121"
"5906","chr12",52679697,52702155,"KRT81"
"5907","chr12",52708085,52715182,"KRT83"
"5908","chr12",52753790,52761309,"KRT85"
"5909","chr12",52771596,52779417,"KRT84"
"5910","chr12",52787735,52800176,"KRT82"
"5911","chr12",52817854,52828110,"KRT75"
"5912","chr12",52840435,52845910,"KRT6B"
"5913","chr12",52862300,52867569,"KRT6C"
"5914","chr12",52880958,52887181,"KRT6A"
"5915","chr12",52908359,52914243,"KRT5"
"5916","chr12",52937693,52946931,"KRT71"
"5917","chr12",52959603,52967609,"KRT74"
"5918","chr12",52979373,52995322,"KRT72"
"5919","chr12",53001354,53012343,"KRT73"
"5920","chr12",53038342,53045959,"KRT2"
"5921","chr12",53068520,53074191,"KRT1"
"5922","chr12",53083411,53097247,"KRT77"
"5923","chr12",53161939,53171129,"KRT76"
"5924","chr12",53183469,53189892,"KRT3"
"5925","chr12",53200327,53208064,"KRT4"
"5926","chr12",53215231,53228077,"KRT79"
"5927","chr12",53232746,53242778,"KRT78"
"5928","chr12",53290971,53343626,"KRT8"
"5929","chr12",53342654,53346686,"KRT18"
"5930","chr12",53400061,53435994,"EIF4B"
"5931","chr12",53440809,53458163,"TENC1"
"5932","chr12",53436973,53448222,"LOC283335"
"5933","chr12",53458100,53473204,"SPRYD3"
"5934","chr12",53491435,53496129,"IGFBP6"
"5935","chr12",53497273,53518324,"SOAT2"
"5936","chr12",53551447,53575135,"CSAD"
"5937","chr12",53574534,53584655,"ZNF740"
"5938","chr12",53585107,53601000,"ITGB7"
"5939","chr12",53604350,53626040,"RARG"
"5940","chr12",53645369,53648191,"MFSD5"
"5941","chr12",53662082,53687428,"ESPL1"
"5942","chr12",53689234,53693235,"PFDN5"
"5943","chr12",53693469,53700966,"C12orf10"
"5944","chr12",53701240,53715412,"AAAS"
"5945","chr12",53720360,53730004,"SP7"
"5946","chr12",53773978,53810227,"SP1"
"5947","chr12",53817638,53825319,"AMHR2"
"5948","chr12",53835432,53840428,"PRR13"
"5949","chr12",53845885,53874947,"PCBP2"
"5950","chr12",53874276,53893444,"MAP3K12"
"5951","chr12",53894704,53900216,"TARBP2"
"5952","chr12",53900474,53901422,"NPFF"
"5953","chr12",53907767,53911393,"AK027179"
"5955","chr12",54058944,54070512,"ATP5G2"
"5956","chr12",54104902,54121307,"CALCOCO1"
"5957","chr12",54332575,54340329,"HOXC13"
"5958","chr12",54348713,54350351,"HOXC12"
"5959","chr12",54361785,54361963,"HOTAIR_4"
"5960","chr12",54362134,54362286,"HOTAIR_5"
"5961","chr12",54356096,54362515,"HOTAIR"
"5962","chr12",54366909,54370204,"HOXC11"
"5963","chr12",54378945,54384063,"HOXC10"
"5964","chr12",54385521,54385632,"MIR196A2"
"5965","chr12",54393876,54397121,"HOXC9"
"5966","chr12",54402889,54406546,"HOXC8"
"5967","chr12",54410641,54424608,"HOXC6"
"5968","chr12",54426831,54429145,"HOXC5"
"5969","chr12",54427733,54427830,"MIR615"
"5970","chr12",54447660,54449815,"HOXC4"
"5971","chr12",54452037,54516019,"FLJ12825"
"5972","chr12",54472623,54475607,"LOC100240735"
"5973","chr12",54495992,54496484,"LOC100240734"
"5974","chr12",54519854,54526627,"LOC400043"
"5975","chr12",54573783,54576165,"AX747003"
"5976","chr12",54574142,54582778,"SMUG1"
"5977","chr12",54625181,54625260,"MIR3198-2"
"5978","chr12",54624731,54673915,"CBX5"
"5979","chr12",54674487,54680873,"HNRNPA1"
"5980","chr12",54685896,54694791,"NFE2"
"5981","chr12",54718910,54745634,"COPZ1"
"5982","chr12",54730999,54731099,"MIR148B"
"5983","chr12",54756229,54758270,"GPR84"
"5984","chr12",54762920,54785083,"ZNF385A"
"5985","chr12",54789045,54813050,"ITGA5"
"5986","chr12",54849736,54867386,"GTSF1"
"5987","chr12",54891494,54936900,"NCKAP1L"
"5988","chr12",54943176,54973024,"PDE1B"
"5989","chr12",55001971,55004246,"GLYCAM1"
"5990","chr12",55024623,55028663,"LACRT"
"5991","chr12",55038375,55042149,"DCD"
"5992","chr12",55248298,55252175,"MUCL1"
"5993","chr12",55343865,55378456,"KIAA0748"
"5994","chr12",55413728,55423802,"NEUROD4"
"5995","chr12",55523552,55524561,"OR9K2"
"5996","chr12",55614808,55615760,"OR10A7"
"5997","chr12",55641071,55642011,"OR6C74"
"5998","chr12",55688072,55689016,"OR6C6"
"5999","chr12",55714383,55715323,"OR6C1"
"6000","chr12",55725484,55726421,"OR6C3"
"6001","chr12",55758894,55759834,"OR6C75"
"6002","chr12",55794312,55795252,"OR6C65"
"6003","chr12",55820037,55820977,"OR6C76"
"6004","chr12",55845997,55846937,"OR6C2"
"6005","chr12",55862984,55863922,"OR6C70"
"6006","chr12",55886146,55887101,"OR6C68"
"6007","chr12",55945010,55945941,"OR6C4"
"6008","chr12",56030675,56031618,"OR10P1"
"6009","chr12",56075329,56078395,"METTL7B"
"6010","chr12",56078354,56106089,"ITGA7"
"6011","chr12",56109817,56116443,"BLOC1S1"
"6012","chr12",56114150,56118527,"RDH5"
"6013","chr12",56119230,56122910,"CD63"
"6014","chr12",56137063,56146666,"GDF11"
"6015","chr12",56146247,56211540,"SARNP"
"6016","chr12",56211805,56214960,"ORMDL2"
"6017","chr12",56214744,56224342,"DNAJC14"
"6018","chr12",56225624,56227720,"AX747140"
"6019","chr12",56229214,56236735,"MMP19"
"6020","chr12",56295197,56321697,"WIBG"
"6021","chr12",56324945,56347808,"DGKA"
"6022","chr12",56347889,56360496,"PMEL"
"6023","chr12",56360555,56366569,"CDK2"
"6024","chr12",56367696,56390468,"RAB5B"
"6025","chr12",56391042,56399310,"SUOX"
"6026","chr12",56411921,56432220,"IKZF4"
"6027","chr12",56435685,56438008,"RPS26"
"6028","chr12",56473808,56497292,"ERBB3"
"6029","chr12",56498102,56507695,"PA2G4"
"6030","chr12",56510373,56511617,"RPL41"
"6031","chr12",56512029,56516279,"ZC3H10"
"6032","chr12",56521985,56538461,"ESYT1"
"6033","chr12",56546203,56551772,"MYL6B"
"6034","chr12",56552044,56555367,"MYL6"
"6035","chr12",56555636,56583351,"SMARCC2"
"6036","chr12",56596288,56615753,"RNF41"
"6037","chr12",56618124,56623639,"OBFC2B"
"6038","chr12",56623819,56631630,"SLC39A5"
"6039","chr12",56631588,56633757,"BC042070"
"6040","chr12",56631591,56652143,"ANKRD52"
"6041","chr12",56660641,56664751,"COQ10A"
"6042","chr12",56665483,56694175,"CS"
"6043","chr12",56704213,56710128,"CNPY2"
"6044","chr12",56710007,56727837,"PAN2"
"6045","chr12",56732662,56734195,"IL23A"
"6046","chr12",56735382,56754037,"STAT2"
"6047","chr12",56754355,56756583,"APOF"
"6048","chr12",56810157,56843200,"TIMELESS"
"6049","chr12",56843286,56848435,"MIP"
"6050","chr12",56862300,56864768,"SPRYD4"
"6051","chr12",56864736,56882181,"GLS2"
"6052","chr12",56879225,56882153,"BC059370"
"6053","chr12",56915608,56989981,"RBMS2"
"6054","chr12",56989380,57030163,"BAZ2A"
"6055","chr12",57037464,57037538,"SNORD59B"
"6056","chr12",57038811,57038885,"SNORD59A"
"6057","chr12",57031959,57039852,"ATP5B"
"6058","chr12",57057125,57082078,"PTGES3"
"6059","chr12",57106211,57119326,"NACA"
"6060","chr12",57125364,57146146,"PRIM1"
"6061","chr12",57157018,57157046,"DQ590166"
"6062","chr12",57157107,57181575,"HSD17B6"
"6063","chr12",57316938,57328189,"SDR9C7"
"6064","chr12",57345216,57351418,"RDH16"
"6065","chr12",57388354,57390470,"GPR182"
"6066","chr12",57392617,57400297,"ZBTB39"
"6067","chr12",57403781,57410344,"TAC3"
"6068","chr12",57422301,57443901,"MYO1A"
"6069","chr12",57449426,57472574,"TMEM194A"
"6070","chr12",57482676,57489260,"NAB2"
"6071","chr12",57489187,57522883,"STAT6"
"6072","chr12",57522281,57607126,"LRP1"
"6073","chr12",57588286,57588360,"MIR1228"
"6074","chr12",57610577,57620233,"NXPH4"
"6075","chr12",57623355,57628719,"SHMT2"
"6076","chr12",57628686,57634475,"NDUFA4L2"
"6077","chr12",57637242,57644976,"STAC3"
"6079","chr12",57828542,57844610,"INHBC"
"6080","chr12",57849095,57851792,"INHBE"
"6081","chr12",57853917,57866048,"GLI1"
"6082","chr12",57866038,57882597,"ARHGAP9"
"6083","chr12",57881076,57911335,"MARS"
"6084","chr12",57912946,57913042,"Mir_616"
"6085","chr12",57910371,57914300,"DDIT3"
"6086","chr12",57916658,57923932,"MBD6"
"6087","chr12",57924094,57940978,"DCTN2"
"6088","chr12",57943846,57978555,"KIF5A"
"6089","chr12",57978688,57980412,"BC033961"
"6090","chr12",57984941,57997212,"PIP4K2C"
"6091","chr12",57998603,58003584,"DTX3"
"6092","chr12",58003962,58011027,"ARHGEF25"
"6093","chr12",58006122,58011828,"BC073932"
"6094","chr12",58013692,58019935,"SLC26A10"
"6095","chr12",58019551,58026985,"B4GALNT1"
"6097","chr12",58087737,58115341,"OS9"
"6098","chr12",58120022,58122140,"LOC100130776"
"6099","chr12",58118076,58135944,"AGAP2"
"6100","chr12",58138783,58142027,"TSPAN31"
"6101","chr12",58145424,58145485,"DM110804"
"6102","chr12",58141510,58146230,"CDK4"
"6103","chr12",58148880,58154194,"MARCH9"
"6104","chr12",58156117,58160976,"CYP27B1"
"6105","chr12",58162351,58165914,"METTL1"
"6106","chr12",58166382,58176325,"METTL21B"
"6107","chr12",58176527,58196640,"TSFM"
"6108","chr12",58191160,58209852,"AVIL"
"6109","chr12",58213710,58240747,"CTDSP2"
"6110","chr12",58218392,58218475,"MIR26A2"
"6111","chr12",58325232,58329947,"LOC100506844"
"6112","chr12",58335444,58351053,"XRCC6BP1"
"6114","chr12",59265937,59314262,"LRIG3"
"6117","chr12",62636214,62653509,"AK128013"
"6120","chr12",62995531,62997214,"C12orf61"
"6121","chr12",62997465,62997550,"MIRLET7I"
"6123","chr12",63326430,63328915,"AK024134"
"6124","chr12",63540216,63546590,"AVPR1A"
"6126","chr12",64173636,64202888,"TMEM5"
"6128","chr12",64586419,64616076,"C12orf66"
"6131","chr12",64798152,64842464,"XPOT"
"6132","chr12",64845839,64895900,"TBK1"
"6133","chr12",65004292,65091348,"RASSF3"
"6134","chr12",65016288,65016386,"MIR548C"
"6135","chr12",65016289,65016385,"MIR548Z"
"6136","chr12",65107222,65153226,"GNS"
"6137","chr12",65179790,65274799,"TBC1D30"
"6138","chr12",65277553,65371303,"FLJ41278"
"6139","chr12",65444404,65515346,"WIF1"
"6140","chr12",65563350,65642142,"LEMD3"
"6142","chr12",65938018,65951091,"BC043551"
"6144","chr12",66151801,66220754,"RPSAP52"
"6145","chr12",66260584,66275358,"AY387666"
"6146","chr12",66249727,66275821,"AK128707"
"6147","chr12",66516849,66563807,"LLPH"
"6148","chr12",66582977,66648395,"IRAK3"
"6149","chr12",66696355,66731993,"HELB"
"6151","chr12",67663060,67708389,"CAND1"
"6152","chr12",67913861,67960907,"AK055974"
"6153","chr12",68042511,68056445,"DYRK2"
"6154","chr12",68102827,68123221,"BC035381"
"6155","chr12",68383224,68415108,"AK124066"
"6156","chr12",68548550,68553521,"IFNG"
"6157","chr12",68595129,68619571,"IL26"
"6158","chr12",68642025,68647385,"IL22"
"6159","chr12",68688346,68726161,"MDM1"
"6160","chr12",69004618,69054386,"RAP1B"
"6161","chr12",69021014,69021155,"SNORA70G"
"6162","chr12",69068151,69080639,"LOC100507250"
"6163","chr12",69080730,69136474,"NUP107"
"6164","chr12",69139935,69159854,"SLC35E3"
"6165","chr12",69201970,69239213,"MDM2"
"6167","chr12",69633316,69668139,"CPSF6"
"6168","chr12",69666937,69666998,"MIR1279"
"6169","chr12",69742133,69748014,"LYZ"
"6170","chr12",69747277,69748015,"E02193"
"6171","chr12",69753531,69784577,"YEATS4"
"6173","chr12",69978502,69978603,"MIR3913-2"
"6174","chr12",69978502,69978603,"MIR3913-1"
"6175","chr12",69979207,69995358,"CCT2"
"6176","chr12",70002345,70004942,"LRRC10"
"6177","chr12",70037334,70093196,"BEST3"
"6178","chr12",70107415,70132348,"BC042465"
"6179","chr12",70132630,70216985,"RAB3IP"
"6180","chr12",70320436,70352504,"C12orf28"
"6182","chr12",70760061,70828073,"KCNMB4"
"6183","chr12",70861864,70932593,"BC031864"
"6188","chr12",72057676,72074429,"THAP2"
"6189","chr12",72003379,72057749,"ZFC3H1"
"6190","chr12",72079877,72097840,"TMEM19"
"6191","chr12",72148657,72181151,"RAB21"
"6192","chr12",72233486,72320630,"TBC1D15"
"6193","chr12",72242074,72244763,"MRS2P2"
"6194","chr12",72332625,72426222,"TPH2"
"6195","chr12",72665786,72666215,"BC093903"
"6197","chr12",72656327,72667289,"LOC283392"
"6199","chr12",74931550,74935233,"ATXN7L3B"
"6201","chr12",75628519,75645646,"AK093193"
"6203","chr12",75728462,75764170,"GLIPR1L1"
"6204","chr12",75784888,75825592,"GLIPR1L2"
"6205","chr12",75874512,75895717,"GLIPR1"
"6206","chr12",75891419,75905418,"KRR1"
"6207","chr12",76419227,76425556,"PHLDA1"
"6208","chr12",76438672,76478738,"NAP1L1"
"6209","chr12",76738266,76742222,"BBS10"
"6211","chr12",77157853,77247475,"ZDHHC17"
"6212","chr12",77252496,77272799,"CSRP2"
"6213","chr12",77415026,77459360,"E2F7"
"6215","chr12",78720460,78753526,"BC045810"
"6216","chr12",78883658,78885295,"BC047615"
"6218","chr12",79813036,79813102,"MIR1252"
"6219","chr12",79985745,80084790,"PAWR"
"6223","chr12",81101407,81103257,"MYF6"
"6224","chr12",81110707,81113448,"MYF5"
"6225","chr12",81156932,81164495,"BC037383"
"6226","chr12",81186300,81189685,"AK022997"
"6227","chr12",81226312,81226408,"MIR617"
"6228","chr12",81329515,81329612,"MIR618"
"6231","chr12",81552166,81552241,"MIR4699"
"6233","chr12",82746083,82752584,"CCDC59"
"6236","chr12",85258116,85259169,"BC045559"
"6237","chr12",85253267,85306606,"SLC6A15"
"6238","chr12",85408094,85430055,"TSPAN19"
"6240","chr12",85674035,85695562,"ALX1"
"6241","chr12",86198331,86230318,"RASSF9"
"6242","chr12",86268072,86276771,"NTS"
"6244","chr12",86946652,86946729,"MIR548AL"
"6245","chr12",88176663,88178488,"MKRN9P"
"6246","chr12",88373816,88423176,"C12orf50"
"6247","chr12",88429267,88443938,"C12orf29"
"6248","chr12",88448974,88452836,"BC033323"
"6249","chr12",88442790,88535993,"CEP290"
"6250","chr12",88536072,88593665,"TMTC3"
"6251","chr12",88886570,88974250,"KITLG"
"6252","chr12",89404903,89413469,"LOC728084"
"6253","chr12",89741837,89746296,"DUSP6"
"6255","chr12",89913190,89918583,"GALNT4"
"6256","chr12",89981826,90049844,"ATP2B1"
"6257","chr12",90102731,90105730,"LOC338758"
"6258","chr12",91311799,91342447,"C12orf37"
"6259","chr12",91345992,91348953,"C12orf12"
"6260","chr12",91357456,91398803,"EPYC"
"6261","chr12",91444271,91452131,"KERA"
"6262","chr12",91497232,91505542,"LUM"
"6263","chr12",91539035,91576806,"DCN"
"6265","chr12",92534054,92539673,"BTG1"
"6266","chr12",92539860,92561337,"BC044741"
"6267","chr12",92815306,92877457,"CLLU1"
"6268","chr12",92813870,92821924,"CLLU1OS"
"6269","chr12",93096618,93102326,"C12orf74"
"6270","chr12",93130264,93165869,"PLEKHG7"
"6273","chr12",93771700,93797025,"NUDT4"
"6274","chr12",93802088,93836026,"UBE2N"
"6275","chr12",93861265,93897549,"MRPL42"
"6276","chr12",93963597,93969980,"SOCS2"
"6277","chr12",93936239,93965544,"LOC144481"
"6279","chr12",94101567,94131599,"AK130911"
"6282","chr12",94853778,94856345,"LOC144486"
"6283","chr12",94960900,95044324,"TMCC3"
"6284","chr12",95228173,95228805,"KRT19P2"
"6285","chr12",95365110,95397511,"NDUFA12"
"6286","chr12",95414058,95467404,"NR2C1"
"6288","chr12",95611521,95696567,"VEZT"
"6289","chr12",95702195,95702290,"MIR331"
"6290","chr12",95703698,95703761,"MIR3685"
"6291","chr12",95867821,95909614,"METAP2"
"6292","chr12",95910888,95945263,"USP44"
"6294","chr12",96252708,96260239,"SNRPF"
"6295","chr12",96260826,96336428,"CCDC38"
"6296","chr12",96337070,96362371,"AMDHD1"
"6297","chr12",96367142,96390071,"HAL"
"6298","chr12",96394611,96437298,"LTA4H"
"6299","chr12",96588206,96661607,"ELK3"
"6301","chr12",96883352,96934766,"C12orf55"
"6302","chr12",96933914,97024430,"AX747187"
"6303","chr12",97017544,97040906,"BC041426"
"6305","chr12",97301000,97347470,"NEDD1"
"6306","chr12",97858798,97958794,"RMST"
"6307","chr12",97885686,97885757,"MIR1251"
"6308","chr12",97945915,97946006,"SnoMe28S_Am2634"
"6309","chr12",97957589,97957690,"MIR135A2"
"6310","chr12",98107190,98147376,"AK098641"
"6311","chr12",98123826,98150295,"BC024008"
"6312","chr12",98389161,98389226,"MIR4303"
"6313","chr12",98847619,98850923,"SLC9A7P1"
"6314","chr12",98879322,98897633,"LOC643770"
"6315","chr12",98909350,98944158,"TMPO"
"6316","chr12",98906751,98910004,"LOC100128191"
"6317","chr12",98987402,98995779,"SLC25A3"
"6318","chr12",98993412,98993663,"SNORA53"
"6319","chr12",99007182,99038589,"IKBIP"
"6320","chr12",99039077,99129212,"APAF1"
"6322","chr12",100041527,100043893,"FAM71C"
"6323","chr12",100420029,100421318,"BC062763"
"6325","chr12",100552747,100552787,"DQ572567"
"6326","chr12",100550175,100567121,"GOLGA2P5"
"6327","chr12",100559874,100559907,"DQ571064"
"6328","chr12",100583661,100583728,"MIR1827"
"6329","chr12",100594573,100635630,"ACTR6"
"6330","chr12",100597447,100615569,"AX746635"
"6331","chr12",100631746,100660857,"DEPDC4"
"6332","chr12",100660954,100733915,"SCYL2"
"6333","chr12",100750856,100815838,"SLC17A8"
"6334","chr12",100867550,100957646,"NR1H4"
"6335","chr12",100967488,101018686,"GAS2L3"
"6337","chr12",101549994,101604016,"SLC5A8"
"6339","chr12",101786903,101801572,"ARL1"
"6340","chr12",101869198,101880776,"SPIC"
"6341","chr12",101988708,102079659,"MYBPC1"
"6342","chr12",102091416,102123425,"CHPT1"
"6343","chr12",102122426,102133250,"SYCP3"
"6344","chr12",102139275,102224645,"GNPTAB"
"6345","chr12",102271104,102317402,"DRAM1"
"6346","chr12",102406717,102455899,"CCDC53"
"6347","chr12",102467973,102513869,"NUP37"
"6348","chr12",102513955,102591299,"PARPBP"
"6349","chr12",102590237,102591614,"PMCH"
"6350","chr12",102789645,102874378,"IGF1"
"6351","chr12",103203061,103218177,"LINC00485"
"6352","chr12",103232104,103311381,"PAH"
"6353","chr12",103351451,103354295,"ASCL1"
"6355","chr12",103941571,103953594,"BC041342"
"6357","chr12",104166081,104234975,"NT5DC3"
"6358","chr12",104237527,104323989,"GNN"
"6359","chr12",104324188,104341704,"HSP90B1"
"6360","chr12",104324202,104324334,"MIR3652"
"6361","chr12",104343981,104359473,"C12orf73"
"6362","chr12",104359592,104382657,"TDG"
"6363","chr12",104424968,104425047,"DL490275"
"6364","chr12",104382765,104457961,"GLT8D2"
"6365","chr12",104458235,104500305,"HCFC2"
"6366","chr12",104510858,104532040,"NFYB"
"6368","chr12",104697509,104698983,"EID3"
"6370","chr12",104985410,104985495,"MIR3922"
"6372","chr12",105380097,105388506,"C12orf45"
"6373","chr12",105413562,105478341,"ALDH1L2"
"6374","chr12",105501491,105562907,"KIAA1033"
"6375","chr12",105567075,105630008,"APPL2"
"6376","chr12",105724413,105765297,"C12orf75"
"6377","chr12",106457125,106533811,"NUAK1"
"6378","chr12",106631659,106641713,"CKAP4"
"6379","chr12",106696580,106740793,"TCP11L2"
"6382","chr12",107074536,107078478,"LOC100505978"
"6385","chr12",107347807,107349275,"AK055712"
"6386","chr12",107349543,107367814,"C12orf23"
"6387","chr12",107371069,107380929,"MTERFD3"
"6390","chr12",108079589,108106258,"PWP1"
"6391","chr12",108126643,108155021,"PRDM4"
"6392","chr12",108168161,108170422,"ASCL4"
"6393","chr12",108296927,108297548,"LOC728739"
"6395","chr12",108681821,108733094,"CMKLR1"
"6396","chr12",108909050,108913381,"FICD"
"6397","chr12",108915991,108955176,"SART3"
"6398","chr12",108956293,108963161,"ISCU"
"6399","chr12",108983622,108991894,"TMEM119"
"6400","chr12",109015680,109027670,"SELPLG"
"6401","chr12",109038887,109125295,"CORO1C"
"6402","chr12",109176466,109251359,"SSH1"
"6403","chr12",109252707,109294711,"DAO"
"6405","chr12",109460893,109525832,"USP30"
"6406","chr12",109489846,109491770,"LOC100131733"
"6407","chr12",109525993,109531293,"ALKBH2"
"6408","chr12",109535398,109548799,"UNG"
"6410","chr12",109715783,109747025,"FOXN4"
"6411","chr12",109826523,109886177,"MYO1H"
"6412","chr12",109886460,109915155,"KCTD10"
"6413","chr12",109915438,109974508,"UBE3B"
"6414","chr12",109991521,110011358,"MMAB"
"6415","chr12",110011499,110035072,"MVK"
"6416","chr12",110152186,110208313,"C12orf34"
"6417","chr12",110171130,110211292,"MGC14436"
"6418","chr12",110220892,110271212,"TRPV4"
"6419","chr12",110271152,110271242,"MIR4497"
"6420","chr12",110288748,110318293,"GLTP"
"6421","chr12",110338078,110391075,"TCHP"
"6422","chr12",110367607,110434194,"GIT2"
"6423","chr12",110436990,110477236,"ANKRD13A"
"6424","chr12",110478983,110511439,"C12orf76"
"6425","chr12",110562139,110656601,"IFT81"
"6426","chr12",110719031,110788898,"ATP2A2"
"6427","chr12",110719702,110719762,"JA611269"
"6428","chr12",110810705,110841535,"ANAPC7"
"6429","chr12",110872706,110888158,"ARPC3"
"6430","chr12",110890291,110906526,"GPN3"
"6431","chr12",110906228,110928193,"C12orf24"
"6432","chr12",110934157,110934226,"SNORD50"
"6433","chr12",110929330,110939930,"VPS29"
"6434","chr12",110939418,110941247,"BC064974"
"6435","chr12",110940004,110969892,"RAD9B"
"6436","chr12",110972237,111021064,"PPTC7"
"6437","chr12",111051831,111086936,"TCTN1"
"6438","chr12",111065646,111127617,"HVCN1"
"6439","chr12",111157613,111180783,"PPP1CC"
"6440","chr12",111284810,111345339,"CCDC63"
"6441","chr12",111348624,111358404,"MYL2"
"6442","chr12",111374405,111375251,"LOC100131138"
"6444","chr12",111798455,111806925,"FAM109A"
"6445","chr12",111843751,111889428,"SH2B3"
"6447","chr12",112079950,112123790,"BRAP"
"6448","chr12",112123856,112194912,"ACAD10"
"6449","chr12",112204690,112247790,"ALDH2"
"6450","chr12",112277573,112280706,"C12orf47"
"6451","chr12",112280278,112331229,"MAPKAPK5"
"6452","chr12",112336866,112339707,"ADAM1"
"6453","chr12",112448230,112450989,"AX747754"
"6454","chr12",112369087,112451023,"TMEM116"
"6455","chr12",112451151,112461025,"ERP29"
"6456","chr12",112464493,112546635,"NAA25"
"6457","chr12",112563348,112591409,"TRAFD1"
"6459","chr12",112842994,112847443,"RPL6"
"6460","chr12",112856535,112947718,"PTPN11"
"6462","chr12",113344738,113369991,"OAS1"
"6463","chr12",113376248,113411055,"OAS3"
"6464","chr12",113416273,113449529,"OAS2"
"6465","chr12",113495661,113535834,"DTX1"
"6466","chr12",113536624,113574044,"RASAL1"
"6467","chr12",113587662,113597082,"CCDC42B"
"6468","chr12",113594978,113623284,"DDX54"
"6469","chr12",113623554,113630120,"C12orf52"
"6470","chr12",113633246,113658880,"IQCD"
"6471","chr12",113659259,113736390,"TPCN1"
"6472","chr12",113736571,113772925,"SLC24A6"
"6473","chr12",113796370,113827459,"PLBD2"
"6474","chr12",113830251,113841692,"SDS"
"6475","chr12",113860215,113876082,"SDSL"
"6476","chr12",113900694,113909877,"LHX5"
"6477","chr12",114182382,114211488,"AK096932"
"6479","chr12",114791735,114846247,"TBX5"
"6480","chr12",114845999,114850638,"LOC255480"
"6481","chr12",115108059,115121969,"TBX3"
"6482","chr12",116586365,116586459,"MIR620"
"6484","chr12",116866057,116866123,"MIR4472-2"
"6485","chr12",116971226,116974319,"LINC00173"
"6486","chr12",116997185,117014426,"MAP1LC3B2"
"6487","chr12",117153596,117175843,"C12orf49"
"6489","chr12",117288906,117291435,"UNQ514"
"6490","chr12",117299027,117319232,"HRK"
"6492","chr12",117467713,117469234,"AK055849"
"6493","chr12",117476728,117537251,"TESC"
"6494","chr12",117581585,117628300,"FBXO21"
"6497","chr12",118454505,118470043,"RFC5"
"6498","chr12",118470492,118498951,"WSB2"
"6499","chr12",118501398,118541810,"VSIG10"
"6500","chr12",118573869,118583391,"PEBP1"
"6502","chr12",118814357,118855841,"SUDS3"
"6504","chr12",119616594,119632552,"HSPB8"
"6505","chr12",119722062,119722923,"BC118554"
"6506","chr12",119721630,119741185,"LOC144742"
"6508","chr12",120031263,120079364,"TMEM233"
"6510","chr12",120105756,120119430,"PRKAB1"
"6511","chr12",120151439,120151529,"MIR1178"
"6514","chr12",120532899,120554643,"RAB35"
"6515","chr12",120554710,120556801,"AK130486"
"6516","chr12",120593238,120593303,"MIR4498"
"6517","chr12",120565014,120632513,"GCN1L1"
"6518","chr12",120636317,120636441,"DL492076"
"6519","chr12",120634503,120639014,"RPLP0"
"6520","chr12",120639093,120650632,"LOC100506649"
"6521","chr12",120648242,120703574,"PXN"
"6522","chr12",120740123,120751046,"SIRT4"
"6523","chr12",120759914,120765592,"PLA2G1B"
"6524","chr12",120779133,120806958,"MSI1"
"6525","chr12",120875903,120878530,"COX6A1"
"6526","chr12",120881764,120884215,"TRIAP1"
"6527","chr12",120884240,120901557,"GATC"
"6528","chr12",120899471,120907558,"SRSF9"
"6529","chr12",120907659,120936299,"DYNLL1"
"6530","chr12",120928141,120933749,"LOC100506668"
"6531","chr12",120941082,120966964,"COQ5"
"6532","chr12",120972131,121015398,"RNF10"
"6533","chr12",121016848,121019201,"POP5"
"6534","chr12",121078421,121105128,"CABP1"
"6535","chr12",121124948,121139668,"MLEC"
"6536","chr12",121147830,121161444,"UNC119B"
"6537","chr12",121160995,121161070,"MIR4700"
"6538","chr12",121163570,121177812,"ACADS"
"6540","chr12",121407641,121410095,"HNF1A-AS1"
"6541","chr12",121416453,121440315,"HNF1A"
"6542","chr12",121440848,121454300,"C12orf43"
"6543","chr12",121458095,121476780,"OASL"
"6544","chr12",121530173,121530206,"DQ570466"
"6545","chr12",121570621,121624355,"P2RX7"
"6546","chr12",121647663,121671910,"P2RX4"
"6547","chr12",121675495,121736111,"CAMKK2"
"6548","chr12",121746048,121792012,"ANAPC5"
"6549","chr12",121837901,121862156,"RNF34"
"6550","chr12",121837960,121839160,"BC029038"
"6552","chr12",122064454,122079947,"ORAI1"
"6553","chr12",122089293,122110537,"MORN3"
"6554","chr12",122150657,122219975,"TMEM120B"
"6555","chr12",122214170,122220908,"AK123181"
"6556","chr12",122215660,122231594,"RHOF"
"6557","chr12",122233175,122235736,"AK095700"
"6558","chr12",122233173,122241390,"LOC338799"
"6559","chr12",122242637,122270563,"SETD1B"
"6560","chr12",122277433,122326517,"HPD"
"6561","chr12",122326645,122355772,"PSMD9"
"6562","chr12",122356462,122441833,"WDR66"
"6563","chr12",122454126,122454146,"JA660630"
"6564","chr12",122459860,122499951,"BCL7A"
"6566","chr12",122652265,122688019,"LRRC43"
"6567","chr12",122656577,122658746,"IL31"
"6568","chr12",122688227,122692085,"B3GNT4"
"6569","chr12",122692209,122712068,"DIABLO"
"6570","chr12",122716094,122751068,"VPS33A"
"6572","chr12",122880088,122884492,"LOC100507066"
"6573","chr12",122956146,122985543,"ZCCHC8"
"6574","chr12",122989190,123011560,"RSRC2"
"6575","chr12",123011808,123110948,"KNTC1"
"6576","chr12",123185840,123187904,"HCAR2"
"6577","chr12",123199303,123201439,"HCAR3"
"6579","chr12",123237370,123255954,"DENR"
"6580","chr12",123259055,123311928,"CCDC62"
"6581","chr12",123319294,123347508,"HIP1R"
"6582","chr12",123349875,123380712,"VPS37B"
"6583","chr12",123405498,123459752,"ABCB9"
"6584","chr12",123459353,123464589,"OGFOD2"
"6585","chr12",123464879,123467461,"ARL6IP4"
"6586","chr12",123495214,123495275,"MIR4304"
"6587","chr12",123565930,123569292,"LOC100507091"
"6589","chr12",123640946,123717658,"MPHOSPH9"
"6590","chr12",123717843,123742507,"C12orf65"
"6591","chr12",123745540,123756687,"CDK2AP1"
"6592","chr12",123773656,123849388,"SBNO1"
"6593","chr12",123868703,123893901,"SETD8"
"6594","chr12",123899936,123921264,"RILPL2"
"6595","chr12",123942650,123956910,"SNRNP35"
"6596","chr12",123955909,124018265,"RILPL1"
"6597","chr12",124020955,124021082,"MIR3908"
"6598","chr12",124069075,124082689,"TMED2"
"6599","chr12",124086671,124105483,"DDX55"
"6600","chr12",124105570,124118323,"EIF2B1"
"6601","chr12",124118380,124145335,"GTF2H3"
"6602","chr12",124155659,124192951,"TCTN2"
"6603","chr12",124196864,124246302,"ATP6V0A2"
"6605","chr12",124420955,124457163,"CCDC92"
"6606","chr12",124457761,124499987,"ZNF664"
"6608","chr12",124968242,124972422,"BC017209"
"6609","chr12",125282308,125282329,"JA428959"
"6610","chr12",125262174,125348519,"SCARB1"
"6611","chr12",125420001,125420441,"AX721264"
"6612","chr12",125431370,125473667,"DHX37"
"6613","chr12",125478193,125510350,"BRI3BP"
"6614","chr12",125510477,125511628,"DL490908"
"6615","chr12",125549924,125627872,"AACS"
"6617","chr12",126142173,126146915,"AK094786"
"6618","chr12",126443234,126467920,"LOC400084"
"6619","chr12",126927026,126957332,"LOC100128554"
"6620","chr12",127221552,127230801,"LOC100507206"
"6621","chr12",127215247,127256808,"LOC387895"
"6622","chr12",127354040,127359236,"LOC440117"
"6624","chr12",128366161,128383185,"FLJ37505"
"6625","chr12",128400016,128436098,"BC045798"
"6627","chr12",128778636,128778724,"MIR3612"
"6628","chr12",129297749,129299068,"AK001057"
"6629","chr12",129277739,129308541,"SLC15A4"
"6632","chr12",129594241,129597844,"BC073948"
"6633","chr12",129595537,129597842,"BC035922"
"6634","chr12",130517999,130526887,"LOC100190940"
"6635","chr12",130636138,130646768,"FLJ31485"
"6636","chr12",130647003,130650286,"FZD10"
"6637","chr12",130822432,130856878,"PIWIL1"
"6639","chr12",131274147,131323811,"STX2"
"6640","chr12",131356616,131360827,"RAN"
"6642","chr12",131510106,131512357,"AX748157"
"6643","chr12",131649555,131697477,"LOC116437"
"6644","chr12",131780656,131782517,"BC042649"
"6645","chr12",131832014,131852101,"LOC338797"
"6646","chr12",132195634,132284283,"SFSWAP"
"6647","chr12",132312940,132336317,"MMP17"
"6648","chr12",132379278,132407708,"ULK1"
"6649","chr12",132413744,132428407,"PUS1"
"6651","chr12",132515768,132515906,"SNORA49"
"6652","chr12",132568827,132613430,"EP400NL"
"6653","chr12",132621140,132628880,"DDX51"
"6654","chr12",132628992,132636987,"NOC4L"
"6656","chr12",132849279,132851810,"AX747752"
"6657","chr12",132851976,132857487,"LOC100130238"
"6658","chr12",133067156,133161774,"FBRSL1"
"6659","chr12",133127853,133131534,"AK096230"
"6660","chr12",133179736,133187037,"LOC100507055"
"6661","chr12",133195402,133198973,"P2RX2"
"6662","chr12",133200348,133263945,"POLE"
"6663","chr12",133264191,133281578,"PXMP2"
"6664","chr12",133264634,133299324,"PGAM5"
"6665","chr12",133302254,133338451,"ANKLE2"
"6666","chr12",133345495,133405426,"GOLGA3"
"6667","chr12",133416938,133464204,"CHFR"
"6668","chr12",133485300,133487791,"AK055957"
"6669","chr12",133498019,133532892,"ZNF605"
"6670","chr12",133563055,133589154,"ZNF26"
"6671","chr12",133613877,133639886,"ZNF84"
"6672","chr12",133657036,133684259,"ZNF140"
"6673","chr12",133707212,133736050,"ZNF10"
"6674","chr12",133757994,133783698,"ZNF268"
"6675","chr12",133794898,133812422,"LOC647589"
"6676","chr13",19408543,19446109,"ANKRD20A9P"
"6677","chr13",19479578,19500882,"BC035261"
"6678","chr13",19536751,19536777,"DQ572285"
"6679","chr13",19582398,19586775,"LINC00442"
"6680","chr13",19620293,19692423,"PHF2P1"
"6681","chr13",19747910,19755992,"TUBA3C"
"6682","chr13",19836940,19919113,"ANKRD26P3"
"6683","chr13",19919188,19920890,"LINC00421"
"6685","chr13",20207787,20247600,"MPHOSPH8"
"6686","chr13",20277009,20357159,"PSPC1"
"6687","chr13",20397624,20437776,"ZMYM5"
"6689","chr13",20553662,20554895,"BC044596"
"6690","chr13",20712395,20735183,"GJA3"
"6691","chr13",20761604,20767114,"GJB2"
"6692","chr13",20796101,20806534,"GJB6"
"6693","chr13",21007917,21007985,"MIR4499"
"6696","chr13",21277481,21297238,"IL17D"
"6697","chr13",21296543,21302523,"AK055408"
"6698","chr13",21303073,21348095,"N6AMT2"
"6700","chr13",21547176,21635722,"LATS2"
"6701","chr13",21714652,21723225,"SAP18"
"6702","chr13",21750371,21753221,"MRP63"
"6703","chr13",21727734,21750741,"SKA3"
"6704","chr13",21872311,21906572,"AK093279"
"6705","chr13",21946710,22033508,"ZDHHC20"
"6707","chr13",22245214,22278641,"FGF9"
"6708","chr13",22446909,22449702,"AK057351"
"6710","chr13",23394480,23395173,"BC048997"
"6711","chr13",23471169,23472320,"BASP1P1"
"6714","chr13",23993109,24002819,"AK057396"
"6715","chr13",24043650,24061604,"LINC00327"
"6717","chr13",24463027,24466243,"C1QTNF9B-AS1"
"6719","chr13",24465238,24471641,"C1QTNF9B"
"6720","chr13",24481605,24523454,"AK127292"
"6721","chr13",24553838,24609167,"BC043582"
"6723","chr13",24736554,24736644,"MIR2276"
"6724","chr13",24905587,24911259,"BC038727"
"6725","chr13",24995069,25086948,"PARP4"
"6726","chr13",25141010,25171813,"TPTE2P6"
"6727","chr13",25254548,25285924,"ATP12A"
"6729","chr13",25456412,25497085,"CENPJ"
"6730","chr13",25498812,25501871,"AK054988"
"6731","chr13",25502893,25542607,"TPTE2P1"
"6732","chr13",25670275,25672705,"PABPC3"
"6733","chr13",25742672,25746305,"FAM123A"
"6734","chr13",25749014,25754139,"BC022569"
"6735","chr13",25802307,25861704,"MTMR6"
"6736","chr13",25875665,25916562,"NUPL1"
"6738","chr13",26618735,26625198,"SHISA2"
"6739","chr13",26706253,26796508,"RNF6"
"6741","chr13",26963891,26967371,"BC047364"
"6743","chr13",27329339,27334922,"GPR12"
"6745","chr13",27825691,27830703,"RPL21"
"6746","chr13",27829200,27829273,"SNORD102"
"6747","chr13",27844463,27847828,"RASL11A"
"6748","chr13",27998680,28009847,"GTF3A"
"6749","chr13",28009776,28024739,"MTIF3"
"6750","chr13",28120050,28195244,"LNX2"
"6751","chr13",28194879,28241560,"POLR1D"
"6752","chr13",28366779,28368090,"GSX1"
"6753","chr13",28494167,28500452,"PDX1"
"6754","chr13",28519342,28519711,"ATP5EP2"
"6755","chr13",28536278,28543317,"CDX2"
"6756","chr13",28552243,28562774,"PRHOXNB"
"6757","chr13",28577411,28674729,"FLT3"
"6759","chr13",28710980,28713311,"PAN3-AS1"
"6761","chr13",28901613,28901645,"HV303147"
"6762","chr13",29001986,29002012,"HV303168"
"6763","chr13",29067435,29069254,"BC048278"
"6764","chr13",29233140,29253094,"POMP"
"6765","chr13",29274218,29293150,"SLC46A3"
"6767","chr13",30050652,30061887,"BC027486"
"6768","chr13",30083551,30169825,"SLC7A1"
"6769","chr13",30338545,30424820,"UBL3"
"6770","chr13",30510667,30524626,"LOC440131"
"6772","chr13",30914407,30948036,"LINC00426"
"6774","chr13",31191829,31233687,"USPL1"
"6775","chr13",31287614,31338566,"ALOX5AP"
"6776","chr13",31480311,31499710,"C13orf33"
"6777","chr13",31456972,31506745,"LOC100507064"
"6778","chr13",31506833,31549154,"C13orf26"
"6779","chr13",31710763,31736502,"HSPH1"
"6781","chr13",31928479,31928508,"DQ590719"
"6782","chr13",31937448,31937477,"DQ581687"
"6783","chr13",31942216,31942243,"DQ585583"
"6784","chr13",31942817,31942853,"DQ585215"
"6785","chr13",31942974,31943035,"DQ599653"
"6786","chr13",31947640,31947871,"DQ594776"
"6787","chr13",32313678,32377010,"RXFP2"
"6789","chr13",32524331,32527566,"DKFZp666K117"
"6791","chr13",32598196,32605776,"BC035084"
"6792","chr13",32877908,32886091,"ZAR1L"
"6793","chr13",32889616,32973810,"BRCA2"
"6794","chr13",32994527,32994653,"SNORA16"
"6795","chr13",32974860,33002315,"N4BP2L1"
"6796","chr13",33017456,33017476,"HV496701"
"6798","chr13",33078643,33083532,"CG030"
"6799","chr13",33107675,33109994,"U50535"
"6801","chr13",33222890,33224754,"BC026240"
"6802","chr13",33590200,33640283,"KL"
"6808","chr13",36742345,36788752,"SOHLH2"
"6809","chr13",36875775,36944317,"SPG20"
"6810","chr13",36920567,36943873,"SPG20OS"
"6811","chr13",37005656,37017020,"CCNA1"
"6812","chr13",37248048,37271976,"SERTM1"
"6813","chr13",37393338,37403741,"RFXAP"
"6814","chr13",37418968,37494409,"SMAD9"
"6815","chr13",37523908,37573504,"ALG5"
"6816","chr13",37574677,37583752,"EXOSC8"
"6817","chr13",37583451,37633850,"FAM48A"
"6818","chr13",37677397,37679801,"CSNK1A1L"
"6819","chr13",38109076,38125674,"FLJ34747"
"6820","chr13",38136719,38183563,"POSTN"
"6822","chr13",38923941,38937144,"UFM1"
"6824","chr13",39540062,39564996,"STOML3"
"6825","chr13",39584002,39612252,"PROSER1"
"6826","chr13",39612454,39624247,"NHLRC3"
"6827","chr13",40100012,40107556,"AK021977"
"6830","chr13",40238171,40238272,"MIR4305"
"6831","chr13",40768646,40794639,"FLJ42392"
"6833","chr13",41301964,41302011,"MIR320D1"
"6834","chr13",41303432,41345347,"MRPS31"
"6835","chr13",41363546,41386597,"SLC25A15"
"6837","chr13",41384901,41384998,"MIR621"
"6838","chr13",41506055,41593508,"ELF1"
"6839","chr13",41635696,41658140,"WBP4"
"6840","chr13",41701709,41706936,"KBTBD6"
"6842","chr13",41765711,41768702,"KBTBD7"
"6843","chr13",41792721,41794137,"BC051736"
"6844","chr13",41790516,41837742,"MTRF1"
"6845","chr13",41885340,41951167,"NAA16"
"6846","chr13",42016699,42017903,"OR7E37P"
"6847","chr13",42031541,42045014,"C13orf15"
"6849","chr13",42535304,42555702,"LOC100507240"
"6851","chr13",42813345,42817027,"AK054970"
"6852","chr13",42846288,42897404,"AKAP11"
"6853","chr13",43136871,43182150,"TNFSF11"
"6854","chr13",43355685,43365686,"C13orf30"
"6856","chr13",43597361,43683307,"DNAJC15"
"6858","chr13",44410489,44453826,"CCDC122"
"6859","chr13",44453419,44468069,"LACC1"
"6860","chr13",44596470,44604600,"LINC00284"
"6861","chr13",44717287,44735393,"MGC5590"
"6862","chr13",44835106,44837066,"AX748251"
"6863","chr13",44947977,44971851,"SERP2"
"6864","chr13",44974386,44980021,"BC025370"
"6866","chr13",45150031,45154569,"LOC641467"
"6867","chr13",45373640,45383766,"LOC144817"
"6868","chr13",45513384,45563613,"NUFIP1"
"6869","chr13",45563686,45607744,"KIAA1704"
"6871","chr13",45766988,45775175,"KCTD4"
"6872","chr13",45914896,45914949,"DL489966"
"6873","chr13",45911304,45915297,"TPT1"
"6874","chr13",45915199,45915318,"D28408"
"6875","chr13",45915479,45965619,"LOC100190939"
"6876","chr13",45967454,45992516,"SLC25A30"
"6877","chr13",46039029,46110834,"COG3"
"6878","chr13",46115432,46189874,"FAM194B"
"6879","chr13",46276445,46288694,"SPERT"
"6880","chr13",46354416,46425846,"SIAH3"
"6881","chr13",46529805,46626894,"ZC3H13"
"6882","chr13",46626982,46675483,"AK124928"
"6883","chr13",46627322,46679211,"CPB2"
"6884","chr13",46700058,46756459,"LCP1"
"6885","chr13",46786082,46841077,"LRRC63"
"6886","chr13",46858131,46858329,"AY395526"
"6887","chr13",46916137,47012325,"KIAA0226L"
"6889","chr13",47314794,47317867,"AK123654"
"6890","chr13",47345391,47371367,"ESD"
"6891","chr13",47407513,47471169,"HTR2A"
"6892","chr13",48516791,48612125,"SUCLA2"
"6893","chr13",48611702,48621283,"NUDT15"
"6894","chr13",48650092,48669251,"MED4"
"6895","chr13",48807273,48836233,"ITM2B"
"6896","chr13",48870649,48877797,"BC039553"
"6898","chr13",48963707,49018840,"LPAR6"
"6899","chr13",49063099,49110118,"RCBTB2"
"6900","chr13",49227864,49283499,"CYSLTR2"
"6902","chr13",49794473,49796514,"MLNR"
"6903","chr13",49822046,49867623,"CDADC1"
"6905","chr13",50018428,50069140,"SETDB2"
"6906","chr13",50069800,50103118,"PHF11"
"6907","chr13",50106082,50159719,"RCBTB1"
"6908","chr13",50202434,50208009,"ARL11"
"6909","chr13",50234810,50265623,"EBPL"
"6910","chr13",50273443,50367057,"KPNA3"
"6911","chr13",50464544,50467517,"CTAGE10P"
"6912","chr13",50486842,50510625,"SPRYD7"
"6913","chr13",50570551,50570637,"MIR3613"
"6914","chr13",50571142,50592604,"TRIM13"
"6915","chr13",50589389,50595059,"KCNRG"
"6917","chr13",50623109,50623337,"MIR16-1"
"6919","chr13",50746153,50747752,"ST13P4"
"6921","chr13",51381990,51424042,"BC035769"
"6923","chr13",51483813,51544597,"RNASEH2B"
"6924","chr13",51568647,51654998,"GUCY1B2"
"6925","chr13",51796469,51858378,"FAM124A"
"6926","chr13",51915167,51938419,"SERPINE3"
"6927","chr13",51935701,52027275,"INTS6"
"6928","chr13",52027479,52028852,"BC045725"
"6929","chr13",52033095,52035516,"D28359"
"6930","chr13",52126724,52126804,"MIR4703"
"6932","chr13",52342129,52378293,"DHRS12"
"6933","chr13",52387483,52419286,"LINC00282"
"6934","chr13",52436116,52440373,"CCDC70"
"6935","chr13",52506806,52585630,"ATP7B"
"6936","chr13",52586522,52607737,"ALG11"
"6937","chr13",52594704,52605242,"UTP14C"
"6938","chr13",52638900,52703214,"NEK5"
"6939","chr13",52706779,52733996,"NEK3"
"6941","chr13",52793484,52828881,"DKFZp434F1622"
"6942","chr13",52951303,52980629,"THSD1"
"6943","chr13",52986737,53024763,"VPS36"
"6944","chr13",53029494,53050764,"CKAP2"
"6945","chr13",53063127,53161226,"TPTE2P3"
"6946","chr13",53191604,53217920,"HNRNPA1L2"
"6947","chr13",53226830,53262434,"SUGT1"
"6948","chr13",53277400,53313947,"LECT1"
"6949","chr13",53384184,53384276,"MIR759"
"6950","chr13",53418109,53422775,"PCDH8"
"6951","chr13",53602875,53626197,"OLFM4"
"6952","chr13",54695075,54707001,"BC026300"
"6953","chr13",54817927,54819372,"BC044614"
"6954","chr13",54886107,54886183,"MIR1297"
"6955","chr13",57715051,57744353,"PRR20A"
"6956","chr13",58205788,58303066,"PCDH17"
"6958","chr13",60587436,60599287,"BC032915"
"6960","chr13",61491134,61515903,"AK097816"
"6961","chr13",61773932,61774014,"MIR3169"
"6962","chr13",61983819,62002079,"PCDH20"
"6963","chr13",64311567,64316702,"OR7E156P"
"6964","chr13",64320959,64321367,"LOC647264"
"6965","chr13",64402980,64418258,"AK098560"
"6966","chr13",64564229,64608670,"BC128161"
"6967","chr13",64560504,64650144,"AK057471"
"6968","chr13",66982200,66983303,"BC042366"
"6970","chr13",69435417,69459457,"LOC338862"
"6971","chr13",70681344,70713886,"ATXN8OS"
"6974","chr13",73282495,73301938,"MZT1"
"6975","chr13",73302041,73330329,"BORA"
"6977","chr13",73329540,73356344,"DIS3"
"6978","chr13",73629113,73651677,"KLF5"
"6979","chr13",74611060,74613076,"AX748190"
"6981","chr13",74805593,74832292,"AK056689"
"6982","chr13",74987094,74993252,"AX747962"
"6983","chr13",75126979,75131258,"LINC00347"
"6984","chr13",75811889,75814517,"CTAGE11P"
"6986","chr13",76099350,76111991,"COMMD6"
"6987","chr13",76123926,76180069,"UCHL3"
"6989","chr13",76430772,76432812,"AK123459"
"6990","chr13",76445173,76457948,"AX747676"
"6991","chr13",77454304,77460540,"KCTD12"
"6992","chr13",77502584,77503225,"BTF3P11"
"6993","chr13",77566058,77576653,"CLN5"
"6994","chr13",77579389,77601331,"FBXL3"
"6996","chr13",77671665,77675046,"DKFZp586G0322"
"6998","chr13",78271988,78338378,"SLAIN1"
"6999","chr13",78272147,78272251,"MIR3665"
"7000","chr13",78393076,78482179,"BC031243"
"7001","chr13",78469616,78549664,"EDNRB"
"7003","chr13",78553901,78568908,"AK090854"
"7005","chr13",79173230,79177695,"POU4F1"
"7006","chr13",79188421,79234700,"RNF219"
"7007","chr13",79894100,79979923,"RBM26"
"7008","chr13",79980443,79998469,"RBM26-AS1"
"7009","chr13",80055258,80130213,"NDFIP2"
"7010","chr13",80446720,80492172,"BC036310"
"7011","chr13",80910112,80915086,"SPRY2"
"7012","chr13",84451343,84456528,"SLITRK1"
"7013","chr13",86366922,86373483,"SLITRK6"
"7014","chr13",88270920,88270995,"MIR4500"
"7016","chr13",88324869,88331871,"SLITRK5"
"7017","chr13",90883435,90883532,"MIR622"
"7018","chr13",91145541,91187596,"BC038529"
"7019","chr13",91543208,91578851,"LINC00410"
"7020","chr13",92000073,92006830,"MIR17HG"
"7021","chr13",92002858,92003646,"MIR19B1"
"7024","chr13",95091841,95131936,"DCT"
"7025","chr13",95226308,95248511,"TGDS"
"7026","chr13",95254103,95286900,"GPR180"
"7027","chr13",95361879,95364389,"SOX21"
"7028","chr13",95364969,95368198,"AK055459"
"7032","chr13",96233370,96236475,"AK094990"
"7033","chr13",96230456,96296957,"DZIP1"
"7034","chr13",96325092,96329179,"BC035106"
"7038","chr13",97600472,97600508,"DQ583891"
"7039","chr13",97637973,97646604,"OXGR1"
"7041","chr13",98086474,98120253,"RAP2A"
"7042","chr13",98605928,98676551,"IPO5"
"7044","chr13",98828039,98829521,"RNF113B"
"7045","chr13",98860777,98860855,"MIR3170"
"7046","chr13",98929727,98930408,"AF339801"
"7047","chr13",99053669,99059752,"AF339817"
"7049","chr13",99336055,99404929,"SLC15A1"
"7052","chr13",99848628,99853011,"UBAC2-AS1"
"7053","chr13",99906967,99910840,"GPR18"
"7054","chr13",99946789,99959749,"GPR183"
"7055","chr13",100003673,100004282,"FKSG29"
"7056","chr13",100008384,100008483,"MIR623"
"7058","chr13",100143729,100148992,"AK123584"
"7059","chr13",100153727,100215277,"TM9SF2"
"7061","chr13",100295312,100295404,"MIR4306"
"7062","chr13",100615275,100624178,"ZIC5"
"7063","chr13",100634025,100639020,"ZIC2"
"7065","chr13",101182418,101241046,"A2LD1"
"7066","chr13",101256090,101327103,"TMTC4"
"7070","chr13",102619992,102620096,"MIR2681"
"7071","chr13",102698284,102698354,"MIR4705"
"7073","chr13",103046927,103048056,"LOC283481"
"7074","chr13",103249285,103331524,"TPP2"
"7075","chr13",103338097,103346854,"METTL21C"
"7076","chr13",103350089,103356650,"AX747578"
"7077","chr13",103381717,103411422,"CCDC168"
"7078","chr13",103418463,103426149,"C13orf27"
"7079","chr13",103451398,103493889,"BIVM"
"7080","chr13",103436631,103451404,"KDELC1"
"7081","chr13",103498190,103524749,"ERCC5"
"7082","chr13",103532448,103548384,"AK096424"
"7083","chr13",103696348,103719196,"SLC10A2"
"7084","chr13",106118215,106143384,"DAOA"
"7085","chr13",106111406,106158030,"DAOA-AS1"
"7086","chr13",106359217,106414145,"AK058053"
"7087","chr13",107028910,107030143,"LINC00460"
"7088","chr13",107142079,107187388,"EFNB2"
"7089","chr13",107195662,107220514,"ARGLU1"
"7090","chr13",108439709,108487799,"BC043519"
"7092","chr13",108859792,108870716,"LIG4"
"7093","chr13",108870762,108886604,"ABHD13"
"7094","chr13",108921976,108960833,"TNFSF13B"
"7096","chr13",110406184,110438914,"IRS2"
"7099","chr13",111175413,111214071,"RAB20"
"7100","chr13",111267806,111292343,"CARKD"
"7101","chr13",111293757,111365950,"CARS2"
"7102","chr13",111365082,111373422,"ING1"
"7103","chr13",111363576,111365814,"DJ031140"
"7104","chr13",111516334,111522655,"LINC00346"
"7105","chr13",111530887,111534389,"DKFZp686B07190"
"7106","chr13",111545045,111567416,"ANKRD10"
"7107","chr13",111551118,111554715,"AK124233"
"7109","chr13",111936127,111938269,"AX748212"
"7110","chr13",111973014,111996595,"C13orf16"
"7111","chr13",112721912,112726021,"SOX1"
"7112","chr13",112762363,112764887,"AK055145"
"7113","chr13",113030650,113089010,"SPACA7"
"7115","chr13",113301357,113338812,"C13orf35"
"7117","chr13",113399763,113409007,"BC041346"
"7118","chr13",113407015,113409045,"AX748036"
"7119","chr13",113535969,113541314,"AK025511"
"7120","chr13",113556508,113612479,"BC035340"
"7122","chr13",113621798,113622952,"MCF2L-AS1"
"7123","chr13",113760104,113774996,"F7"
"7124","chr13",113777112,113803844,"F10"
"7125","chr13",113812967,113826695,"PROZ"
"7126","chr13",113831925,113863029,"PCID2"
"7127","chr13",113863085,113919393,"CUL4A"
"7128","chr13",113888345,113890285,"AK126278"
"7129","chr13",113951468,113977742,"LAMP1"
"7130","chr13",113978505,114018463,"GRTP1"
"7131","chr13",114076260,114107839,"ADPRHL1"
"7132","chr13",114110134,114145023,"DCUN1D2"
"7133","chr13",114145307,114204545,"TMCO3"
"7134","chr13",114239002,114295789,"TFDP1"
"7135","chr13",114303122,114312513,"ATP4B"
"7137","chr13",114451484,114454062,"LOC100130386"
"7138","chr13",114462215,114514900,"FAM70B"
"7139","chr13",114523522,114567046,"GAS6"
"7140","chr13",114545292,114548720,"FLJ41484"
"7141","chr13",114567149,114569806,"LOC100506394"
"7142","chr13",114586609,114626486,"FLJ44054"
"7144","chr13",115000361,115038151,"CDC16"
"7145","chr13",115047058,115071292,"UPF3A"
"7146","chr13",115079964,115092804,"CHAMP1"
"7147","chr14",19377593,19378575,"OR11H12"
"7148","chr14",19553364,19584943,"POTEG"
"7149","chr14",19595543,19598522,"DQ595091"
"7150","chr14",19596711,19600304,"DQ599717"
"7153","chr14",19662047,19663435,"DQ786293"
"7155","chr14",19983954,20020272,"POTEM"
"7156","chr14",20181063,20182491,"OR11H2"
"7157","chr14",20215586,20216529,"OR4Q3"
"7158","chr14",20248481,20249424,"OR4M1"
"7159","chr14",20295607,20296532,"OR4N2"
"7160","chr14",20344426,20345372,"OR4K2"
"7161","chr14",20388765,20389738,"OR4K5"
"7162","chr14",20403766,20404843,"OR4K1"
"7163","chr14",20443677,20444725,"OR4K15"
"7164","chr14",20482420,20483352,"OR4K14"
"7165","chr14",20502003,20502917,"OR4K13"
"7166","chr14",20528203,20529143,"OR4L1"
"7167","chr14",20585565,20586598,"OR4K17"
"7168","chr14",20611894,20612822,"OR4N5"
"7169","chr14",20665494,20666533,"OR11G2"
"7170","chr14",20691868,20692862,"OR11H6"
"7171","chr14",20710950,20711926,"OR11H4"
"7172","chr14",20757301,20774153,"TTC5"
"7174","chr14",20794600,20794698,"SNORD126"
"7175","chr14",20779529,20801457,"CCNB1IP1"
"7176","chr14",20811230,20811570,"RPPH1"
"7177","chr14",20811772,20826064,"PARP2"
"7178","chr14",20833826,20881579,"TEP1"
"7179","chr14",20896970,20903801,"KLHL33"
"7180","chr14",20915207,20923267,"OSGEP"
"7181","chr14",20923289,20925932,"APEX1"
"7182","chr14",20926012,20929637,"TMEM55B"
"7183","chr14",20937537,20946166,"PNP"
"7184","chr14",20973695,20979315,"RNASE10"
"7185","chr14",21024252,21029090,"RNASE9"
"7186","chr14",21051052,21058417,"RNASE11"
"7187","chr14",21058560,21075297,"AX747992"
"7188","chr14",21058240,21058982,"RNASE12"
"7189","chr14",21108855,21109850,"OR6S1"
"7190","chr14",21152335,21162346,"ANG"
"7191","chr14",21167530,21168759,"RNASE4"
"7192","chr14",21214098,21216540,"EDDM3A"
"7193","chr14",21236585,21239108,"EDDM3B"
"7194","chr14",21249209,21250627,"RNASE6"
"7195","chr14",21269515,21271036,"RNASE1"
"7196","chr14",21359561,21360508,"RNASE3"
"7197","chr14",21387499,21388336,"ECRP"
"7198","chr14",21423629,21424595,"RNASE2"
"7199","chr14",21457964,21465195,"METTL17"
"7200","chr14",21467413,21470035,"SLC39A2"
"7201","chr14",21484922,21539031,"NDRG2"
"7202","chr14",21498344,21500333,"TPPP2"
"7203","chr14",21500979,21502944,"RNASE13"
"7204","chr14",21510384,21512394,"RNASE7"
"7205","chr14",21526051,21526517,"RNASE8"
"7206","chr14",21538526,21558037,"ARHGEF40"
"7207","chr14",21558205,21572863,"ZNF219"
"7208","chr14",21567095,21571884,"C14orf176"
"7209","chr14",21623096,21624184,"OR5AU1"
"7210","chr14",21668238,21675059,"LOC283624"
"7211","chr14",21677296,21737638,"HNRNPC"
"7212","chr14",21756135,21819461,"RPGRIP1"
"7213","chr14",21819631,21852425,"SUPT16H"
"7214","chr14",21860310,21860412,"SNORD9"
"7215","chr14",21865452,21865560,"SNORD8"
"7216","chr14",21853353,21905457,"CHD8"
"7217","chr14",21927179,21945132,"RAB2B"
"7218","chr14",21945334,21967320,"TOX4"
"7219","chr14",21971597,21971625,"DQ581770"
"7220","chr14",21966282,21979457,"METTL3"
"7221","chr14",21989232,22005337,"SALL2"
"7222","chr14",22037934,22038875,"OR10G3"
"7223","chr14",22090010,22090722,"D21847"
"7224","chr14",22102066,22102998,"OR10G2"
"7226","chr14",22133296,22134239,"OR4E2"
"7228","chr14",22192402,22192562,"TRAV3J15"
"7231","chr14",22217394,22217987,"TCRVA15"
"7232","chr14",22236728,22237314,"TCRAV5.1a"
"7233","chr14",22280026,22280144,"V alpha 18/J alpha F/C alpha"
"7234","chr14",22309320,22309956,"TRAV12-1"
"7238","chr14",22356438,22356684,"AF532840"
"7239","chr14",22386351,22386930,"AV8S2"
"7240","chr14",22392238,22392827,"hADV14S1"
"7242","chr14",22508842,22509397,"TRAV20"
"7243","chr14",22509128,22509406,"AV30S1"
"7244","chr14",22539214,22539471,"TCRVA13"
"7245","chr14",22554668,22555239,"hADV23S1"
"7246","chr14",22564301,22564897,"TRD"
"7247","chr14",22564609,22564898,"TCRDV1"
"7248","chr14",22580299,22580986,"TCRAVN1"
"7250","chr14",22636757,22636882,"U39094"
"7252","chr14",22675417,22676030,"V alpha immunoglobulin"
"7253","chr14",22689762,22690368,"AV25S1"
"7254","chr14",22740275,22740446,"T-cell receptor alpha chain variable ..."
"7256","chr14",22771875,22772439,"av27s1"
"7257","chr14",22782884,22783344,"TCR- alpha V 33.1"
"7258","chr14",22891471,22892034,"hDV102S1"
"7259","chr14",22886528,22901726,"AK125397"
"7260","chr14",22918106,22925701,"TCRDV2J2"
"7261","chr14",22919080,22934913,"TRDC"
"7262","chr14",22928088,22933637,"TCRDV2"
"7263","chr14",22938035,22938658,"hDV103S1"
"7264","chr14",22946618,22948188,"X61074"
"7266","chr14",22968668,22968733,"HTJA150"
"7267","chr14",22970535,22970648,"HTJA84"
"7268","chr14",22971217,22971277,"ADV21S1A1N"
"7269","chr14",22975411,22975688,"X58749"
"7270","chr14",23000811,23000949,"V alpha 1"
"7271","chr14",23004503,23004563,"X74394"
"7272","chr14",23007946,23008078,"TRAV1-2J6"
"7273","chr14",23033807,23058143,"DAD1"
"7274","chr14",23067146,23081266,"ABHD4"
"7275","chr14",23235730,23240999,"OXA1L"
"7276","chr14",23242432,23289020,"SLC7A7"
"7277","chr14",23299091,23304247,"MRPL52"
"7278","chr14",23305792,23316804,"MMP14"
"7279","chr14",23340959,23349587,"LRP10"
"7280","chr14",23352431,23356890,"REM2"
"7281","chr14",23369854,23388396,"RBM23"
"7282","chr14",23389733,23398661,"PRMT5"
"7283","chr14",23415437,23426357,"HAUS4"
"7284","chr14",23426159,23426238,"MIR4707"
"7285","chr14",23440410,23451848,"AJUBA"
"7286","chr14",23456110,23479360,"C14orf93"
"7287","chr14",23495060,23504429,"PSMB5"
"7288","chr14",23511375,23513270,"PSMB11"
"7289","chr14",23516270,23526747,"CDH24"
"7290","chr14",23527774,23564823,"ACIN1"
"7291","chr14",23564682,23569666,"C14orf119"
"7292","chr14",23569631,23574177,"BC153822"
"7293","chr14",23586515,23588820,"CEBPE"
"7294","chr14",23594504,23652849,"SLC7A8"
"7295","chr14",23742844,23768747,"HOMEZ"
"7296","chr14",23765586,23770748,"PPP1R3E"
"7297","chr14",23775970,23780969,"BCL2L2"
"7298","chr14",23789396,23794546,"PABPN1"
"7299","chr14",23815527,23822080,"SLC22A17"
"7300","chr14",23825611,23834842,"EFS"
"7301","chr14",23842017,23845613,"IL25"
"7302","chr14",23846016,23848982,"CMTM5"
"7303","chr14",23857805,23857875,"MIR208A"
"7304","chr14",23851199,23877486,"MYH6"
"7305","chr14",23887196,23887272,"MIR208B"
"7306","chr14",23881947,23904870,"MYH7"
"7307","chr14",23938897,23947403,"NGDN"
"7308","chr14",23982025,24028788,"THTPA"
"7309","chr14",23982557,24013486,"AX746599"
"7310","chr14",23990064,24020858,"ZFHX2"
"7311","chr14",24030305,24037283,"AX747770"
"7312","chr14",24028777,24037279,"AP1G2"
"7313","chr14",24037244,24048009,"JPH4"
"7314","chr14",24099323,24114849,"DHRS2"
"7315","chr14",24391457,24403777,"C14orf165"
"7316","chr14",24422964,24438489,"DHRS4"
"7317","chr14",24407940,24424298,"C14orf167"
"7318","chr14",24439082,24518021,"DHRS4L2"
"7319","chr14",24505709,24520581,"DHRS4L1"
"7320","chr14",24521205,24538938,"LRRC16B"
"7321","chr14",24540045,24547297,"CPNE6"
"7322","chr14",24549316,24584223,"NRL"
"7323","chr14",24563482,24573340,"PCK2"
"7324","chr14",24583905,24594452,"DCAF11"
"7325","chr14",24600674,24602059,"FITM1"
"7326","chr14",24605377,24608177,"PSME1"
"7327","chr14",24608174,24610797,"FAM158A"
"7328","chr14",24612574,24615855,"PSME2"
"7329","chr14",24616095,24635775,"RNF31"
"7330","chr14",24641233,24649464,"REC8"
"7331","chr14",24649425,24659859,"IPO4"
"7332","chr14",24657925,24683357,"TM9SF1"
"7333","chr14",24674902,24677455,"TSSK4"
"7334","chr14",24678787,24685276,"CHMP4A"
"7335","chr14",24701647,24708448,"GMPR2"
"7336","chr14",24708851,24711880,"TINF2"
"7337","chr14",24718320,24732416,"TGM1"
"7338","chr14",24740431,24768058,"HP08474"
"7339","chr14",24734744,24740803,"RABGGTA"
"7340","chr14",24759804,24769039,"DHRS1"
"7341","chr14",24769097,24774375,"C14orf21"
"7342","chr14",24774393,24780576,"CIDEB"
"7343","chr14",24779356,24781260,"LTB4R2"
"7344","chr14",24780704,24787243,"LTB4R"
"7345","chr14",24787555,24804277,"ADCY4"
"7346","chr14",24805227,24809242,"RIPK3"
"7347","chr14",24836144,24848811,"NFATC4"
"7348","chr14",24867991,24888495,"NYNRIN"
"7349","chr14",24898491,24910548,"KHNYN"
"7350","chr14",24895740,24898731,"CBLN3"
"7351","chr14",24908972,24912007,"SDR39U1"
"7352","chr14",24912177,24971404,"AK056368"
"7353","chr14",24974712,24977471,"CMA1"
"7354","chr14",25042724,25045466,"CTSG"
"7355","chr14",25075693,25078864,"GZMH"
"7356","chr14",25100161,25103432,"GZMB"
"7359","chr14",27377847,27377932,"MIR4307"
"7360","chr14",28081793,28108843,"LOC100505967"
"7362","chr14",29236286,29238872,"FOXG1"
"7363","chr14",29241909,29264001,"C14orf23"
"7364","chr14",29252697,29254990,"BC034423"
"7365","chr14",30083719,30085037,"BC062469"
"7368","chr14",31028328,31089047,"G2E3"
"7370","chr14",31343740,31364262,"COCH"
"7371","chr14",31345385,31359014,"LOC100506071"
"7372","chr14",31483852,31483948,"MIR624"
"7373","chr14",31494311,31565657,"AP4S1"
"7377","chr14",31889963,31922090,"BC041327"
"7378","chr14",31952150,31957151,"GPR33"
"7380","chr14",32544625,32545905,"ARHGAP5-AS1"
"7381","chr14",32546188,32628935,"ARHGAP5"
"7383","chr14",33245371,33246853,"BC039319"
"7385","chr14",34393421,34420284,"EGLN3"
"7386","chr14",34902144,34931468,"SPTSSA"
"7387","chr14",34985135,35008943,"EAPP"
"7388","chr14",35030618,35099366,"SNX6"
"7389","chr14",35179588,35184029,"CFL2"
"7391","chr14",35409127,35409703,"IGBP1P1"
"7392","chr14",35452103,35498774,"SRP54"
"7393","chr14",35514112,35552590,"FAM177A1"
"7394","chr14",35568881,35579933,"AK128559"
"7395","chr14",35554678,35591679,"PPP2R3C"
"7397","chr14",35870716,35873960,"NFKBIA"
"7398","chr14",36003247,36006261,"INSM2"
"7400","chr14",36295596,36341170,"BRMS1L"
"7401","chr14",36767764,36789882,"MBIP"
"7402","chr14",36942494,36988817,"SFTA3"
"7403","chr14",36988520,36991723,"BX161496"
"7404","chr14",36985604,36989430,"NKX2-1"
"7405","chr14",37049216,37051786,"NKX2-8"
"7406","chr14",37126772,37147012,"PAX9"
"7407","chr14",37421514,37421596,"MIR4503"
"7408","chr14",37641230,37642999,"LOC100129794"
"7411","chr14",38059191,38064489,"FOXA1"
"7413","chr14",38241587,38311661,"TTC6"
"7414","chr14",38365265,38371329,"AK125955"
"7415","chr14",38677203,38682269,"SSTR1"
"7416","chr14",38723319,38725574,"CLEC14A"
"7418","chr14",39501123,39572437,"SEC23A"
"7419","chr14",39583487,39606178,"GEMIN2"
"7420","chr14",39617015,39639634,"TRAPPC6B"
"7421","chr14",39644386,39652423,"PNN"
"7422","chr14",39703124,39722576,"MIA2"
"7423","chr14",39734475,39820398,"CTAGE5"
"7424","chr14",39734907,39736265,"LOC100288846"
"7425","chr14",39865577,39901704,"FBXO33"
"7426","chr14",41423915,41445071,"BX248273"
"7428","chr14",44973354,44976499,"FSCB"
"7429","chr14",45366506,45376461,"C14orf28"
"7430","chr14",45407755,45409773,"AX748292"
"7431","chr14",45393527,45431179,"KLHL28"
"7433","chr14",45552352,45553180,"BC038722"
"7434","chr14",45553301,45584805,"PRPF39"
"7435","chr14",45580077,45580177,"SNORD127"
"7436","chr14",45584802,45604009,"FKBP3"
"7437","chr14",45605135,45670094,"FANCM"
"7438","chr14",45672393,45722605,"MIS18BP1"
"7439","chr14",47120220,47121028,"RPL10L"
"7441","chr14",48230198,48230307,"MIR548Y"
"7442","chr14",48234156,48264217,"LOC100506433"
"7443","chr14",50044042,50053094,"RPS29"
"7444","chr14",50065414,50081391,"LRR1"
"7445","chr14",50085407,50087349,"RPL36AL"
"7446","chr14",50087488,50090200,"MGAT2"
"7447","chr14",50091892,50101948,"DNAAF2"
"7448","chr14",50110270,50155098,"POLE2"
"7449","chr14",50159822,50219871,"KLHDC1"
"7450","chr14",50234786,50249857,"KLHDC2"
"7452","chr14",50359735,50363773,"ARF6"
"7453","chr14",50410255,50428678,"AK092589"
"7454","chr14",50467796,50469007,"BC068095"
"7455","chr14",50448430,50474238,"C14orf182"
"7456","chr14",50504311,50507947,"BC084561"
"7457","chr14",50550369,50559361,"C14orf183"
"7458","chr14",50575350,50583297,"METTL21D"
"7460","chr14",50704285,50778947,"L2HGDH"
"7461","chr14",50779046,50802277,"ATP5S"
"7462","chr14",50796720,50883179,"CDKL1"
"7464","chr14",50999799,51099785,"ATL1"
"7465","chr14",51100360,51135023,"SAV1"
"7467","chr14",51311342,51311431,"SnoU83B"
"7468","chr14",51338877,51371689,"ABHD12B"
"7469","chr14",51371935,51411248,"PYGL"
"7471","chr14",51706885,51724373,"TMX1"
"7472","chr14",51800110,51832276,"LOC283553"
"7474","chr14",52116236,52118462,"FRMD6-AS1"
"7476","chr14",52456227,52471421,"C14orf166"
"7477","chr14",52471520,52535946,"NID2"
"7478","chr14",52734430,52743443,"PTGDR"
"7479","chr14",52781015,52795323,"PTGER2"
"7481","chr14",53019865,53104432,"GPR137C"
"7482","chr14",53108605,53162419,"ERO1L"
"7483","chr14",53173895,53194717,"PSMC6"
"7484","chr14",53196882,53241706,"STYX"
"7485","chr14",53241911,53258386,"GNPNAT1"
"7486","chr14",53323989,53417815,"FERMT2"
"7488","chr14",54416455,54423554,"BMP4"
"7489","chr14",54863672,54886935,"CDKN3"
"7490","chr14",54893647,54908148,"CNIH"
"7491","chr14",54941209,54955744,"GMFB"
"7492","chr14",54976586,55005335,"CGRRF1"
"7494","chr14",55152079,55154289,"AK096898"
"7495","chr14",55344831,55344911,"MIR4308"
"7496","chr14",55308724,55369542,"GCH1"
"7497","chr14",55405656,55493819,"WDHD1"
"7498","chr14",55493843,55516207,"SOCS4"
"7499","chr14",55518361,55536913,"MAPK1IP1L"
"7500","chr14",55595934,55612149,"LGALS3"
"7501","chr14",55614834,55658396,"DLGAP5"
"7503","chr14",55833109,55878576,"ATG14"
"7504","chr14",55880930,55907263,"TBPL2"
"7505","chr14",56024690,56046810,"KTN1-AS1"
"7507","chr14",56232962,56234436,"RPL13AP3"
"7508","chr14",56247853,56263392,"LINC00520"
"7510","chr14",56981068,57018028,"BC037850"
"7511","chr14",57046337,57116233,"C14orf101"
"7512","chr14",57267425,57277184,"OTX2"
"7514","chr14",57669194,57735617,"EXOC5"
"7515","chr14",57735605,57756798,"MUDENG"
"7516","chr14",57857270,57879467,"NAA30"
"7517","chr14",57936595,57960576,"C14orf105"
"7520","chr14",58666832,58702354,"ACTR10"
"7521","chr14",58711522,58738728,"PSMA3"
"7522","chr14",58765221,58840452,"ARID4A"
"7523","chr14",58862643,58875420,"TOMM20L"
"7524","chr14",58875370,58894232,"TIMM9"
"7526","chr14",59100785,59115039,"DACT1"
"7528","chr14",59895740,59932059,"GPR135"
"7529","chr14",59939406,59951126,"C14orf149"
"7530","chr14",59951160,59972082,"JKAMP"
"7531","chr14",59971785,60043549,"C14orf38"
"7533","chr14",60180372,60182546,"BC047625"
"7535","chr14",60558628,60635852,"C14orf135"
"7536","chr14",60611500,60636561,"DHRS7"
"7537","chr14",60706845,60712368,"BC035195"
"7538","chr14",60712469,60765806,"PPM1A"
"7539","chr14",60793599,60793620,"JA429117"
"7540","chr14",60902674,60952764,"C14orf39"
"7541","chr14",60975937,60978526,"SIX6"
"7542","chr14",61111417,61116155,"SIX1"
"7543","chr14",61176256,61191039,"SIX4"
"7545","chr14",61438167,61447782,"TRMT5"
"7548","chr14",61744089,61748530,"TMEM30B"
"7549","chr14",61769739,61789536,"BC050301"
"7550","chr14",62037257,62121432,"FLJ22447"
"7551","chr14",62162118,62214978,"HIF1A"
"7552","chr14",62213757,62215807,"HIF1A-AS2"
"7553","chr14",62229074,62263147,"SNAPC1"
"7555","chr14",62584074,62600904,"FLJ43390"
"7557","chr14",63671101,63760231,"RHOJ"
"7558","chr14",63779549,63785593,"GPHB5"
"7560","chr14",64063757,64108591,"WDR89"
"7561","chr14",64150935,64194756,"SGPP1"
"7564","chr14",64812191,64814329,"TEX21P"
"7565","chr14",64854758,64926726,"MTHFD1"
"7566","chr14",64932216,64941222,"AKAP5"
"7567","chr14",64915824,64971931,"ZBTB25"
"7568","chr14",64970702,65000409,"ZBTB1"
"7569","chr14",64991470,64993876,"AK055910"
"7570","chr14",65002622,65009955,"HSPA2"
"7571","chr14",65016619,65056097,"PPP1R36"
"7572","chr14",65171192,65211061,"PLEKHG3"
"7574","chr14",65376206,65376498,"RNaseP_nuc"
"7575","chr14",65381078,65411310,"CHURC1"
"7576","chr14",65405872,65409531,"GPX2"
"7577","chr14",65412532,65438875,"RAB15"
"7578","chr14",65453947,65455993,"BC052775"
"7579","chr14",65482300,65529374,"CHURC1-FNTB"
"7580","chr14",65511405,65511488,"MIR4706"
"7581","chr14",65556635,65561030,"LOC100506321"
"7582","chr14",65472892,65569227,"MAX"
"7583","chr14",65679611,65689065,"BX161428"
"7584","chr14",65801836,65801901,"MIR4708"
"7586","chr14",65877311,65879335,"LOC645431"
"7587","chr14",65937819,65937905,"Mir_625"
"7588","chr14",66953108,66965272,"LINC00238"
"7590","chr14",66961380,66974504,"DJ031130"
"7591","chr14",67656109,67695268,"FAM71D"
"7592","chr14",67708020,67802537,"MPP5"
"7593","chr14",67804581,67826720,"ATP6V1D"
"7594","chr14",67827033,67853234,"EIF2S1"
"7595","chr14",67853700,67878828,"PLEK2"
"7596","chr14",67913801,67914649,"AX746582"
"7597","chr14",67920797,67982202,"TMEM229B"
"7598","chr14",68000007,68056256,"PLEKHH1"
"7599","chr14",68056023,68067017,"PIGH"
"7600","chr14",68086578,68118437,"ARG2"
"7601","chr14",68117867,68141602,"VTI1B"
"7602","chr14",68143519,68162510,"RDH11"
"7603","chr14",68168602,68201169,"RDH12"
"7604","chr14",68213237,68283306,"ZFYVE26"
"7606","chr14",69254372,69262960,"ZFP36L1"
"7607","chr14",69262513,69263011,"C14orf181"
"7610","chr14",69658193,69710738,"EXD2"
"7611","chr14",69726680,69821191,"GALNTL1"
"7612","chr14",69846840,69865021,"ERH"
"7613","chr14",69865095,69929108,"SLC39A9"
"7614","chr14",69927248,69929104,"BC062762"
"7615","chr14",69951470,69995216,"PLEKHD1"
"7616","chr14",70036531,70037918,"C14orf162"
"7618","chr14",70193618,70238723,"SRSF5"
"7619","chr14",70233000,70234430,"LOC100289511"
"7620","chr14",70242552,70264006,"SLC10A1"
"7623","chr14",70712470,70714518,"ADAM21P1"
"7624","chr14",70791798,70826448,"COX16"
"7625","chr14",70918873,70926623,"ADAM21"
"7626","chr14",70935596,70950473,"C14orf55"
"7627","chr14",70989078,71001732,"ADAM20"
"7628","chr14",71050957,71067384,"MED6"
"7629","chr14",71075515,71108015,"AK093892"
"7630","chr14",71108503,71142078,"TTC9"
"7631","chr14",71194854,71275888,"MAP3K9"
"7633","chr14",71865053,71865125,"SNORD56B"
"7635","chr14",71954577,71956421,"LOC145474"
"7636","chr14",72207057,72207947,"DKFZp686G1344"
"7638","chr14",73075742,73079803,"AK024141"
"7640","chr14",73393039,73426358,"DCAF4"
"7641","chr14",73436159,73493920,"ZFYVE1"
"7642","chr14",73525220,73588077,"RBM25"
"7643","chr14",73603142,73690400,"PSEN1"
"7644","chr14",73704204,73741348,"PAPLN"
"7645","chr14",73710726,73712687,"BC044305"
"7646","chr14",73741926,73744629,"AX747833"
"7648","chr14",73929128,73946037,"AK055876"
"7649","chr14",73957643,73960106,"C14orf169"
"7650","chr14",73945189,74025651,"HEATR4"
"7651","chr14",74003927,74042360,"ACOT1"
"7652","chr14",74058409,74062471,"ACOT4"
"7653","chr14",74083547,74086593,"ACOT6"
"7654","chr14",74111577,74170432,"DNAL1"
"7655","chr14",74178486,74181128,"PNMA1"
"7656","chr14",74181825,74253896,"C14orf43"
"7657","chr14",74225449,74225523,"MIR4505"
"7658","chr14",74289262,74296838,"BC038204"
"7659","chr14",74318533,74352169,"PTGR2"
"7660","chr14",74318673,74398992,"ZNF410"
"7661","chr14",74416636,74429814,"COQ6"
"7662","chr14",74399695,74417117,"FAM161B"
"7663","chr14",74424713,74486026,"ENTPD5"
"7664","chr14",74486058,74549567,"C14orf45"
"7665","chr14",74526872,74551196,"ALDH6A1"
"7667","chr14",74706174,74729442,"VSX2"
"7668","chr14",74751980,74769767,"ABCD4"
"7669","chr14",74815165,74826712,"VRTN"
"7670","chr14",74872596,74892805,"SYNDIG1L"
"7671","chr14",74946836,74946907,"MIR4709"
"7672","chr14",74946643,74960084,"NPC2"
"7673","chr14",74960449,74962272,"ISCA2"
"7675","chr14",75127955,75179807,"KIAA0317"
"7676","chr14",75179849,75203499,"FCF1"
"7677","chr14",75230068,75304014,"YLPM1"
"7678","chr14",75292223,75295551,"AK096592"
"7679","chr14",75319736,75330537,"PROX2"
"7680","chr14",75348593,75370451,"DLST"
"7681","chr14",75370657,75389958,"RPS6KL1"
"7682","chr14",75408533,75422467,"PGF"
"7683","chr14",75469611,75476295,"EIF2B2"
"7684","chr14",75480467,75518235,"MLH3"
"7685","chr14",75519928,75530736,"ACYP1"
"7686","chr14",75536298,75544800,"FAM164C"
"7687","chr14",75548818,75593778,"NEK9"
"7688","chr14",75598171,75643349,"TMED10"
"7689","chr14",75745480,75748938,"FOS"
"7690","chr14",75761106,75763112,"LOC731223"
"7691","chr14",75894508,75939405,"JDP2"
"7692","chr14",75988783,76013335,"BATF"
"7693","chr14",76044939,76114513,"FLVCR2"
"7694","chr14",76117233,76127538,"C14orf1"
"7696","chr14",76424442,76448092,"TGFB3"
"7697","chr14",76452095,76550939,"IFT43"
"7698","chr14",76618258,76669135,"C14orf118"
"7699","chr14",76662780,76665887,"AK025117"
"7700","chr14",76666574,76669132,"AK055384"
"7702","chr14",77228234,77249364,"VASH1"
"7703","chr14",77248083,77253067,"AK125727"
"7704","chr14",77253586,77279283,"ANGEL1"
"7705","chr14",77292724,77336646,"C14orf166B"
"7706","chr14",77490886,77495034,"IRF2BPL"
"7707","chr14",77535523,77542534,"AK124327"
"7708","chr14",77514515,77552788,"BC038792"
"7709","chr14",77564577,77583631,"KIAA1737"
"7710","chr14",77597613,77608134,"ZDHHC22"
"7711","chr14",77648101,77725839,"TMEM63C"
"7712","chr14",77732560,77732634,"MIR1260A"
"7713","chr14",77731834,77737655,"NGB"
"7714","chr14",77741299,77787225,"POMT2"
"7715","chr14",77787229,77797941,"GSTZ1"
"7716","chr14",77787405,77788573,"BC069047"
"7717","chr14",77807201,77843396,"TMED8"
"7718","chr14",77843741,77857588,"SAMD15"
"7719","chr14",77860365,77889399,"NOXRED1"
"7720","chr14",77893018,77923983,"C14orf133"
"7721","chr14",77924372,77935816,"AHSA1"
"7722","chr14",77940738,77965210,"ISM2"
"7724","chr14",78138749,78174356,"ALKBH1"
"7725","chr14",78174424,78183942,"SLIRP"
"7726","chr14",78227172,78236086,"C14orf178"
"7727","chr14",78183944,78227497,"SNW1"
"7730","chr14",79210932,79220227,"BX248745"
"7732","chr14",80663868,80697397,"DIO2"
"7735","chr14",81641799,81645528,"DL490427"
"7736","chr14",81646394,81687575,"GTF2A1"
"7737","chr14",81687561,81688801,"BC040628"
"7739","chr14",81937891,82000205,"SEL1L"
"7740","chr14",82071691,82089405,"BC029835"
"7741","chr14",85991477,85996332,"BX248253"
"7742","chr14",85996487,86094271,"FLRT2"
"7743","chr14",87372121,87389100,"LOC283585"
"7745","chr14",88471467,88481156,"GPR65"
"7746","chr14",88490893,88553689,"BC029479"
"7747","chr14",88599106,88599134,"DQ584943"
"7748","chr14",88601786,88601816,"DQ580323"
"7749","chr14",88601885,88601954,"DQ599251"
"7750","chr14",88604269,88604302,"DQ580013"
"7751","chr14",88605278,88605305,"DQ576585"
"7752","chr14",88605606,88605645,"DQ597500"
"7753","chr14",88605709,88605738,"DQ577854"
"7754","chr14",88606432,88606462,"DQ577137"
"7755","chr14",88606491,88606526,"DQ593003"
"7756","chr14",88606782,88606811,"DQ597272"
"7757","chr14",88608308,88608359,"DQ594032"
"7758","chr14",88608395,88608433,"DQ594666"
"7759","chr14",88614312,88614341,"DQ574255"
"7760","chr14",88614391,88614421,"DQ575342"
"7761","chr14",88614564,88614609,"DQ578127"
"7762","chr14",88614677,88614713,"DQ574961"
"7763","chr14",88614801,88614834,"DQ576104"
"7764","chr14",88615548,88615577,"DQ572084"
"7765","chr14",88618968,88618998,"DQ592332"
"7766","chr14",88619745,88619778,"DQ578350"
"7767","chr14",88620909,88620938,"DQ591177"
"7768","chr14",88621025,88621054,"DQ584348"
"7769","chr14",88621291,88621325,"DQ573937"
"7770","chr14",88621357,88621392,"DQ583414"
"7771","chr14",88623049,88623079,"DQ572059"
"7772","chr14",88623087,88623116,"DQ583616"
"7773","chr14",88624033,88624064,"DQ582474"
"7774","chr14",88624519,88624553,"DQ594380"
"7775","chr14",88625099,88626334,"DQ596147"
"7776","chr14",88629137,88629173,"DQ579618"
"7777","chr14",88629372,88629432,"DQ588689"
"7778","chr14",88630116,88630173,"DQ587983"
"7779","chr14",88630756,88630812,"DQ574857"
"7780","chr14",88631268,88631299,"DQ577549"
"7781","chr14",88634281,88634315,"DQ599616"
"7782","chr14",88699495,88701679,"AX747031"
"7784","chr14",88851741,88904805,"SPATA7"
"7785","chr14",88932122,89021123,"PTPN21"
"7786","chr14",89029252,89079854,"ZC3H14"
"7788","chr14",89290496,89344336,"TTC8"
"7790","chr14",89883697,89886138,"LOC400236"
"7791","chr14",90042559,90043821,"PRO1768"
"7792","chr14",90296176,90303007,"BX247991"
"7794","chr14",90421282,90511109,"TDP1"
"7796","chr14",90722893,90738967,"PSMC1"
"7797","chr14",90744398,90798481,"C14orf102"
"7798","chr14",90863326,90874620,"CALM1"
"7799","chr14",90921573,90925250,"LOC400238"
"7800","chr14",91108983,91115233,"BC028746"
"7802","chr14",91163676,91165719,"BC039357"
"7805","chr14",91592769,91592897,"SNORA11B"
"7806","chr14",91698876,91720224,"GPR68"
"7808","chr14",91923956,91976813,"SMEK1"
"7809","chr14",92040510,92040956,"C14orf184"
"7811","chr14",92246267,92333880,"TC2N"
"7812","chr14",92335755,92414046,"FBLN5"
"7813","chr14",92434243,92506403,"TRIP11"
"7814","chr14",92511119,92516880,"BC039675"
"7815","chr14",92524896,92572965,"ATXN3"
"7816","chr14",92582468,92588153,"NDUFB1"
"7817","chr14",92588297,92630544,"CPSF2"
"7819","chr14",92914813,92916506,"AX747894"
"7821","chr14",93170152,93215047,"LGMN"
"7822","chr14",93260649,93306305,"GOLGA5"
"7823","chr14",93357768,93359852,"AK093301"
"7824","chr14",93389444,93401639,"CHGA"
"7825","chr14",93533796,93538479,"ITPK1-AS1"
"7827","chr14",93648541,93651249,"MOAP1"
"7828","chr14",93651295,93653432,"C14orf109"
"7829","chr14",93673400,93695562,"UBR7"
"7830","chr14",93669237,93673459,"C14orf142"
"7831","chr14",93703896,93799385,"BTBD7"
"7833","chr14",93813536,93814701,"COX8C"
"7834","chr14",94184644,94254766,"PRIMA1"
"7835","chr14",94385239,94395955,"FAM181A"
"7836","chr14",94371076,94392718,"FAM181A-AS1"
"7837","chr14",94400499,94443076,"ASB2"
"7838","chr14",94463615,94478042,"LINC00521"
"7839","chr14",94492723,94515277,"OTUB2"
"7840","chr14",94517268,94547558,"DDX24"
"7841","chr14",94547638,94569061,"IFI27L1"
"7842","chr14",94577078,94583034,"IFI27"
"7843","chr14",94594118,94595957,"IFI27L2"
"7845","chr14",94749650,94759596,"SERPINA10"
"7846","chr14",94770585,94789688,"SERPINA6"
"7847","chr14",94843084,94857029,"SERPINA1"
"7848","chr14",94908801,94919122,"SERPINA11"
"7849","chr14",94929058,94942670,"SERPINA9"
"7850","chr14",94953620,94984181,"SERPINA12"
"7851","chr14",95027778,95036244,"SERPINA4"
"7852","chr14",95047730,95059458,"SERPINA5"
"7853","chr14",95058394,95090391,"SERPINA3"
"7854","chr14",95107061,95113332,"SERPINA13"
"7855","chr14",95234560,95236499,"GSC"
"7856","chr14",95552565,95624347,"DICER1"
"7857","chr14",95604256,95604323,"MIR3173"
"7858","chr14",95624024,95646271,"DICER1-AS1"
"7860","chr14",95873604,95876427,"LINC00341"
"7861","chr14",95883831,95942173,"C14orf49"
"7862","chr14",95999249,96001209,"SNHG10"
"7863","chr14",96001322,96011056,"GLRX5"
"7864","chr14",96039941,96045019,"BC038791"
"7865","chr14",96116834,96146170,"TCL6"
"7866","chr14",96152753,96158981,"TCL1B"
"7867","chr14",96176304,96180533,"TCL1A"
"7868","chr14",96181819,96223117,"BX247990"
"7869","chr14",96343108,96391909,"LOC100507043"
"7870","chr14",96505660,96560227,"C14orf132"
"7871","chr14",96671134,96710667,"BDKRB2"
"7872","chr14",96722546,96731101,"BDKRB1"
"7873","chr14",96747595,96829678,"ATG2B"
"7874","chr14",96829862,96853564,"C14orf129"
"7875","chr14",96858447,96955113,"AK7"
"7876","chr14",96968712,97033454,"PAPOLA"
"7877","chr14",97059069,97062080,"BC035096"
"7878","chr14",97263683,97347952,"VRK1"
"7879","chr14",97925206,97930497,"BC038465"
"7880","chr14",98098984,98152995,"LOC100129345"
"7881","chr14",98391947,98444461,"C14orf64"
"7882","chr14",99177949,99184104,"C14orf177"
"7884","chr14",99864083,99947226,"SETD3"
"7885","chr14",99947738,99977853,"CCNK"
"7886","chr14",99977603,100070727,"CCDC85C"
"7887","chr14",100111479,100143012,"HHIPL1"
"7888","chr14",100150754,100193639,"CYP46A1"
"7891","chr14",100575991,100576091,"Mir_342"
"7892","chr14",100608255,100610573,"AX747103"
"7893","chr14",100612753,100626012,"DEGS2"
"7894","chr14",100705101,100744805,"YY1"
"7895","chr14",100746748,100749125,"BC014138"
"7896","chr14",100757453,100772860,"SLC25A29"
"7897","chr14",100774195,100774294,"MIR345"
"7898","chr14",100789678,100796716,"SLC25A47"
"7899","chr14",100800125,100842680,"WARS"
"7901","chr14",101003484,101036131,"BEGAIN"
"7902","chr14",101123604,101139082,"LINC00523"
"7903","chr14",101193201,101201468,"DLK1"
"7904","chr14",101280827,101280912,"MIR2392"
"7905","chr14",101282377,101282582,"Mico1"
"7906","chr14",101292444,101327361,"MEG3"
"7907","chr14",101292620,101292708,"MEG3_1"
"7908","chr14",101318726,101318825,"MIR770"
"7909","chr14",101320997,101323961,"AK123878"
"7910","chr14",101335396,101335486,"MIR493"
"7911","chr14",101340829,101340923,"MIR337"
"7912","chr14",101341369,101341442,"MIR665"
"7913","chr14",101347343,101347458,"MIR431"
"7914","chr14",101348222,101348316,"MIR433"
"7915","chr14",101349315,101349413,"MIR127"
"7916","chr14",101350819,101350914,"MIR432"
"7917","chr14",101351038,101351121,"MIR136"
"7918","chr14",101346992,101351184,"RTL1"
"7919","chr14",101361106,101373306,"MEG8"
"7920","chr14",101377475,101377555,"Mir_370"
"7921","chr14",101391157,101391228,"SNORD113-1"
"7922","chr14",101393678,101393750,"SNORD113-2"
"7923","chr14",101396255,101464879,"SNORD113"
"7924","chr14",101402827,101402902,"SNORD113-4"
"7925","chr14",101404523,101404601,"SNORD113-5"
"7926","chr14",101405892,101405967,"SNORD113-6"
"7927","chr14",101407462,101407539,"SNORD113-7"
"7928","chr14",101411985,101412057,"SNORD113-9"
"7929","chr14",101416169,101416241,"SNORD114-1"
"7930","chr14",101418192,101418270,"SNORD114-2"
"7931","chr14",101419685,101419760,"SNORD114-3"
"7932","chr14",101420680,101420785,"SNORD114-4"
"7933","chr14",101421706,101421776,"SNORD114-5"
"7934","chr14",101423502,101423574,"SNORD114-6"
"7935","chr14",101429390,101429467,"SNORD114-7"
"7936","chr14",101431117,101431189,"SNORD114-8"
"7937","chr14",101432365,101432437,"SNORD114-9"
"7938","chr14",101433388,101433460,"SNORD114-10"
"7939","chr14",101434447,101434522,"SNORD114-11"
"7940","chr14",101435284,101435359,"SNORD114-12"
"7941","chr14",101436215,101436289,"SNORD114-13"
"7942","chr14",101438439,101438514,"SNORD114-14"
"7943","chr14",101439006,101439078,"SNORD114-15"
"7944","chr14",101439931,101440001,"SNORD114-16"
"7945","chr14",101441142,101441217,"SNORD114-17"
"7946","chr14",101442161,101442233,"SNORD114-18"
"7947","chr14",101442813,101442888,"SNORD114-19"
"7948","chr14",101447340,101447412,"SNORD114-20"
"7949","chr14",101448311,101448383,"SNORD114-21"
"7950","chr14",101449262,101449334,"SNORD114-22"
"7951","chr14",101450212,101450284,"SNORD114-23"
"7952","chr14",101451113,101451185,"SNORD114-24"
"7953","chr14",101452393,101452465,"SNORD114-25"
"7954","chr14",101453382,101453454,"SNORD114-26"
"7955","chr14",101454497,101454567,"SNORD114-27"
"7956","chr14",101455466,101455538,"SNORD114-28"
"7957","chr14",101456427,101456497,"SNORD114-29"
"7958","chr14",101458255,101458327,"SNORD114-30"
"7959","chr14",101459572,101459647,"SNORD114-31"
"7960","chr14",101488402,101488470,"MIR379"
"7961","chr14",101489661,101489758,"MIR411"
"7962","chr14",101490130,101490194,"MIR299"
"7963","chr14",101490878,101532850,"Mir_154"
"7964","chr14",101491353,101491415,"MIR380"
"7965","chr14",101491900,101491989,"MIR1197"
"7966","chr14",101492068,101492155,"MIR323A"
"7967","chr14",101492356,101492445,"MIR758"
"7968","chr14",101493121,101493202,"MIR329-1"
"7969","chr14",101493436,101493521,"MIR329-2"
"7970","chr14",101495970,101496052,"MIR494"
"7971","chr14",101496388,101496467,"MIR1193"
"7972","chr14",101498323,101498402,"MIR543"
"7973","chr14",101500091,101500174,"MIR495"
"7974","chr14",101506026,101506093,"MIR376C"
"7975","chr14",101506162,101506272,"Mir_654"
"7976","chr14",101506405,101506486,"MIR376A2"
"7977","chr14",101506555,101506637,"MIR654"
"7978","chr14",101506772,101506873,"MIR376B"
"7979","chr14",101507118,101507187,"MIR376A1"
"7980","chr14",101507699,101507782,"MIR300"
"7981","chr14",101509313,101509399,"MIR1185-1"
"7982","chr14",101510534,101510620,"MIR1185-2"
"7983","chr14",101512256,101512332,"MIR381"
"7984","chr14",101512791,101512876,"MIR487B"
"7985","chr14",101513657,101513736,"MIR539"
"7986","chr14",101514237,101514317,"MIR889"
"7987","chr14",101515886,101515984,"MIR655"
"7988","chr14",101518782,101518863,"MIR487A"
"7989","chr14",101520642,101520719,"MIR382"
"7990","chr14",101521023,101521097,"MIR134"
"7991","chr14",101521594,101521661,"MIR668"
"7992","chr14",101521755,101521829,"MIR485"
"7993","chr14",101522555,101522638,"MIR323B"
"7994","chr14",101526091,101526176,"MIR154"
"7995","chr14",101526909,101527012,"MIR496"
"7996","chr14",101528386,101528456,"MIR377"
"7997","chr14",101530831,101530916,"MIR541"
"7998","chr14",101531636,101531716,"MIR409"
"7999","chr14",101531783,101531875,"MIR412"
"8000","chr14",101531934,101532005,"MIR369"
"8001","chr14",101532248,101532329,"MIR410"
"8002","chr14",101533060,101533139,"MIR656"
"8003","chr14",101536247,101539272,"AK094562"
"8004","chr14",101540363,101540921,"BC148240"
"8005","chr14",102018560,102026740,"DIO3AS"
"8006","chr14",102026624,102026759,"MIR1247"
"8007","chr14",102027687,102029790,"DIO3"
"8008","chr14",102196773,102198863,"LINC00239"
"8010","chr14",102262243,102263249,"BC062337"
"8011","chr14",102352724,102354919,"AK311282"
"8012","chr14",102430864,102517136,"DYNC1H1"
"8013","chr14",102547075,102606086,"HSP90AA1"
"8014","chr14",102606188,102690011,"WDR20"
"8015","chr14",102678573,102681340,"AK130824"
"8016","chr14",102690837,102771531,"MOK"
"8017","chr14",102783713,102809045,"ZNF839"
"8018","chr14",102808956,102829253,"CINP"
"8020","chr14",102973198,102976128,"ANKRD9"
"8021","chr14",103005980,103006064,"MIR4309"
"8024","chr14",103368429,103371147,"AX746522"
"8025","chr14",103388992,103397180,"AMN"
"8027","chr14",103566480,103576895,"EXOC3L4"
"8028","chr14",103589778,103592875,"BC017818"
"8029","chr14",103592663,103603777,"TNFAIP2"
"8030","chr14",103653558,103655365,"LOC100131366"
"8031","chr14",103798011,103798704,"BC042372"
"8032","chr14",103800492,103811362,"EIF5"
"8033","chr14",103804185,103804312,"SNORA28"
"8035","chr14",103985995,103989196,"CKB"
"8036","chr14",103995508,104003411,"TRMT61A"
"8037","chr14",104022881,104029151,"BAG5"
"8038","chr14",104029298,104057237,"APOPT1"
"8039","chr14",104095524,104167889,"KLC1"
"8040","chr14",104146166,104150352,"AX746968"
"8041","chr14",104153240,104156518,"AK097119"
"8042","chr14",104163954,104181823,"XRCC3"
"8043","chr14",104182080,104200006,"ZFYVE21"
"8045","chr14",104314057,104324387,"LOC145216"
"8046","chr14",104378625,104387903,"C14orf2"
"8048","chr14",104552022,104579047,"ASPG"
"8049","chr14",104583741,104583852,"MIR203"
"8050","chr14",104583755,104583840,"MIR3545"
"8051","chr14",104605059,104647236,"KIF26A"
"8052","chr14",104975962,104979413,"AX746996"
"8053","chr14",105046055,105056184,"C14orf180"
"8054","chr14",105060420,105071097,"TMEM179"
"8055","chr14",105144031,105144086,"MIR4710"
"8056","chr14",105155942,105185948,"INF2"
"8057","chr14",105190533,105213648,"ADSSL1"
"8058","chr14",105219469,105225997,"SIVA1"
"8059","chr14",105223759,105225992,"AF401214"
"8060","chr14",105235687,105262080,"AKT1"
"8061","chr14",105266932,105271049,"ZBTB42"
"8062","chr14",105287537,105290056,"MGC23270"
"8063","chr14",105331649,105363108,"KIAA0284"
"8064","chr14",105391186,105399574,"PLD4"
"8065","chr14",105403590,105444694,"AHNAK2"
"8066","chr14",105452615,105461856,"C14orf79"
"8067","chr14",105475910,105487425,"CDCA4"
"8068","chr14",105515737,105531754,"GPR132"
"8069","chr14",105608076,105635161,"JAG2"
"8070","chr14",105639276,105647660,"NUDT14"
"8072","chr14",105714878,105717431,"BTBD6"
"8073","chr14",105767169,105864485,"PACS2"
"8074","chr14",105864919,105880197,"TEX22"
"8075","chr14",105886185,105937058,"MTA1"
"8076","chr14",105939342,105946501,"CRIP2"
"8077","chr14",105953256,105955125,"CRIP1"
"8078","chr14",105956191,105965586,"C14orf80"
"8079","chr14",105992952,105996540,"TMEM121"
"8080","chr14",105998191,106000655,"BC033241"
"8082","chr14",106064224,106066546,"immunoglobulin epsilon chain constant..."
"8083","chr14",106095338,106095517,"AY748447"
"8084","chr14",106134458,106139163,"IGHG1"
"8085","chr14",106170301,106170939,"Ig alpha 1-[alpha]2m"
"8086","chr14",106209114,106214314,"IGHCgamma1"
"8087","chr14",106230841,106239113,"FLJ00385"
"8088","chr14",106326591,106329064,"AK128652"
"8092","chr14",106304648,106331467,"FLJ00382"
"8093","chr14",106355979,106398503,"KIAA0125"
"8094","chr14",106435819,106438358,"ADAM6"
"8095","chr14",106576814,106598011,"BC042994"
"8096","chr14",106744268,106744967,"LINC00226"
"8097","chr14",106804495,106805235,"Z49973"
"8098","chr14",106829593,106833706,"BC011773"
"8099","chr14",106938454,106951530,"LINC00221"
"8100","chr14",107034169,107035191,"immunoglobulin heavy chain"
"8101","chr14",107258705,107259792,"LOC90925"
"8102","chr15",20362687,20364421,"BC107108"
"8103","chr15",20446056,20446082,"DQ592463"
"8104","chr15",20487996,20496812,"CHEK2P2"
"8109","chr15",20737094,20747114,"GOLGA6L6"
"8110","chr15",20767673,20781027,"GOLGA8C"
"8115","chr15",20870054,20961480,"NBEAP1"
"8118","chr15",21145766,21198634,"LOC348120"
"8119","chr15",21932514,21940739,"LOC646214"
"8120","chr15",22014420,22016878,"CXADRP2"
"8121","chr15",22195621,22199979,"DQ786202"
"8123","chr15",22368477,22369562,"OR4M2"
"8124","chr15",22382472,22383816,"OR4N4"
"8125","chr15",22413461,22414396,"OR4N3P"
"8126","chr15",22448276,22448786,"AJ004954"
"8127","chr15",22546564,22570832,"REREP3"
"8132","chr15",22702285,22715728,"GOLGA8DP"
"8136","chr15",22833394,22873892,"TUBGCP5"
"8138","chr15",23004684,23034427,"NIPA2"
"8139","chr15",23043279,23086843,"NIPA1"
"8140","chr15",23094331,23115254,"LOC283683"
"8141","chr15",23187729,23208357,"WHAMMP3"
"8142","chr15",23255241,23262744,"GOLGA8IP"
"8144","chr15",23282265,23378259,"HERC2P2"
"8145","chr15",23435069,23448424,"GOLGA8E"
"8146","chr15",23569672,23571422,"AX748135"
"8147","chr15",23599894,23613472,"LOC653061"
"8148","chr15",23684612,23685207,"LOC283685"
"8149","chr15",23686021,23692390,"GOLGA6L2"
"8150","chr15",23807209,23807278,"MIR4508"
"8151","chr15",23810453,23856712,"MKRN3"
"8152","chr15",23888696,23892993,"MAGEL2"
"8153","chr15",23930554,23932450,"NDN"
"8154","chr15",24409926,24415053,"PWRN2"
"8155","chr15",24409924,24415095,"AK124131"
"8156","chr15",24778838,24832927,"PWRN1"
"8157","chr15",24920540,24928594,"C15orf2"
"8159","chr15",25200069,25213977,"SNURF"
"8161","chr15",25227140,25228938,"PAR-SN"
"8162","chr15",25230006,25233380,"PAR5"
"8163","chr15",25277533,25281636,"HBT8"
"8165","chr15",25296622,25296720,"SNORD116-1"
"8166","chr15",25299355,25310270,"SNORD116-2"
"8167","chr15",25302005,25318350,"SNORD116-3"
"8168","chr15",25304683,25304782,"SNORD116-4"
"8169","chr15",25307478,25313031,"SNORD116-5"
"8170","chr15",25315577,25315675,"SNORD116-8"
"8171","chr15",25319259,25319364,"SNORD116-10"
"8172","chr15",25321074,25321169,"SNORD116-11"
"8173","chr15",25322196,25322291,"SNORD116-12"
"8174","chr15",25324203,25324298,"SNORD116-13"
"8175","chr15",25325287,25325382,"SNORD116-14"
"8176","chr15",25326432,25326527,"SNORD116-15"
"8177","chr15",25327913,25328008,"SNORD116-16"
"8178","chr15",25328542,25420018,"IPW"
"8179","chr15",25328733,25331762,"SNORD116-19"
"8180","chr15",25330530,25330625,"SNORD116-18"
"8181","chr15",25332807,25334044,"SNORD116-20"
"8182","chr15",25335058,25335158,"SNORD116-22"
"8183","chr15",25336931,25337026,"SNORD116-23"
"8184","chr15",25337107,25337524,"C15orf49"
"8185","chr15",25339182,25339277,"SNORD116-24"
"8186","chr15",25342808,25342903,"SNORD116-25"
"8187","chr15",25344644,25344743,"SNORD116-26"
"8188","chr15",25346720,25346815,"SNORD116-27"
"8189","chr15",25349787,25349881,"SNORD116-28"
"8190","chr15",25351666,25351752,"SNORD116-29"
"8191","chr15",25380788,25383201,"PAR1"
"8192","chr15",25415869,25415952,"SNORD115-1"
"8193","chr15",25417781,25417864,"SNORD115-2"
"8194","chr15",25420073,25420156,"SNORD115-3"
"8195","chr15",25421978,25422061,"SNORD115-4"
"8196","chr15",25423884,25423967,"SNORD115-5"
"8197","chr15",25425643,25425726,"SNORD115-6"
"8198","chr15",25427531,25427614,"SNORD115-7"
"8199","chr15",25429452,25429535,"SNORD115-8"
"8200","chr15",25430777,25436645,"SNORD115-9"
"8201","chr15",25432682,25492574,"SNORD115-10"
"8202","chr15",25434560,25494427,"SNORD115-11"
"8203","chr15",25438467,25438550,"SNORD115-13"
"8204","chr15",25440067,25440149,"SNORD115-14"
"8205","chr15",25444594,25444677,"SNORD115-16"
"8206","chr15",25446469,25449586,"SNORD115-17"
"8207","chr15",25451408,25477616,"SNORD115-15"
"8208","chr15",25455064,25455147,"SNORD115-22"
"8209","chr15",25456838,25457181,"PAR4"
"8210","chr15",25458805,25458877,"SNORD115-24"
"8211","chr15",25460687,25460770,"SNORD115-25"
"8212","chr15",25463763,25463846,"SNORD115-26"
"8213","chr15",25465649,25465726,"SNORD115-27"
"8214","chr15",25467500,25467575,"SNORD115-28"
"8215","chr15",25470349,25470432,"SNORD115-30"
"8216","chr15",25472255,25472338,"SNORD115-31"
"8217","chr15",25474113,25474196,"SNORD115-32"
"8218","chr15",25475984,25476067,"SNORD115-33"
"8219","chr15",25479393,25479476,"SNORD115-35"
"8220","chr15",25483132,25483215,"SNORD115-37"
"8221","chr15",25484984,25485067,"SNORD115-38"
"8222","chr15",25486892,25486975,"SNORD115-39"
"8223","chr15",25488760,25488843,"SNORD115-40"
"8224","chr15",25490624,25490707,"SNORD115-41"
"8225","chr15",25496005,25496088,"SNORD115-44"
"8226","chr15",25509673,25509727,"SNORD115-45"
"8227","chr15",25513663,25513697,"SNORD115-47"
"8228","chr15",25514929,25515006,"SNORD115-48"
"8230","chr15",25917504,25919572,"AX747189"
"8231","chr15",26093894,26093972,"MIR4715"
"8234","chr15",26360959,26378185,"LOC503519"
"8236","chr15",27111865,27194358,"GABRA5"
"8237","chr15",27189907,27194346,"AK124673"
"8241","chr15",28596696,28603079,"AK302306"
"8245","chr15",28801167,28801199,"DQ600136"
"8246","chr15",28806018,28807726,"LOC283767"
"8247","chr15",28834637,28836270,"AK311660"
"8248","chr15",28857206,28857236,"DQ584039"
"8249","chr15",28878268,28886728,"AK309255"
"8250","chr15",28895707,28895737,"DQ593342"
"8251","chr15",28896566,28930411,"HERC2P9"
"8254","chr15",28982728,29024286,"WHAMMP2"
"8255","chr15",29033388,29034539,"LOC100289656"
"8256","chr15",29034979,29101721,"LOC646278"
"8257","chr15",29090280,29093821,"AK302238"
"8260","chr15",29560353,29562020,"NDNL2"
"8261","chr15",29967193,29971368,"BC043570"
"8263","chr15",30375893,30380248,"AK310526"
"8276","chr15",30427989,30439396,"LOC653075"
"8277","chr15",30444595,30444628,"DQ593239"
"8279","chr15",30664844,30665673,"DQ786262"
"8293","chr15",30847017,30847045,"DQ582641"
"8294","chr15",30864757,30892912,"ULK4P1"
"8295","chr15",30916696,30918470,"AK310030"
"8296","chr15",30918878,30977811,"ARHGAP11B"
"8298","chr15",31196054,31235311,"FAN1"
"8299","chr15",31231144,31283807,"MTMR10"
"8300","chr15",31357235,31357344,"MIR211"
"8302","chr15",31514971,31523050,"LOC283710"
"8303","chr15",31619082,31670103,"KLF13"
"8304","chr15",31685045,31696112,"AK093758"
"8307","chr15",32449483,32450314,"DQ786280"
"8311","chr15",32812049,32825942,"LOC100288615"
"8312","chr15",32828914,32872811,"BC037839"
"8313","chr15",32888448,32889842,"AK310041"
"8314","chr15",32907344,32931869,"ARHGAP11A"
"8315","chr15",32933869,32989299,"SCG5"
"8316","chr15",32962079,32963901,"C15orf45"
"8317","chr15",33010204,33026871,"GREM1"
"8318","chr15",33009471,33011208,"AX747968"
"8321","chr15",34261088,34357288,"CHRM5"
"8323","chr15",34376224,34394053,"C15orf24"
"8324","chr15",34394273,34396592,"PGBD4"
"8325","chr15",34432875,34502297,"C15orf29"
"8326","chr15",34517244,34522353,"TMEM85"
"8328","chr15",34633917,34635362,"NOP10"
"8329","chr15",34635515,34649932,"C15orf55"
"8330","chr15",34651089,34659395,"LPCAT4"
"8332","chr15",34671270,34682001,"GOLGA8A"
"8333","chr15",34679159,34679245,"KIAA0855"
"8334","chr15",34812854,34812881,"DQ570464"
"8335","chr15",34817484,34828222,"GOLGA8B"
"8336","chr15",35044679,35046689,"GJD2"
"8337","chr15",35047284,35105125,"AK092087"
"8338","chr15",35080297,35087927,"ACTC1"
"8340","chr15",35270689,35272182,"BC069776"
"8341","chr15",35270542,35280497,"ZNF770"
"8342","chr15",35529526,35530265,"ANP32AP1"
"8343","chr15",35664457,35664565,"MIR3942"
"8346","chr15",36219056,36219125,"MIR4510"
"8348","chr15",37091301,37110707,"CSNK1A1P1"
"8349","chr15",37156644,37178734,"LOC145845"
"8351","chr15",38226826,38259926,"TMCO5A"
"8352","chr15",38276966,38332683,"BC039545"
"8353","chr15",38431796,38519066,"BC037952"
"8355","chr15",38746327,38777064,"FAM98B"
"8356","chr15",38780302,38857007,"RASGRP1"
"8357","chr15",38988798,38992240,"C15orf53"
"8358","chr15",39542884,39547049,"C15orf54"
"8359","chr15",39873279,39889669,"THBS1"
"8363","chr15",40327891,40331389,"SRP14"
"8364","chr15",40331511,40359711,"LOC100131089"
"8365","chr15",40380092,40401075,"BMF"
"8366","chr15",40453209,40513338,"BUB1B"
"8367","chr15",40509628,40569689,"PAK6"
"8368","chr15",40542868,40545110,"C15orf56"
"8369","chr15",40573645,40574787,"ANKRD63"
"8370","chr15",40580098,40600174,"PLCB2"
"8371","chr15",40616680,40618915,"AL832909"
"8372","chr15",40623653,40633168,"C15orf52"
"8373","chr15",40643233,40648635,"PHGR1"
"8374","chr15",40650433,40663257,"DISP2"
"8375","chr15",40674921,40686490,"C15orf23"
"8376","chr15",40697685,40713513,"IVD"
"8377","chr15",40731919,40760442,"BAHD1"
"8378","chr15",40763159,40765358,"CHST14"
"8379","chr15",40824083,40824749,"MRPL42P5"
"8380","chr15",40823538,40857252,"C15orf57"
"8381","chr15",40861530,40866662,"RPUSD2"
"8382","chr15",40886446,40954882,"CASC5"
"8383","chr15",40985953,40987303,"LOC100505648"
"8384","chr15",40987326,41024357,"RAD51"
"8385","chr15",41028086,41048049,"FAM82A2"
"8386","chr15",41056284,41059912,"GCHFR"
"8387","chr15",41062158,41064649,"C15orf62"
"8388","chr15",41099273,41106768,"ZFYVE19"
"8389","chr15",41060067,41099676,"DNAJC17"
"8390","chr15",41107643,41120907,"PPP1R14D"
"8391","chr15",41136245,41149854,"SPINT1"
"8392","chr15",41164412,41166487,"RHOV"
"8393","chr15",41186627,41196174,"VPS18"
"8394","chr15",41199008,41201540,"BC031952"
"8395","chr15",41221530,41231259,"DLL4"
"8396","chr15",41245635,41248718,"CHAC1"
"8398","chr15",41474931,41522895,"EXD1"
"8399","chr15",41523436,41574084,"CHP"
"8400","chr15",41576200,41591796,"OIP5-AS1"
"8401","chr15",41594572,41598727,"BC067230"
"8402","chr15",41601466,41624819,"OIP5"
"8403","chr15",41624891,41673249,"NUSAP1"
"8404","chr15",41679547,41694658,"NDUFAF1"
"8405","chr15",41709301,41775762,"RTF1"
"8406","chr15",41786055,41795758,"ITPKA"
"8407","chr15",41795840,41806085,"LTK"
"8408","chr15",41809375,41836464,"RPAP1"
"8409","chr15",41851219,41871537,"TYRO3"
"8411","chr15",41983782,41983877,"MIR626"
"8412","chr15",42066631,42120054,"MAPKBP1"
"8413","chr15",42100588,42102744,"BC045779"
"8414","chr15",42120282,42132429,"JMJD7"
"8415","chr15",42128978,42138581,"PLA2G4B"
"8416","chr15",42158693,42158749,"MIR4310"
"8417","chr15",42140344,42186275,"SPTBN5"
"8418","chr15",42191639,42264755,"EHD4"
"8419","chr15",42273780,42342901,"PLA2G4E"
"8420","chr15",42359881,42386752,"PLA2G4D"
"8421","chr15",42433332,42448839,"PLA2G4F"
"8422","chr15",42450899,42500502,"VPS39"
"8423","chr15",42491768,42491864,"MIR627"
"8424","chr15",42502726,42565755,"TMEM87A"
"8425","chr15",42565855,42645865,"GANC"
"8426","chr15",42640300,42704516,"CAPN3"
"8427","chr15",42705021,42764516,"ZFP106"
"8428","chr15",42787503,42825260,"SNAP23"
"8429","chr15",42834720,42841002,"LRRC57"
"8430","chr15",42841010,42862191,"HAUS2"
"8432","chr15",43015760,43029417,"CDAN1"
"8433","chr15",43030612,43035401,"BC037861"
"8434","chr15",43033744,43035546,"DQ586540"
"8437","chr15",43425721,43477342,"TMEM62"
"8438","chr15",43477465,43489376,"CCNDBP1"
"8439","chr15",43489426,43513323,"EPB42"
"8440","chr15",43524793,43559055,"TGM5"
"8441","chr15",43568479,43594453,"TGM7"
"8442","chr15",43619974,43622820,"LCMT2"
"8443","chr15",43622871,43646097,"ADAL"
"8444","chr15",43650370,43662258,"ZSCAN29"
"8445","chr15",43663312,43698241,"TUBGCP4"
"8447","chr15",43809805,43823819,"MAP1A"
"8449","chr15",43885251,43891605,"CKMT1B"
"8451","chr15",43925929,43927115,"AX748052"
"8452","chr15",43922772,43959900,"CATSPER2"
"8453","chr15",43985083,43991421,"CKMT1A"
"8454","chr15",44028146,44039292,"CATSPER2P1"
"8455","chr15",44038589,44064805,"PDIA3"
"8456","chr15",44064798,44091335,"ELL3"
"8457","chr15",44068695,44070151,"BC062349"
"8458","chr15",44069293,44088288,"SERF2"
"8459","chr15",44085857,44085957,"MIR1282"
"8460","chr15",44091555,44095242,"C15orf63"
"8461","chr15",44087165,44092255,"SERINC4"
"8462","chr15",44096733,44116951,"MFAP1"
"8463","chr15",44119111,44160618,"WDR76"
"8464","chr15",44168024,44170369,"LOC728758"
"8467","chr15",44719578,44819430,"CTDSPL2"
"8468","chr15",44826703,44829121,"LOC645212"
"8469","chr15",44829265,44855002,"EIF3J"
"8471","chr15",44957930,44969086,"PATL2"
"8472","chr15",45003684,45010358,"B2M"
"8473","chr15",45021218,45060026,"TRIM69"
"8474","chr15",45248902,45271422,"C15orf43"
"8475","chr15",45315301,45367288,"SORD"
"8476","chr15",45384852,45406359,"DUOX2"
"8477","chr15",45406522,45410302,"DUOXA2"
"8478","chr15",45409686,45422075,"DUOXA1"
"8479","chr15",45422191,45457775,"DUOX1"
"8480","chr15",45459412,45493373,"SHF"
"8481","chr15",45544427,45568133,"SLC28A2"
"8482","chr15",45653322,45670980,"GATM"
"8483","chr15",45670897,45672322,"LOC145663"
"8484","chr15",45694518,45713617,"SPATA5L1"
"8485","chr15",45671400,45694520,"BC039389"
"8486","chr15",45722762,45725648,"C15orf48"
"8487","chr15",45725247,45725328,"MIR147B"
"8488","chr15",45742462,45771943,"AK056686"
"8489","chr15",45803333,45848929,"HMGN2P46"
"8490","chr15",45774680,45815002,"SLC30A4"
"8491","chr15",45879416,45901910,"PLDN"
"8492","chr15",45923345,45983480,"SQRDL"
"8494","chr15",48413168,48434590,"SLC24A5"
"8495","chr15",48426828,48428972,"AK021664"
"8496","chr15",48431629,48470558,"MYEF2"
"8497","chr15",48483866,48495952,"CTXN2"
"8498","chr15",48498497,48596276,"SLC12A1"
"8499","chr15",48623620,48635571,"DUT"
"8501","chr15",49030135,49103343,"CEP152"
"8503","chr15",49170289,49172381,"EID1"
"8504","chr15",49280835,49338760,"SECISBP2L"
"8505","chr15",49417471,49447854,"COPS2"
"8507","chr15",49448494,49450823,"LOC100306975"
"8508","chr15",49461267,49461350,"MIR4716"
"8509","chr15",49715374,49779524,"FGF7"
"8511","chr15",49913225,49937334,"DTWD1"
"8513","chr15",50474392,50528590,"SLC27A2"
"8514","chr15",50534146,50558162,"HDC"
"8515","chr15",50646370,50650504,"LOC100129387"
"8516","chr15",50641135,50647076,"FLJ10038"
"8517","chr15",50569389,50647605,"GABPB1"
"8518","chr15",50652525,50652608,"MIR4712"
"8519","chr15",50716578,50793278,"USP8"
"8520","chr15",50784503,50787028,"AX746640"
"8521","chr15",50792759,50838902,"USP50"
"8523","chr15",50999737,51057910,"SPPL2A"
"8524","chr15",51132073,51144737,"AK091906"
"8525","chr15",51200868,51298098,"AP4E1"
"8526","chr15",51236325,51238763,"LOC100132724"
"8527","chr15",51348799,51397473,"TNFAIP8L3"
"8529","chr15",51534386,51534462,"MIR4713"
"8530","chr15",51542454,51542483,"DQ598506"
"8531","chr15",51543547,51543582,"DQ588654"
"8532","chr15",51547795,51548182,"aromatase cytochrome P-450 (P-450AROM)"
"8533","chr15",51551891,51552606,"DQ570035"
"8534","chr15",51557726,51557755,"DQ577752"
"8535","chr15",51558440,51558475,"DQ585809"
"8536","chr15",51566743,51566778,"DQ594218"
"8537","chr15",51567270,51567300,"DQ579404"
"8538","chr15",51568561,51568591,"DQ595419"
"8539","chr15",51571252,51571280,"DQ596480"
"8540","chr15",51571426,51571483,"DQ575060"
"8541","chr15",51571576,51571606,"DQ594981"
"8542","chr15",51572987,51573445,"DQ576445"
"8543","chr15",51578190,51578224,"DQ584012"
"8544","chr15",51578441,51578490,"DQ596502"
"8545","chr15",51578708,51578757,"DQ589218"
"8546","chr15",51578794,51578824,"DQ595435"
"8547","chr15",51578926,51578955,"DQ589533"
"8548","chr15",51579277,51579305,"DQ591628"
"8549","chr15",51579553,51579609,"DQ575848"
"8550","chr15",51579644,51579684,"DQ573334"
"8551","chr15",51579761,51579791,"DQ589081"
"8552","chr15",51579858,51579930,"DQ570455"
"8553","chr15",51579965,51579995,"DQ586227"
"8554","chr15",51580184,51580245,"DQ589222"
"8555","chr15",51580360,51580388,"DQ596958"
"8556","chr15",51580415,51580471,"DQ574553"
"8557","chr15",51580872,51580940,"DQ597104"
"8558","chr15",51581043,51581075,"DQ593878"
"8559","chr15",51581136,51581177,"DQ587578"
"8560","chr15",51581606,51581640,"DQ578051"
"8561","chr15",51582059,51582095,"DQ577970"
"8562","chr15",51582199,51582232,"DQ572519"
"8563","chr15",51582268,51582298,"DQ577197"
"8564","chr15",51582487,51582530,"DQ576221"
"8565","chr15",51582800,51582837,"DQ588253"
"8566","chr15",51583125,51583176,"DQ578013"
"8567","chr15",51583223,51583274,"DQ601543"
"8568","chr15",51583429,51583499,"DQ586374"
"8569","chr15",51583792,51583828,"DQ573812"
"8570","chr15",51583924,51583957,"DQ594762"
"8571","chr15",51583982,51584039,"DQ577476"
"8572","chr15",51584106,51584148,"DQ595618"
"8573","chr15",51584185,51584218,"DQ579954"
"8574","chr15",51584348,51584383,"DQ585102"
"8575","chr15",51584570,51584604,"DQ586940"
"8576","chr15",51584695,51584723,"DQ593177"
"8577","chr15",51584726,51584758,"DQ592264"
"8578","chr15",51585087,51585116,"DQ584158"
"8579","chr15",51585225,51585272,"DQ578873"
"8580","chr15",51585560,51585606,"DQ599294"
"8581","chr15",51585636,51585685,"DQ595015"
"8582","chr15",51588125,51589178,"DQ572923"
"8583","chr15",51589752,51589811,"DQ577875"
"8584","chr15",51589958,51589988,"DQ570267"
"8585","chr15",51590458,51590493,"DQ596795"
"8586","chr15",51590893,51590922,"DQ599297"
"8587","chr15",51590961,51591000,"DQ573486"
"8588","chr15",51591113,51591143,"DQ591901"
"8589","chr15",51591429,51591479,"DQ591360"
"8590","chr15",51591580,51591620,"DQ590886"
"8591","chr15",51591642,51591671,"DQ599277"
"8592","chr15",51591797,51591827,"DQ583962"
"8593","chr15",51591835,51591862,"DQ577380"
"8594","chr15",51591905,51591964,"DQ589180"
"8595","chr15",51592245,51592286,"DQ591818"
"8596","chr15",51592525,51592595,"DQ594922"
"8597","chr15",51592821,51592850,"DQ589785"
"8598","chr15",51593083,51593303,"T-18"
"8599","chr15",51593476,51593552,"DQ586425"
"8600","chr15",51593588,51593617,"DQ575002"
"8601","chr15",51594133,51594172,"DQ600830"
"8602","chr15",51594294,51594327,"DQ579261"
"8603","chr15",51594521,51594591,"DQ577411"
"8604","chr15",51594625,51594661,"DQ580114"
"8605","chr15",51594693,51594756,"DQ601847"
"8606","chr15",51594868,51594896,"DQ594304"
"8607","chr15",51595107,51595144,"DQ585053"
"8608","chr15",51595235,51595275,"DQ588149"
"8609","chr15",51633712,51700210,"GLDN"
"8611","chr15",51973549,52013224,"SCG3"
"8612","chr15",52015261,52043650,"LYSMD2"
"8613","chr15",52043757,52108559,"TMOD2"
"8614","chr15",52121824,52221652,"TMOD3"
"8615","chr15",52201630,52204340,"AF188711"
"8616","chr15",52230222,52263958,"LEO1"
"8617","chr15",52311410,52358463,"MAPK6"
"8618","chr15",52401822,52404972,"BCL2L10"
"8619","chr15",52413123,52483565,"GNB5"
"8620","chr15",52472413,52498072,"AF007131"
"8621","chr15",52569314,52569397,"MIR1266"
"8624","chr15",52839432,52861364,"ARPP19"
"8625","chr15",52873518,52970953,"FAM214A"
"8626","chr15",53049353,53082209,"ONECUT1"
"8629","chr15",55473512,55489231,"RSL24D1"
"8630","chr15",55495164,55582013,"RAB27A"
"8631","chr15",55611132,55647847,"PIGB"
"8632","chr15",55609655,55611392,"HP06981"
"8634","chr15",55665138,55665232,"MIR628"
"8635","chr15",55700722,55710911,"FLJ27352"
"8637","chr15",55831082,55834829,"AK055370"
"8638","chr15",55838221,55881050,"PYGO1"
"8642","chr15",56657643,56738073,"TEX9"
"8643","chr15",56720929,56757335,"MNS1"
"8644","chr15",56835150,56921786,"BC037892"
"8647","chr15",57592562,57599968,"LOC283663"
"8649","chr15",57669343,57699477,"BC015433"
"8650","chr15",57840992,57842917,"AL110171"
"8652","chr15",57972895,58001557,"POLR2M"
"8654","chr15",58430394,58478111,"AQP9"
"8656","chr15",58727100,58790934,"AX747251"
"8657","chr15",58813509,58815571,"BC034927"
"8659","chr15",58983302,58985324,"HSP90AB4P"
"8660","chr15",59063392,59149735,"FAM63B"
"8661","chr15",59171244,59225852,"SLTM"
"8663","chr15",59397283,59417245,"CCNB2"
"8664","chr15",59463382,59463461,"MIR2116"
"8665","chr15",59499041,59500710,"LDHAL6B"
"8667","chr15",59730371,59815752,"FAM81A"
"8668","chr15",59903981,59912211,"GCNT3"
"8669","chr15",59930261,59949737,"GTF2A2"
"8670","chr15",59955062,59981642,"BNIP2"
"8671","chr15",60296420,60328409,"FOXB1"
"8672","chr15",60641326,60641351,"DJ439579"
"8673","chr15",60641363,60641383,"DJ439519"
"8674","chr15",60643390,60643413,"DJ439566"
"8675","chr15",60643424,60643451,"DJ439574"
"8676","chr15",60644610,60644634,"DJ439529"
"8677","chr15",60678229,60678260,"DJ439531"
"8678","chr15",60711808,60771344,"NARG2"
"8679","chr15",60771379,60823167,"BC035094"
"8681","chr15",61890712,61897441,"BC033962"
"8683","chr15",62352737,62353472,"BC028842"
"8684","chr15",62359175,62363117,"C2CD4A"
"8685","chr15",62455737,62457482,"C2CD4B"
"8686","chr15",62512970,62513056,"DQ578136"
"8687","chr15",62513158,62513187,"DQ594846"
"8688","chr15",62513465,62513497,"DQ573709"
"8689","chr15",62513723,62513758,"DQ576270"
"8690","chr15",62513836,62513902,"DQ571252"
"8691","chr15",62513946,62513972,"DQ577682"
"8692","chr15",62513976,62514006,"DQ594995"
"8693","chr15",62514119,62514153,"DQ577554"
"8694","chr15",62514287,62514330,"DQ576037"
"8695","chr15",62514423,62514461,"DQ573033"
"8696","chr15",62514598,62514631,"DQ598149"
"8697","chr15",62514636,62514702,"DQ575070"
"8698","chr15",62514879,62514920,"DQ573760"
"8699","chr15",62515076,62515109,"DQ596663"
"8700","chr15",62515159,62515195,"DQ595554"
"8701","chr15",62515212,62515244,"DQ594736"
"8702","chr15",62515738,62515768,"DQ575936"
"8703","chr15",62515892,62515925,"DQ597410"
"8704","chr15",62515953,62515985,"DQ577084"
"8705","chr15",62521692,62521726,"DQ571395"
"8706","chr15",62523739,62523777,"DQ587974"
"8707","chr15",62524418,62524450,"DQ579199"
"8708","chr15",62531008,62531060,"DQ584023"
"8709","chr15",62531213,62531246,"DQ573710"
"8710","chr15",62531272,62531304,"DQ598244"
"8711","chr15",62531335,62531377,"DQ579765"
"8712","chr15",62531850,62531903,"DQ600178"
"8713","chr15",62531928,62531972,"DQ586290"
"8714","chr15",62532077,62532120,"DQ595400"
"8715","chr15",62532182,62532230,"DQ585588"
"8716","chr15",62532423,62532490,"DQ575033"
"8717","chr15",62532598,62532642,"DQ577410"
"8718","chr15",62532858,62532895,"DQ578183"
"8719","chr15",62532979,62533011,"DQ601882"
"8720","chr15",62533116,62533148,"DQ596114"
"8721","chr15",62533248,62533280,"DQ600633"
"8722","chr15",62533326,62533384,"DQ601360"
"8723","chr15",62533392,62533493,"DQ576562"
"8724","chr15",62533626,62533660,"DQ593323"
"8725","chr15",62533667,62533731,"DQ588198"
"8726","chr15",62534208,62534239,"DQ600036"
"8728","chr15",62534444,62534493,"DQ600540"
"8729","chr15",62534767,62534821,"DQ581622"
"8730","chr15",62534844,62534875,"DQ600614"
"8731","chr15",62534933,62534983,"DQ576354"
"8732","chr15",62535041,62535079,"DQ579022"
"8733","chr15",62535220,62535253,"DQ577256"
"8734","chr15",62535319,62535357,"DQ583818"
"8735","chr15",62535522,62535665,"DQ575950"
"8736","chr15",62535715,62535758,"DQ598884"
"8737","chr15",62535966,62536094,"DQ599798"
"8738","chr15",62536322,62536354,"DQ571691"
"8739","chr15",62536751,62536789,"DQ575757"
"8740","chr15",62536847,62536908,"DQ573567"
"8741","chr15",62537016,62537085,"DQ570912"
"8742","chr15",62537091,62537140,"DQ593779"
"8743","chr15",62537228,62537268,"DQ592649"
"8744","chr15",62537394,62537457,"DQ570033"
"8745","chr15",62537675,62537705,"DQ596703"
"8746","chr15",62537737,62537767,"DQ596118"
"8747","chr15",62537772,62537807,"DQ601697"
"8748","chr15",62537917,62537973,"DQ593269"
"8749","chr15",62538064,62538105,"DQ597549"
"8750","chr15",62538119,62538179,"DQ577988"
"8751","chr15",62538303,62538374,"DQ592221"
"8752","chr15",62538412,62538478,"DQ586284"
"8753","chr15",62538639,62538707,"DQ576429"
"8754","chr15",62538730,62538803,"DQ586285"
"8755","chr15",62538850,62538891,"DQ570129"
"8756","chr15",62538891,62538941,"DQ590273"
"8757","chr15",62538954,62539001,"DQ574151"
"8758","chr15",62539113,62547163,"DQ584931"
"8759","chr15",62539261,62539306,"DQ575559"
"8760","chr15",62539440,62547494,"DQ572791"
"8761","chr15",62539585,62539617,"DQ583624"
"8763","chr15",62539727,62539768,"DQ590682"
"8764","chr15",62540295,62540337,"DQ578824"
"8765","chr15",62540676,62540746,"DQ573543"
"8766","chr15",62540765,62540796,"DQ596057"
"8767","chr15",62534728,62540994,"FLJ38723"
"8768","chr15",62542515,62542547,"DQ586930"
"8769","chr15",62542567,62542607,"DQ592483"
"8770","chr15",62542822,62548242,"DQ570108"
"8771","chr15",62543173,62543238,"DQ581948"
"8772","chr15",62543339,62548765,"DQ601452"
"8773","chr15",62543517,62543553,"DQ591603"
"8774","chr15",62544055,62544087,"DQ582866"
"8775","chr15",62544415,62544453,"DQ580408"
"8776","chr15",62544604,62544654,"DQ599965"
"8777","chr15",62545044,62545099,"DQ588475"
"8778","chr15",62545375,62545430,"DQ595396"
"8779","chr15",62545485,62545519,"DQ591811"
"8780","chr15",62545532,62545563,"DQ583824"
"8781","chr15",62546035,62546098,"DQ590438"
"8782","chr15",62546178,62546221,"DQ584326"
"8783","chr15",62546281,62546318,"DQ588883"
"8784","chr15",62546358,62546424,"DQ571370"
"8785","chr15",62546487,62546532,"DQ589078"
"8786","chr15",62546602,62546635,"DQ598459"
"8787","chr15",62546706,62546736,"DQ584837"
"8789","chr15",62547559,62547589,"DQ576734"
"8790","chr15",62547590,62547629,"DQ590839"
"8791","chr15",62547633,62547673,"DQ576154"
"8792","chr15",62547775,62547807,"DQ590680"
"8793","chr15",62547750,62547793,"DQ593480"
"8794","chr15",62548616,62548646,"DQ588715"
"8795","chr15",62549794,62549825,"DQ576744"
"8796","chr15",62549878,62549942,"DQ582184"
"8797","chr15",62555301,62555340,"DQ585294"
"8798","chr15",62556276,62556311,"DQ587962"
"8799","chr15",62929371,62937380,"MGC15885"
"8801","chr15",63116155,63116241,"MIR190A"
"8802","chr15",63124323,63127596,"AK125516"
"8803","chr15",63334837,63364114,"TPM1"
"8804","chr15",63339893,63341447,"AK310237"
"8805","chr15",63338233,63341586,"AX747619"
"8806","chr15",63361952,63364112,"AK055197"
"8807","chr15",63413998,63434261,"LACTB"
"8808","chr15",63445539,63449741,"RPS27L"
"8809","chr15",63481727,63559974,"RAB8B"
"8810","chr15",63569748,63601326,"APH1B"
"8811","chr15",63615730,63674075,"CA12"
"8812","chr15",63796809,63883664,"USP3"
"8813","chr15",63889551,63894621,"FBXL22"
"8814","chr15",63879909,63893026,"LOC100130855"
"8815","chr15",63900817,63903188,"AK091624"
"8817","chr15",64163129,64163218,"Mir_422"
"8819","chr15",64364761,64386207,"FAM96A"
"8820","chr15",64388082,64436434,"SNX1"
"8821","chr15",64443915,64449681,"SNX22"
"8822","chr15",64448014,64455354,"PPIB"
"8823","chr15",64461451,64465621,"AL137522"
"8825","chr15",64657211,64673702,"KIAA0101"
"8826","chr15",64680002,64747503,"TRIP4"
"8828","chr15",64979773,64995462,"OAZ2"
"8829","chr15",65054586,65054714,"MIR1272"
"8830","chr15",65032095,65067770,"RBPMS2"
"8831","chr15",65107833,65117838,"PIF1"
"8832","chr15",65134081,65160202,"PLEKHO2"
"8833","chr15",65204100,65251042,"ANKDD1A"
"8834","chr15",65255363,65282251,"SPG21"
"8835","chr15",65293850,65321977,"MTFMT"
"8836","chr15",65337707,65345735,"OSTBETA"
"8837","chr15",65345675,65369028,"RASL12"
"8838","chr15",65369153,65372277,"KBTBD13"
"8839","chr15",65385342,65407535,"UBAP1L"
"8840","chr15",65409717,65426174,"PDCD7"
"8841","chr15",65442784,65477563,"CLPX"
"8842","chr15",65488337,65503840,"CILP"
"8843","chr15",65550437,65579018,"PARP16"
"8844","chr15",65619465,65670378,"IGDCC3"
"8845","chr15",65673825,65715410,"IGDCC4"
"8846","chr15",65737998,65810035,"DPP8"
"8847","chr15",65822826,65870694,"PTPLAD1"
"8848","chr15",65871096,65903627,"C15orf44"
"8849","chr15",65903703,65953257,"SLC24A1"
"8850","chr15",66011584,66011670,"MIR4511"
"8852","chr15",66161796,66184330,"RAB11A"
"8853","chr15",66332570,66332671,"MIR4311"
"8855","chr15",66585632,66626237,"DIS3L"
"8856","chr15",66639544,66639680,"SCARNA14"
"8857","chr15",66629008,66649054,"TIPIN"
"8859","chr15",66782666,66790146,"SNAPC5"
"8860","chr15",66793590,66793656,"SNORD18C"
"8861","chr15",66794360,66794429,"SNORD18B"
"8862","chr15",66795149,66795248,"SNORD16"
"8863","chr15",66795583,66795652,"SNORD18A"
"8864","chr15",66791653,66816870,"RPL4"
"8865","chr15",66797430,66841823,"ZWILCH"
"8866","chr15",66840537,66858317,"LCTL"
"8868","chr15",66994673,67074338,"SMAD6"
"8869","chr15",67152640,67159362,"BX538221"
"8871","chr15",67493367,67547533,"AAGAB"
"8874","chr15",67813521,67819642,"C15orf61"
"8876","chr15",68117940,68126175,"SKOR1"
"8878","chr15",68483043,68498448,"CALML4"
"8879","chr15",68499330,68549444,"CLN6"
"8880","chr15",68570140,68588022,"FEM1B"
"8883","chr15",69094189,69094264,"MIR4312"
"8884","chr15",69096160,69099440,"ANP32A-IT1"
"8885","chr15",69070875,69113261,"ANP32A"
"8887","chr15",69222838,69239151,"SPESP1"
"8888","chr15",69307033,69349502,"NOX5"
"8889","chr15",69365265,69388164,"LINC00277"
"8892","chr15",69706626,69740765,"KIF23"
"8893","chr15",69745158,69747885,"RPLP1"
"8895","chr15",69884467,69905230,"AK097902"
"8896","chr15",70127572,70135307,"C15orf50"
"8897","chr15",70340543,70390256,"TLE3"
"8898","chr15",70371711,70371807,"MIR629"
"8901","chr15",71123889,71146498,"LARP6"
"8902","chr15",71173681,71184772,"THAP10"
"8903","chr15",71402583,71407839,"CT62"
"8905","chr15",71477956,71481362,"BC043587"
"8906","chr15",72102893,72110598,"NR2E3"
"8908","chr15",72406598,72433312,"SENP8"
"8909","chr15",72452147,72490136,"GRAMD2"
"8910","chr15",72491370,72523727,"PKM2"
"8911","chr15",72533522,72563628,"PARP6"
"8912","chr15",72571207,72644136,"BC034424"
"8914","chr15",72668453,72671130,"C15orf34"
"8915","chr15",72690667,72700709,"TMEM202"
"8917","chr15",72879557,72879655,"MIR630"
"8918","chr15",72908150,72910584,"AX748294"
"8919","chr15",72947037,72959739,"GOLGA6B"
"8921","chr15",72968123,72978490,"HIGD2B"
"8922","chr15",72978519,73030818,"BBS4"
"8923","chr15",73043708,73076667,"ADPGK"
"8924","chr15",73075175,73090541,"LOC100287559"
"8926","chr15",73612200,73661605,"HCN4"
"8928","chr15",73852344,73925753,"NPTN"
"8929","chr15",73976621,74006860,"CD276"
"8930","chr15",74032141,74043816,"C15orf59"
"8931","chr15",74165967,74181557,"TBC1D21"
"8932","chr15",74218788,74244479,"LOXL1"
"8933","chr15",74209809,74220589,"LOC100287616"
"8934","chr15",74275560,74284635,"STOML1"
"8935","chr15",74287013,74340156,"PML"
"8936","chr15",74356096,74356127,"DQ587117"
"8938","chr15",74362198,74374891,"GOLGA6A"
"8939","chr15",74418714,74421619,"LOC283731"
"8940","chr15",74421714,74429144,"ISLR2"
"8941","chr15",74466086,74469213,"ISLR"
"8942","chr15",74471808,74502046,"STRA6"
"8943","chr15",74495341,74505221,"HP11097"
"8945","chr15",74630103,74660081,"CYP11A1"
"8946","chr15",74646796,74656962,"BC013681"
"8947","chr15",74653892,74654383,"LOC729739"
"8948","chr15",74701630,74726299,"SEMA7A"
"8949","chr15",74738318,74753529,"UBL7"
"8950","chr15",74753605,74773634,"LOC440288"
"8951","chr15",74833547,74890473,"ARID3B"
"8952","chr15",74890842,74901067,"AK095335"
"8953","chr15",74900712,74922543,"CLK3"
"8954","chr15",74922899,74988386,"EDC3"
"8955","chr15",75011883,75017877,"CYP1A1"
"8956","chr15",75041183,75048942,"CYP1A2"
"8957","chr15",75074424,75095540,"CSK"
"8958","chr15",75081013,75081098,"MIR4513"
"8959","chr15",75105152,75119209,"LMAN1L"
"8960","chr15",75117816,75124137,"CPLX3"
"8961","chr15",75128459,75135552,"ULK3"
"8962","chr15",75136073,75165670,"SCAMP2"
"8963","chr15",75182409,75190566,"MPI"
"8964","chr15",75192328,75199462,"C15orf17"
"8965","chr15",75212617,75230495,"COX5A"
"8966","chr15",75247443,75249775,"RPP25"
"8967","chr15",75287875,75313837,"SCAMP5"
"8968","chr15",75288944,75289556,"BC150506"
"8969","chr15",75288945,75289555,"BC150507"
"8970","chr15",75315926,75343068,"PPCDC"
"8971","chr15",75491232,75504511,"C15orf39"
"8972","chr15",75550898,75565797,"GOLGA6C"
"8973","chr15",75575181,75588149,"GOLGA6D"
"8974","chr15",75592909,75595306,"DNM1P34"
"8975","chr15",75628373,75632615,"COMMD4"
"8976","chr15",75639330,75647589,"NEIL1"
"8977","chr15",75645952,75646026,"MIR631"
"8978","chr15",75648133,75660941,"MAN2C1"
"8979","chr15",75661720,75748124,"SIN3A"
"8981","chr15",75890424,75918719,"SNUPN"
"8982","chr15",75931426,75941047,"IMP3"
"8983","chr15",75941347,75950969,"SNX33"
"8984","chr15",75966663,76005189,"CSPG4"
"8985","chr15",76016318,76020028,"ODF3L1"
"8986","chr15",76020011,76085024,"DNM1P35"
"8987","chr15",76031603,76031630,"DQ588677"
"8988","chr15",76054556,76054656,"MIR4313"
"8989","chr15",76067893,76075545,"AK302879"
"8991","chr15",76078776,76078808,"DQ574368"
"8992","chr15",76084070,76084100,"DQ601582"
"8993","chr15",76084893,76084921,"DQ587887"
"8994","chr15",76135621,76193389,"UBE2Q2"
"8995","chr15",76196199,76227609,"FBXO22"
"8996","chr15",76225024,76225471,"FBXO22-AS1"
"8997","chr15",76234328,76304785,"NRG4"
"8999","chr15",76551630,76552493,"TYRO3P"
"9000","chr15",76508629,76603810,"ETFA"
"9001","chr15",76629146,76634817,"ISL2"
"9003","chr15",77223961,77242602,"RCN2"
"9004","chr15",77287020,77329672,"PSTPIP1"
"9005","chr15",77336360,77363570,"TSPAN3"
"9006","chr15",77470728,77472660,"AX747193"
"9008","chr15",77516250,77517746,"C15orf5"
"9009","chr15",77713242,77777946,"HMG20A"
"9010","chr15",77774391,77777947,"AK025664"
"9011","chr15",77905369,77988475,"LINGO1"
"9012","chr15",77934105,77941582,"LOC253044"
"9013","chr15",78191477,78191504,"DQ583793"
"9014","chr15",78206559,78219188,"LOC645752"
"9015","chr15",78285575,78286567,"LOC91450"
"9016","chr15",78287327,78369994,"TBC1D2B"
"9017","chr15",78330871,78330938,"Mir_1827"
"9018","chr15",78384926,78396394,"SH2D7"
"9019","chr15",78396991,78423878,"CIB2"
"9020","chr15",78441718,78462885,"IDH3A"
"9021","chr15",78463187,78527049,"ACSBG1"
"9022","chr15",78556486,78574539,"DNAJA4"
"9023","chr15",78575578,78591940,"WDR61"
"9024","chr15",78632665,78640573,"CRABP1"
"9025","chr15",78730517,78793799,"IREB2"
"9026","chr15",78799905,78829716,"AGPHD1"
"9027","chr15",78832746,78841564,"PSMA4"
"9028","chr15",78857861,78887612,"CHRNA5"
"9029","chr15",78885395,78913637,"CHRNA3"
"9030","chr15",78918695,78920536,"AX748237"
"9031","chr15",78916636,78952874,"CHRNB4"
"9032","chr15",79042403,79042433,"DQ596823"
"9033","chr15",79044378,79045735,"LOC646938"
"9034","chr15",79051545,79103773,"ADAMTS7"
"9035","chr15",79165171,79190075,"MORF4L1"
"9036","chr15",79214092,79237420,"CTSH"
"9038","chr15",79502129,79502214,"MIR184"
"9039","chr15",79575145,79590582,"ANKRD34C"
"9040","chr15",79484049,79576287,"LOC729911"
"9042","chr15",79724857,79764643,"KIAA1024"
"9043","chr15",80137382,80139529,"AK054972"
"9044","chr15",80135889,80189627,"MTHFS"
"9045","chr15",80191182,80216096,"ST20"
"9046","chr15",80215112,80217197,"C15orf37"
"9047","chr15",80253232,80263643,"BCL2A1"
"9048","chr15",80351909,80430736,"ZFAND6"
"9049","chr15",80445130,80478925,"FAH"
"9050","chr15",80491138,80492976,"AK124939"
"9051","chr15",80555410,80634147,"LOC283688"
"9052","chr15",80658931,80659522,"AB240015"
"9054","chr15",80987651,81047963,"FAM108C1"
"9055","chr15",81045625,81047961,"AX747179"
"9057","chr15",81134368,81134390,"JA682650"
"9058","chr15",81134319,81134414,"MIR549"
"9059","chr15",81241693,81244001,"AL109718"
"9060","chr15",81239668,81282205,"MESDC2"
"9061","chr15",81289758,81289814,"MIR4514"
"9062","chr15",81293294,81296346,"MESDC1"
"9063","chr15",81391748,81441517,"C15orf26"
"9065","chr15",81605007,81616524,"STARD5"
"9066","chr15",81624760,81666418,"TMC3"
"9067","chr15",82334128,82338361,"MEX3B"
"9068","chr15",82380934,82390035,"BC043257"
"9070","chr15",82555151,82577268,"FAM154B"
"9082","chr15",82932445,82939159,"AK302092"
"9086","chr15",83328033,83378635,"AP3B2"
"9087","chr15",83331979,83332006,"DQ601936"
"9088","chr15",83379223,83382778,"LOC338963"
"9089","chr15",83394650,83408532,"LOC283693"
"9090","chr15",83428024,83474806,"FSD2"
"9091","chr15",83477972,83503614,"WHAMM"
"9092","chr15",83509838,83513971,"AK130329"
"9094","chr15",83626882,83654620,"BC044934"
"9095","chr15",83654954,83659810,"FAM103A1"
"9096","chr15",83657715,83680393,"C15orf40"
"9097","chr15",83736086,83736168,"MIR4515"
"9098","chr15",83685181,83736106,"BTBD1"
"9099","chr15",83776323,83806112,"TM6SF1"
"9100","chr15",83806816,83876321,"HDGFRP3"
"9101","chr15",83924655,83953468,"BNC1"
"9104","chr15",84748938,84795354,"LOC648809"
"9105","chr15",84841241,84850986,"LOC100505679"
"9106","chr15",84860599,84878026,"LOC440300"
"9108","chr15",84867600,84898920,"LOC388152"
"9109","chr15",84906669,84908698,"AK098200"
"9110","chr15",84911452,84914111,"DQ593686"
"9111","chr15",84944256,84947249,"DQ586822"
"9112","chr15",85045805,85050250,"DNM1P41"
"9113","chr15",85047738,85060078,"GOLGA6L5"
"9114","chr15",85113879,85123413,"LOC100506874"
"9115","chr15",85070427,85114026,"UBE2Q2P1"
"9116","chr15",85144248,85166948,"ZSCAN2"
"9117","chr15",85174690,85185695,"SCAND2"
"9118","chr15",85187181,85190710,"AL357213"
"9119","chr15",85186012,85197524,"WDR73"
"9120","chr15",85198360,85201802,"NMB"
"9121","chr15",85212775,85259674,"SEC11A"
"9122","chr15",85291817,85349664,"ZNF592"
"9123","chr15",85359910,85416714,"ALPK3"
"9124","chr15",85427912,85518877,"SLC28A1"
"9126","chr15",85747306,85747565,"DQ596274"
"9127","chr15",85747588,85777989,"BC096759"
"9128","chr15",85788460,85790411,"AK301968"
"9130","chr15",86302559,86338189,"KLHL25"
"9131","chr15",86313727,86313809,"MIR1276"
"9133","chr15",88120159,88122918,"LINC00052"
"9134","chr15",88402982,88405587,"AK094929"
"9136","chr15",88795960,88814298,"LOC283738"
"9137","chr15",89002708,89010633,"MRPL46"
"9138","chr15",89010683,89021862,"MRPS11"
"9139","chr15",89045149,89048564,"AX746605"
"9140","chr15",89054786,89089912,"DET1"
"9141","chr15",89128802,89147834,"AK054749"
"9142","chr15",89151337,89151429,"MIR1179"
"9143","chr15",89155055,89155166,"MIR7-2"
"9144","chr15",89155078,89155155,"MIR3529"
"9145","chr15",89164526,89175513,"AEN"
"9146","chr15",89178903,89198880,"ISG20"
"9147","chr15",89346673,89418586,"ACAN"
"9148","chr15",89411446,89411561,"L12234"
"9149","chr15",89420519,89438770,"HAPLN3"
"9150","chr15",89441914,89456663,"MFGE8"
"9152","chr15",89753098,89764922,"RLBP1"
"9153","chr15",89787193,89860363,"FANCI"
"9154","chr15",89859536,89878026,"POLG"
"9155","chr15",89911247,89911338,"MIR9-3"
"9156","chr15",89911329,89941719,"LOC254559"
"9157","chr15",89939404,89941720,"AK054710"
"9158","chr15",90014638,90039799,"RHCG"
"9159","chr15",90048161,90067265,"LOC283761"
"9160","chr15",90118817,90171254,"C15orf42"
"9161","chr15",90171201,90198682,"KIF7"
"9162","chr15",90207600,90222648,"PLIN1"
"9163","chr15",90226287,90233958,"PEX11A"
"9164","chr15",90234027,90286870,"WDR93"
"9165","chr15",90293098,90294540,"MESP1"
"9166","chr15",90303821,90321983,"MESP2"
"9167","chr15",90328126,90358072,"ANPEP"
"9168","chr15",90373831,90437617,"AP3S2"
"9169","chr15",90443832,90455919,"C15orf38"
"9170","chr15",90544751,90625433,"ZNF710"
"9171","chr15",90617747,90619769,"AK055981"
"9172","chr15",90627212,90645708,"IDH2"
"9173","chr15",90728151,90772893,"SEMA4B"
"9174","chr15",90773477,90777279,"CIB1"
"9175","chr15",90777486,90785313,"C15orf58"
"9176","chr15",90792763,90815444,"TTLL13"
"9177","chr15",90889763,90892679,"GABARAPL3"
"9178","chr15",90895476,90904716,"ZNF774"
"9181","chr15",91203464,91208186,"BC038778"
"9182","chr15",91260578,91358687,"BLM"
"9183","chr15",91411884,91426688,"FURIN"
"9184","chr15",91427664,91439007,"FES"
"9185","chr15",91446565,91465816,"MAN2A2"
"9186","chr15",91473409,91497324,"UNC45A"
"9187","chr15",91474155,91475774,"HDDC3"
"9188","chr15",91498105,91506356,"RCCD1"
"9189","chr15",91504656,91506349,"AK054837"
"9190","chr15",91509268,91537804,"PRC1"
"9191","chr15",91541774,91565833,"VPS33B"
"9192","chr15",91565851,91574371,"AK055351"
"9194","chr15",92006568,92038081,"BC036442"
"9196","chr15",92937139,93011959,"ST8SIA2"
"9197","chr15",93014906,93044348,"C15orf32"
"9198","chr15",93111048,93115493,"LOC100144604"
"9199","chr15",93116239,93116277,"DQ597717"
"9200","chr15",93117765,93117807,"DQ571973"
"9201","chr15",93117865,93117905,"DQ585572"
"9202","chr15",93118124,93118179,"DQ583728"
"9203","chr15",93118269,93118303,"DQ575581"
"9204","chr15",93118366,93118409,"DQ598122"
"9205","chr15",93119587,93119624,"DQ589659"
"9206","chr15",93119991,93120020,"DQ601487"
"9207","chr15",93120108,93120143,"DQ579313"
"9208","chr15",93120319,93120366,"DQ596488"
"9209","chr15",93121022,93121059,"DQ594004"
"9210","chr15",93121444,93121472,"DQ596667"
"9211","chr15",93121590,93121618,"DQ596681"
"9212","chr15",93121657,93121697,"DQ599441"
"9213","chr15",93121789,93121826,"DQ591574"
"9214","chr15",93122031,93122065,"DQ601664"
"9215","chr15",93122278,93122307,"DQ589053"
"9216","chr15",93122773,93122802,"DQ576741"
"9217","chr15",93123026,93123056,"DQ576504"
"9218","chr15",93123174,93123206,"DQ588655"
"9219","chr15",93124320,93124361,"DQ582158"
"9220","chr15",93124431,93124492,"DQ599802"
"9221","chr15",93125740,93125777,"DQ596379"
"9222","chr15",93125873,93125912,"DQ596157"
"9223","chr15",93126289,93126325,"DQ601873"
"9224","chr15",93126885,93126927,"DQ582977"
"9225","chr15",93127000,93127042,"DQ582622"
"9226","chr15",93127133,93127176,"DQ576106"
"9227","chr15",93127771,93127843,"DQ598082"
"9228","chr15",93127970,93128002,"DQ583486"
"9229","chr15",93128009,93128044,"DQ580504"
"9230","chr15",93128268,93128302,"DQ595407"
"9231","chr15",93129064,93129105,"DQ586639"
"9232","chr15",93129309,93129374,"DQ579595"
"9233","chr15",93129419,93129450,"DQ572592"
"9234","chr15",93129464,93129495,"DQ571347"
"9235","chr15",93129527,93129574,"DQ580783"
"9236","chr15",93129959,93130040,"DQ590038"
"9237","chr15",93130117,93130168,"DQ599537"
"9238","chr15",93130251,93130280,"DQ586689"
"9239","chr15",93130539,93130573,"DQ581392"
"9240","chr15",93132507,93132542,"DQ591781"
"9241","chr15",93132563,93132594,"DQ580421"
"9242","chr15",93132958,93133003,"DQ573962"
"9243","chr15",93139675,93139752,"DQ578058"
"9244","chr15",93140177,93140220,"DQ584918"
"9245","chr15",93140417,93140448,"DQ600930"
"9246","chr15",93140979,93141009,"DQ580467"
"9247","chr15",93147132,93147171,"DQ575076"
"9248","chr15",93151238,93151295,"DQ593762"
"9249","chr15",93151879,93151910,"DQ576468"
"9250","chr15",93152741,93152771,"DQ574028"
"9251","chr15",93152935,93152968,"DQ571124"
"9253","chr15",93338713,93340339,"ASB9P1"
"9254","chr15",93426072,93441978,"LOC100507217"
"9256","chr15",93438055,93441320,"AK024092"
"9257","chr15",93447628,93447706,"MIR3175"
"9258","chr15",93586636,93632443,"RGMA"
"9260","chr15",93955934,93955980,"DQ593531"
"9261","chr15",93956915,93956954,"DQ586064"
"9262","chr15",93957920,93957995,"DQ582871"
"9263","chr15",93958075,93958109,"DQ583307"
"9264","chr15",93958365,93958392,"DQ598152"
"9265","chr15",93958407,93958436,"DQ592588"
"9266","chr15",93958464,93958491,"DQ572208"
"9267","chr15",93958531,93958592,"DQ582013"
"9268","chr15",93958693,93958754,"DQ576238"
"9269","chr15",93958954,93958982,"DQ578778"
"9270","chr15",93959183,93959233,"DQ600033"
"9271","chr15",93963106,93963140,"DQ593143"
"9272","chr15",93963462,93963505,"DQ578892"
"9273","chr15",93963629,93963659,"DQ579181"
"9274","chr15",93964603,93964633,"DQ595590"
"9275","chr15",93965024,93965053,"DQ580631"
"9276","chr15",93965467,93965514,"DQ571165"
"9277","chr15",93965688,93965717,"DQ585433"
"9278","chr15",93960079,93965805,"AK097829"
"9279","chr15",93965784,93965812,"DQ599886"
"9280","chr15",93969553,93969588,"DQ601182"
"9282","chr15",94443929,94517162,"BC021741"
"9284","chr15",95822519,95870329,"LOC400456"
"9285","chr15",95976321,96051077,"LOC145820"
"9286","chr15",96615639,96615661,"JA429839"
"9287","chr15",96869156,96883493,"NR2F2"
"9288","chr15",96812001,96870577,"AK307134"
"9289","chr15",96876489,96876537,"MIR1469"
"9290","chr15",97311811,97311840,"DQ600899"
"9291","chr15",97312026,97312063,"DQ584981"
"9292","chr15",97312149,97312178,"DQ591093"
"9293","chr15",97313185,97313220,"DQ570891"
"9294","chr15",97314399,97314432,"DQ595265"
"9295","chr15",97314966,97314997,"DQ590811"
"9296","chr15",97315157,97315216,"DQ582375"
"9297","chr15",97315518,97315563,"DQ595383"
"9298","chr15",97316932,97316961,"DQ601004"
"9299","chr15",97317562,97317615,"DQ573857"
"9300","chr15",97318768,97318799,"DQ590792"
"9301","chr15",97319865,97319911,"DQ576810"
"9302","chr15",97321251,97321285,"DQ594177"
"9303","chr15",97321364,97321403,"DQ586241"
"9304","chr15",97321487,97321517,"DQ599224"
"9305","chr15",97321672,97321727,"DQ574839"
"9306","chr15",97321736,97321771,"DQ577036"
"9307","chr15",97321803,97321835,"DQ569978"
"9308","chr15",97321838,97321867,"DQ584667"
"9309","chr15",97322130,97322159,"DQ597986"
"9310","chr15",97322162,97322216,"DQ577480"
"9311","chr15",97322265,97322298,"DQ572928"
"9312","chr15",97322340,97322371,"DQ595853"
"9313","chr15",97322555,97322593,"DQ573982"
"9314","chr15",97322773,97322812,"DQ597589"
"9315","chr15",97323004,97323040,"DQ594400"
"9316","chr15",97323513,97323577,"DQ601402"
"9317","chr15",97323978,97324014,"DQ596112"
"9318","chr15",97324089,97324124,"DQ574554"
"9319","chr15",97324276,97324309,"DQ593500"
"9320","chr15",97324404,97324445,"DQ573064"
"9321","chr15",97324516,97324559,"DQ588115"
"9322","chr15",97324894,97324938,"DQ591967"
"9323","chr15",97324966,97325011,"DQ585716"
"9324","chr15",97325018,97325075,"DQ570416"
"9325","chr15",97325380,97325418,"DQ576557"
"9326","chr15",97325484,97325529,"DQ593900"
"9327","chr15",97326075,97326105,"DQ594674"
"9328","chr15",97326307,97326353,"DQ599954"
"9329","chr15",97326678,97328846,"SPATA8"
"9330","chr15",98080196,98081456,"BC024169"
"9332","chr15",98462783,98517069,"ARRDC4"
"9333","chr15",98980391,99057611,"FAM169B"
"9335","chr15",99327654,99327732,"MIR4714"
"9336","chr15",99441844,99443610,"AF020763"
"9337","chr15",99511459,99551024,"PGPEP1L"
"9338","chr15",99571772,99574276,"AL109706"
"9339","chr15",99645285,99675801,"SYNM"
"9343","chr15",100255906,100273626,"LYSMD4"
"9344","chr15",100330361,100347132,"DNM1P46"
"9345","chr15",100340093,100340148,"DQ595494"
"9346","chr15",100348034,100379281,"DJ031154"
"9348","chr15",100605273,100607374,"AK093600"
"9349","chr15",100884662,100890923,"FLJ42289"
"9351","chr15",101098884,101100004,"BC032026"
"9352","chr15",101109428,101142445,"LINS"
"9353","chr15",101142754,101191905,"ASB7"
"9354","chr15",101390035,101404502,"LOC145757"
"9355","chr15",101420008,101456831,"ALDH1A3"
"9356","chr15",101449472,101453363,"AF198444"
"9358","chr15",101433945,101459488,"AK126286"
"9359","chr15",101715928,101792137,"CHSY1"
"9360","chr15",101811214,101817700,"SELS"
"9361","chr15",101821715,101835460,"SNRPA1"
"9362","chr15",101839861,101841742,"AK130759"
"9363","chr15",101847456,101849509,"LOC100507472"
"9365","chr15",102173180,102192594,"TM2D3"
"9366","chr15",102193955,102264645,"TARSL2"
"9367","chr15",102286121,102294722,"BC101079"
"9368","chr15",102292791,102294210,"DQ597539"
"9369","chr15",102292948,102293178,"DQ593624"
"9370","chr15",102292974,102293005,"DQ593864"
"9371","chr15",102293070,102295822,"DQ582666"
"9372","chr15",102293408,102293887,"DQ576888"
"9373","chr15",102293649,102299865,"DQ575740"
"9374","chr15",102293683,102298411,"DQ582460"
"9375","chr15",102293838,102296157,"DQ593630"
"9376","chr15",102294234,102294353,"DQ596486"
"9377","chr15",102294400,102294450,"DQ582294"
"9378","chr15",102294538,102294603,"DQ595661"
"9379","chr15",102294729,102303881,"DQ588439"
"9380","chr15",102294846,102303989,"DQ593353"
"9381","chr15",102294916,102297909,"DQ597703"
"9382","chr15",102294973,102298036,"DQ585237"
"9383","chr15",102295104,102295135,"DQ588452"
"9384","chr15",102295173,102302367,"DQ586526"
"9385","chr15",102295174,102298600,"DQ593627"
"9386","chr15",102295264,102295311,"DQ588428"
"9387","chr15",102295528,102295624,"DQ571896"
"9388","chr15",102295781,102297653,"DQ588425"
"9389","chr15",102296022,102299920,"DQ588362"
"9390","chr15",102296200,102296233,"DQ578285"
"9391","chr15",102296238,102302960,"DQ597461"
"9392","chr15",102296389,102297090,"DQ586138"
"9393","chr15",102296548,102296578,"DQ578289"
"9394","chr15",102296673,102296758,"DQ583497"
"9395","chr15",102297500,102297539,"DQ576933"
"9396","chr15",102297685,102297729,"DQ600537"
"9397","chr15",102297922,102297958,"DQ573820"
"9398","chr15",102298252,102299188,"DQ576896"
"9399","chr15",102298401,102298916,"DQ586246"
"9400","chr15",102298681,102298752,"DQ579816"
"9401","chr15",102298934,102303790,"DQ595216"
"9402","chr15",102299224,102299875,"DQ582610"
"9403","chr15",102299274,102304210,"DQ588066"
"9404","chr15",102299551,102302459,"DQ576999"
"9405","chr15",102299642,102301063,"DQ588584"
"9406","chr15",102299766,102304538,"DQ591415"
"9407","chr15",102300275,102300307,"DQ585242"
"9408","chr15",102300657,102304128,"DQ576947"
"9409","chr15",102300641,102303055,"DQ582462"
"9410","chr15",102300728,102300784,"DQ588394"
"9411","chr15",102301376,102303445,"DQ588329"
"9412","chr15",102301459,102301498,"DQ588370"
"9413","chr15",102302218,102302271,"DQ588406"
"9414","chr15",102302610,102302661,"DQ587115"
"9415","chr15",102303118,102303154,"DQ601306"
"9416","chr15",102303324,102303356,"DQ598070"
"9417","chr15",102304376,102304407,"DQ588424"
"9418","chr15",102304720,102304770,"DQ597025"
"9419","chr15",102304876,102304903,"DQ588388"
"9420","chr15",102305059,102305098,"DQ573799"
"9421","chr15",102305509,102305547,"DQ574757"
"9422","chr15",102310750,102310801,"DQ592653"
"9423","chr15",102311987,102312031,"DQ583348"
"9424","chr15",102312058,102312155,"DQ577251"
"9425","chr15",102312209,102312241,"DQ593367"
"9426","chr15",102312328,102312363,"DQ592190"
"9427","chr15",102312411,102312476,"DQ588143"
"9428","chr15",102312675,102312718,"DQ596604"
"9429","chr15",102312852,102312897,"DQ578010"
"9430","chr15",102312967,102313029,"DQ599787"
"9431","chr15",102313082,102313128,"DQ588124"
"9432","chr15",102313845,102313876,"DQ580168"
"9433","chr15",102314206,102314236,"DQ601694"
"9434","chr15",102314920,102314960,"DQ571638"
"9435","chr15",102314998,102315030,"DQ570882"
"9436","chr15",102315599,102315645,"DQ589204"
"9437","chr15",102316500,102316538,"DQ571326"
"9438","chr15",102316628,102316660,"DQ576544"
"9439","chr15",102318415,102318446,"DQ582940"
"9440","chr15",102319617,102319668,"DQ596816"
"9441","chr15",102322260,102322290,"DQ570906"
"9442","chr15",102345922,102346862,"OR4F6"
"9443","chr15",102358389,102359329,"OR4F15"
"9444","chr15",102382321,102390528,"GPCRLTM7"
"9445","chr15",102462345,102463262,"OR4F4"
"9446","chr15",102495087,102496559,"FAM138E"
"9447","chr15",102501015,102516809,"WASH3P"
"9448","chr15",102516761,102519296,"DDX11L9"
"9449","chr16",61554,64091,"DDX11L10"
"9450","chr16",72924,74939,"BC032901"
"9451","chr16",96979,103632,"POLR3K"
"9452","chr16",103828,107670,"SNRNP25"
"9453","chr16",108058,126351,"RHBDF1"
"9454","chr16",127017,135844,"MPG"
"9455","chr16",134273,188697,"NPRL3"
"9456","chr16",202853,204505,"HBZ"
"9457","chr16",215972,216768,"HBM"
"9458","chr16",222845,223710,"HBA2"
"9459","chr16",226678,227521,"HBA1"
"9460","chr16",230332,231179,"HBQ1"
"9462","chr16",284800,319943,"ITFG3"
"9463","chr16",318310,325914,"RGS11"
"9464","chr16",330605,333369,"ARHGDIG"
"9465","chr16",332614,337210,"PDIA2"
"9466","chr16",337440,402676,"AXIN1"
"9467","chr16",417384,420569,"MRPL28"
"9468","chr16",420776,431978,"TMEM8A"
"9469","chr16",432240,442961,"LOC100134368"
"9470","chr16",436662,437324,"RPL2B"
"9471","chr16",446724,450755,"NME4"
"9472","chr16",451857,462488,"DECR2"
"9473","chr16",475667,572482,"RAB11FIP3"
"9474","chr16",576847,577407,"LINC00235"
"9475","chr16",577855,604637,"SOLH"
"9476","chr16",593276,593367,"MIR3176"
"9477","chr16",610421,615530,"C16orf11"
"9478","chr16",617031,619496,"NHLRC4"
"9479","chr16",619967,634137,"PIGQ"
"9480","chr16",639356,679274,"RAB40C"
"9481","chr16",679238,684117,"AK128777"
"9482","chr16",684429,686347,"C16orf13"
"9483","chr16",686816,688621,"AK301549"
"9484","chr16",691848,698475,"FAM195A"
"9485","chr16",699362,717830,"WDR90"
"9486","chr16",718082,724175,"RHOT2"
"9487","chr16",725705,728268,"RHBDL1"
"9488","chr16",730114,732769,"STUB1"
"9489","chr16",731667,734439,"JMJD8"
"9490","chr16",734702,740400,"WDR24"
"9491","chr16",742500,755825,"FBXL16"
"9492","chr16",765172,767481,"METRN"
"9493","chr16",767618,769656,"AL360260"
"9494","chr16",771157,772591,"FAM173A"
"9495","chr16",772582,776880,"CCDC78"
"9496","chr16",776957,779716,"HAGHL"
"9497","chr16",779769,790997,"NARFL"
"9498","chr16",810764,818866,"MSLN"
"9499","chr16",820182,820278,"MIR662"
"9500","chr16",819428,832926,"MSLNL"
"9501","chr16",834974,838383,"RPUSD1"
"9502","chr16",838621,848075,"CHTF18"
"9503","chr16",848041,850733,"GNG13"
"9504","chr16",855442,863862,"PRR25"
"9506","chr16",1031807,1036980,"SOX8"
"9507","chr16",1122755,1131455,"SSTR5"
"9508","chr16",1114082,1128731,"LOC146336"
"9509","chr16",1138226,1146244,"C1QTNF8"
"9510","chr16",1203240,1271773,"CACNA1H"
"9511","chr16",1271651,1275254,"TPSG1"
"9512","chr16",1277272,1280185,"TPSB2"
"9513","chr16",1290677,1292556,"TPSAB1"
"9514","chr16",1306272,1308495,"TPSD1"
"9515","chr16",1359153,1377020,"UBE2I"
"9516","chr16",1383605,1399443,"BAIAP3"
"9517","chr16",1399241,1401873,"C16orf42"
"9518","chr16",1401899,1413353,"GNPTG"
"9519","chr16",1413206,1464705,"UNKL"
"9520","chr16",1469753,1479345,"C16orf91"
"9521","chr16",1484389,1494490,"CCDC154"
"9522","chr16",1494935,1525085,"CLCN7"
"9523","chr16",1535940,1538468,"PTX4"
"9524","chr16",1543351,1560461,"TELO2"
"9525","chr16",1578741,1605244,"TMEM204"
"9526","chr16",1603656,1604131,"BC114455"
"9528","chr16",1664640,1736696,"CRAMP1L"
"9529","chr16",1728277,1752074,"HN1L"
"9530","chr16",1756220,1820319,"MAPK8IP3"
"9531","chr16",1784985,1785068,"MIR3177"
"9532","chr16",1820321,1821710,"NME3"
"9533","chr16",1821896,1823140,"MRPS34"
"9534","chr16",1823228,1826341,"EME2"
"9535","chr16",1826713,1832581,"SPSB3"
"9536","chr16",1832932,1839193,"NUBP2"
"9537","chr16",1840414,1844909,"IGFALS"
"9538","chr16",1859104,1877195,"HAGH"
"9539","chr16",1877224,1890204,"FAHD1"
"9540","chr16",1883984,1934232,"C16orf73"
"9541","chr16",1961465,1968231,"HS3ST6"
"9542","chr16",1988234,1993294,"SEPX1"
"9543","chr16",1994580,2004679,"RPL3L"
"9544","chr16",2009516,2011977,"NDUFB10"
"9545","chr16",2012335,2012467,"SNORA10"
"9546","chr16",2012062,2014827,"RPS2"
"9547","chr16",2014996,2015506,"SNHG9"
"9548","chr16",2015184,2015312,"SNORA78"
"9549","chr16",2016874,2018977,"RNF151"
"9550","chr16",2022063,2028752,"TBL3"
"9551","chr16",2028918,2031440,"NOXO1"
"9552","chr16",2034149,2037751,"GFER"
"9553","chr16",2039945,2044277,"SYNGR3"
"9554","chr16",2047768,2059763,"ZNF598"
"9555","chr16",2069520,2070757,"NPW"
"9556","chr16",2076868,2089028,"SLC9A3R2"
"9557","chr16",2089816,2097867,"NTHL1"
"9558","chr16",2097989,2138714,"TSC2"
"9559","chr16",2140196,2140285,"MIR1225"
"9560","chr16",2138711,2185899,"PKD1"
"9561","chr16",2183119,2183206,"MIR4516"
"9562","chr16",2185978,2186130,"MIR3180-5"
"9563","chr16",2198144,2204142,"RAB26"
"9564","chr16",2205024,2205106,"SNORD60"
"9565","chr16",2205798,2228131,"TRAF7"
"9566","chr16",2227184,2246465,"CASKIN1"
"9567","chr16",2255177,2259419,"MLST8"
"9568","chr16",2259254,2261069,"C16orf79"
"9569","chr16",2261603,2264822,"PGP"
"9570","chr16",2273566,2285744,"E4F1"
"9571","chr16",2286423,2288713,"DNASE1L2"
"9572","chr16",2289873,2301602,"ECI1"
"9573","chr16",2303100,2318413,"RNPS1"
"9574","chr16",2320713,2320774,"MIR3677"
"9575","chr16",2321747,2321842,"MIR940"
"9576","chr16",2324620,2324693,"MIR4717"
"9577","chr16",2325879,2390747,"ABCA3"
"9578","chr16",2389290,2476701,"ABCA17P"
"9579","chr16",2479394,2508860,"CCNF"
"9580","chr16",2510114,2514965,"C16orf59"
"9581","chr16",2521499,2524147,"NTN3"
"9582","chr16",2525146,2570225,"TBC1D24"
"9583","chr16",2570362,2580956,"AMDHD2"
"9584","chr16",2580036,2581409,"CEMP1"
"9585","chr16",2581923,2582006,"MIR3178"
"9586","chr16",2587969,2666122,"PDPK1"
"9587","chr16",2611468,2614643,"DQ577714"
"9588","chr16",2642514,2644558,"AX748261"
"9589","chr16",2653384,2680496,"LOC652276"
"9590","chr16",2685550,2688727,"AK056253"
"9591","chr16",2688982,2696131,"FLJ42627"
"9592","chr16",2708390,2723440,"ERVK13-1"
"9593","chr16",2732494,2759032,"KCTD5"
"9594","chr16",2762423,2770552,"PRSS27"
"9595","chr16",2787077,2802601,"LOC100128788"
"9596","chr16",2802329,2821414,"SRRM2"
"9597","chr16",2821415,2827297,"TCEB2"
"9598","chr16",2833954,2836708,"PRSS33"
"9599","chr16",2848485,2855134,"PRSS41"
"9600","chr16",2867163,2871719,"PRSS21"
"9601","chr16",2880172,2882286,"ZG16B"
"9602","chr16",2889574,2892711,"PRSS30P"
"9603","chr16",2902728,2908171,"PRSS22"
"9604","chr16",2933195,2949384,"FLYWCH2"
"9605","chr16",2961979,3001210,"FLYWCH1"
"9606","chr16",3014216,3018385,"KREMEN2"
"9607","chr16",3019341,3023486,"PAQR4"
"9608","chr16",3022792,3030540,"PKMYT1"
"9609","chr16",3039054,3044511,"LINC00514"
"9610","chr16",3048955,3050815,"HM587423"
"9611","chr16",3062456,3064507,"CLDN9"
"9612","chr16",3064713,3068188,"CLDN6"
"9613","chr16",3070312,3072384,"TNFRSF12A"
"9614","chr16",3074031,3077757,"THOC6"
"9615","chr16",3072626,3074287,"HCFC1R1"
"9616","chr16",3077868,3085542,"CCDC64B"
"9617","chr16",3087251,3109336,"BC045731"
"9618","chr16",3096681,3110725,"MMP25"
"9619","chr16",3115312,3119669,"IL32"
"9620","chr16",3138895,3149293,"ZSCAN10"
"9621","chr16",3160461,3165599,"MGC3771"
"9622","chr16",3162562,3170519,"ZNF205"
"9623","chr16",3178835,3182043,"BC013599"
"9624","chr16",3185056,3192806,"ZNF213"
"9625","chr16",3194219,3199965,"CASP14L"
"9626","chr16",3254246,3255186,"OR1F1"
"9627","chr16",3265561,3266547,"OR1F2P"
"9628","chr16",3272325,3285457,"ZNF200"
"9629","chr16",3292028,3306627,"MEFV"
"9630","chr16",3313767,3317567,"FLJ39639"
"9631","chr16",3313799,3351401,"ZNF263"
"9632","chr16",3348808,3355439,"TIGD7"
"9633","chr16",3355432,3368577,"ZNF75A"
"9634","chr16",3405888,3406925,"OR2C1"
"9635","chr16",3421053,3422283,"MTRNR2L4"
"9636","chr16",3432085,3451025,"ZNF434"
"9637","chr16",3451189,3459365,"ZNF174"
"9638","chr16",3486110,3493490,"ZNF597"
"9639","chr16",3493667,3536964,"NAA60"
"9640","chr16",3543484,3545421,"C16orf90"
"9641","chr16",3550962,3587670,"CLUAP1"
"9642","chr16",3583437,3584255,"BC141902"
"9643","chr16",3589036,3627392,"NLRC3"
"9644","chr16",3631184,3661585,"SLX4"
"9645","chr16",3702939,3708097,"DNASE1"
"9646","chr16",3710742,3715459,"BC095475"
"9647","chr16",3708038,3767598,"TRAP1"
"9650","chr16",4239375,4292081,"SRL"
"9651","chr16",4295826,4303790,"LOC100507501"
"9652","chr16",4307187,4323001,"TFAP4"
"9653","chr16",4382215,4389599,"GLIS2"
"9654","chr16",4390252,4401373,"PAM16"
"9655","chr16",4421848,4433530,"VASN"
"9656","chr16",4407376,4466962,"CORO7-PAM16"
"9657","chr16",4404543,4465898,"CORO7"
"9658","chr16",4475805,4506776,"DNAJA3"
"9659","chr16",4511695,4524896,"NMRAL1"
"9660","chr16",4524718,4560349,"HMOX2"
"9661","chr16",4560677,4588816,"C16orf5"
"9662","chr16",4606490,4650319,"C16orf96"
"9663","chr16",4662083,4664869,"AK055785"
"9664","chr16",4658884,4664927,"FAM100A"
"9665","chr16",4674824,4740976,"MGRN1"
"9666","chr16",4684330,4690624,"AX748066"
"9667","chr16",4743693,4745861,"NUDT16L1"
"9668","chr16",4746511,4784378,"ANKS3"
"9669","chr16",4784288,4799398,"C16orf71"
"9670","chr16",4800815,4817166,"ZNF500"
"9671","chr16",4838397,4846493,"LOC440335"
"9672","chr16",4827615,4838522,"SEPT12"
"9673","chr16",4846969,4852674,"ROGDI"
"9674","chr16",4853204,4897303,"GLYR1"
"9675","chr16",4896665,4932364,"UBN1"
"9676","chr16",4932508,4987136,"PPL"
"9677","chr16",5008317,5069157,"SEC14L5"
"9678","chr16",5074845,5083942,"NAGPA"
"9679","chr16",5083702,5092969,"LOC100507589"
"9680","chr16",5094123,5116146,"C16orf89"
"9681","chr16",5121809,5137381,"ALG1"
"9682","chr16",5134301,5147789,"FAM86A"
"9685","chr16",8619502,8622226,"TMEM114"
"9686","chr16",8715526,8740080,"METTL22"
"9687","chr16",8740037,8743497,"BX537921"
"9689","chr16",8889037,8891505,"TMEM186"
"9690","chr16",8891669,8943195,"PMM2"
"9691","chr16",8946802,8962863,"CARHSP1"
"9692","chr16",8985951,9057341,"USP7"
"9693","chr16",9185536,9213556,"C16orf72"
"9694","chr16",9202200,9205959,"AK057657"
"9695","chr16",9328773,9328804,"MIR548X"
"9697","chr16",10479911,10577496,"ATF7IP2"
"9698","chr16",10622279,10674539,"EMP2"
"9699","chr16",10721361,10788802,"TEKT5"
"9700","chr16",10837697,10863209,"NUBP1"
"9701","chr16",10855083,10912621,"FAM18A"
"9702","chr16",10971054,11018841,"CIITA"
"9703","chr16",11029866,11031993,"AX748339"
"9704","chr16",11022748,11036257,"DEXI"
"9707","chr16",11348274,11350039,"SOCS1"
"9708","chr16",11361714,11363160,"TNP2"
"9709","chr16",11367144,11367452,"PRM3"
"9710","chr16",11369493,11370337,"PRM2"
"9711","chr16",11374693,11375192,"PRM1"
"9712","chr16",11536047,11585611,"AK126539"
"9713","chr16",11641578,11681322,"LITAF"
"9714","chr16",11762288,11773016,"SNN"
"9715","chr16",11772943,11836648,"TXNDC11"
"9716","chr16",11844442,11891114,"ZC3H7A"
"9717","chr16",11913692,11922689,"BCAR4"
"9718","chr16",11928055,11945442,"RSL1D1"
"9719","chr16",11961985,12010519,"GSPT1"
"9720","chr16",12058963,12061926,"TNFRSF17"
"9722","chr16",12814177,12814229,"MIR4718"
"9725","chr16",13821946,13822026,"JA611291"
"9726","chr16",14014013,14046206,"ERCC4"
"9727","chr16",14112737,14114934,"BC039386"
"9729","chr16",14358454,14360637,"BC020644"
"9730","chr16",14397823,14397907,"MIR193B"
"9731","chr16",14403141,14403229,"MIR365A"
"9733","chr16",14726667,14763094,"BFAR"
"9734","chr16",14766405,14788526,"PLA2G10"
"9736","chr16",14916289,14918559,"ABCC6P2"
"9737","chr16",14927642,14990015,"NOMO1"
"9741","chr16",15019860,15023487,"FLJ00322"
"9743","chr16",15131715,15149833,"NTAN1"
"9744","chr16",15153879,15188158,"RRN3"
"9745","chr16",15198370,15229270,"FLJ00285"
"9746","chr16",15248707,15248859,"MIR3180-4"
"9747","chr16",15459058,15459082,"DQ599532"
"9748","chr16",15489610,15503544,"MPV17L"
"9750","chr16",15688226,15737023,"KIAA0430"
"9751","chr16",15737123,15820209,"NDE1"
"9752","chr16",15737150,15737230,"MIR484"
"9753","chr16",15815493,15818992,"AX747846"
"9755","chr16",15959577,15982447,"FOPNL"
"9757","chr16",16243422,16317328,"ABCC6"
"9758","chr16",16326388,16388669,"NOMO3"
"9759","chr16",16414508,16438310,"PKD1P1"
"9762","chr16",17431654,17432716,"AX747757"
"9764","chr16",18437721,18444915,"AK304826"
"9765","chr16",18451951,18473188,"LOC339047"
"9766","chr16",18511182,18573434,"NOMO2"
"9767","chr16",18582569,18609608,"ABCC6P1"
"9768","chr16",18794277,18801656,"RPS15A"
"9769","chr16",18802991,18812857,"ARL6IP1"
"9770","chr16",18819100,18822682,"AK123332"
"9772","chr16",18995255,19075263,"TMC7"
"9773","chr16",19078916,19091418,"COQ7"
"9774","chr16",19125253,19132953,"ITPRIPL2"
"9775","chr16",19179637,19278555,"SYT17"
"9776","chr16",19297100,19315721,"UNQ5810"
"9777","chr16",19421860,19510435,"TMC5"
"9778","chr16",19513015,19533450,"GDE1"
"9779","chr16",19535178,19564729,"CCP110"
"9782","chr16",19717674,19729492,"C16orf88"
"9783","chr16",19869820,19896832,"GPRC5B"
"9784","chr16",20043043,20085100,"GPR139"
"9785","chr16",20321811,20338835,"GP2"
"9786","chr16",20344373,20364037,"UMOD"
"9787","chr16",20370492,20416033,"PDILT"
"9788","chr16",20420855,20452282,"ACSM5"
"9789","chr16",20462858,20498992,"ACSM2A"
"9790","chr16",20499023,20500982,"AX747287"
"9791","chr16",20548083,20587695,"ACSM2B"
"9792","chr16",20603668,20603695,"DQ576448"
"9793","chr16",20634559,20709066,"ACSM1"
"9794","chr16",20744986,20753199,"THUMPD1"
"9795","chr16",20775311,20808480,"ACSM3"
"9796","chr16",20817766,20860991,"LOC81691"
"9798","chr16",20911556,20936329,"LYRM1"
"9800","chr16",21169911,21191938,"TMEM159"
"9801","chr16",21208773,21223067,"ZP2"
"9802","chr16",21245015,21263751,"ANKS4B"
"9803","chr16",21250195,21314404,"CRYM"
"9804","chr16",21312169,21329913,"CRYM-AS1"
"9805","chr16",21360683,21397255,"RUNDC2B"
"9808","chr16",21415569,21416918,"AK303572"
"9811","chr16",21443345,21445776,"LOC100190986"
"9814","chr16",21610855,21668793,"METTL9"
"9815","chr16",21652605,21663987,"IGSF6"
"9816","chr16",21689834,21772051,"OTOA"
"9817","chr16",21807951,21831731,"RRN3P1"
"9818","chr16",21875623,21877693,"DQ598910"
"9819","chr16",21890600,21900501,"DKFZp779K0112"
"9821","chr16",21915444,21930477,"DKFZp547E087"
"9822","chr16",21964608,21994669,"UQCRC2"
"9823","chr16",21995186,22012431,"PDZD9"
"9824","chr16",22018958,22098853,"C16orf52"
"9825","chr16",22090347,22092815,"AF086126"
"9826","chr16",22103862,22168288,"VWA3A"
"9827","chr16",22217591,22300067,"EEF2K"
"9828","chr16",22308740,22345344,"POLR3E"
"9829","chr16",22357257,22385938,"CDR2"
"9830","chr16",22448328,22503542,"LOC641298"
"9831","chr16",22430867,22449036,"RRN3P3"
"9832","chr16",22517267,22517295,"DQ584116"
"9833","chr16",22545696,22547090,"DQ576951"
"9834","chr16",22557018,22588187,"LOC653786"
"9835","chr16",22729602,22803363,"MIR548D2"
"9836","chr16",22729603,22803363,"MIR548AA2"
"9838","chr16",23072728,23160591,"USP31"
"9839","chr16",23194039,23228201,"SCNN1G"
"9840","chr16",23313590,23392621,"SCNN1B"
"9841","chr16",23457786,23458603,"BC062350"
"9842","chr16",23399814,23464512,"COG7"
"9843","chr16",23474863,23521815,"GGA2"
"9844","chr16",23533334,23568696,"EARS2"
"9845","chr16",23568861,23585711,"UBFD1"
"9846","chr16",23583734,23585712,"BC007880"
"9847","chr16",23592335,23607639,"NDUFAB1"
"9848","chr16",23614483,23652678,"PALB2"
"9849","chr16",23652686,23685069,"DCTN5"
"9850","chr16",23690200,23701689,"PLK1"
"9851","chr16",23701626,23724821,"ERN2"
"9852","chr16",23765947,23770257,"CHP2"
"9855","chr16",24549013,24584184,"RBBP6"
"9856","chr16",24551499,24552505,"AF063596"
"9857","chr16",24586235,24586265,"DQ573285"
"9858","chr16",24672743,24682383,"AK127191"
"9859","chr16",24741048,24837548,"TNRC6A"
"9860","chr16",24857315,24922945,"SLC5A11"
"9861","chr16",24930719,24932404,"AF258560"
"9862","chr16",24930712,25026675,"ARHGAP17"
"9863","chr16",25013691,25013720,"DQ583809"
"9864","chr16",25043061,25044099,"LOC554206"
"9865","chr16",25078257,25080276,"BC023651"
"9866","chr16",25081004,25081036,"DQ589737"
"9867","chr16",25081124,25081155,"DQ598334"
"9868","chr16",25081175,25081239,"DQ598207"
"9869","chr16",25081658,25081726,"DQ590011"
"9870","chr16",25083071,25083106,"DQ581863"
"9871","chr16",25083137,25083168,"DQ579263"
"9872","chr16",25083230,25083273,"DQ598724"
"9873","chr16",25083319,25083665,"DQ583840"
"9874","chr16",25083675,25083710,"DQ595581"
"9875","chr16",25083731,25083795,"DQ598345"
"9876","chr16",25083812,25083863,"DQ573186"
"9877","chr16",25084430,25084473,"DQ591690"
"9878","chr16",25123046,25189552,"LCMT1"
"9879","chr16",25151892,25160353,"LOC100506655"
"9880","chr16",25228284,25240254,"AQP8"
"9881","chr16",25247322,25268855,"ZKSCAN2"
"9883","chr16",27078218,27080488,"C16orf82"
"9884","chr16",27214806,27233090,"JMJD5"
"9885","chr16",27279525,27301790,"FLJ21408"
"9886","chr16",27236315,27280113,"NSMCE1"
"9887","chr16",27280189,27282881,"AK025061"
"9888","chr16",27325250,27376100,"IL4R"
"9889","chr16",27413482,27463364,"IL21R"
"9890","chr16",27458991,27464714,"LOC283888"
"9891","chr16",27471934,27561251,"GTF3C1"
"9895","chr16",28296206,28303385,"AX746995"
"9896","chr16",28303839,28335171,"SBK1"
"9899","chr16",28732575,28747054,"EIF3C"
"9900","chr16",28477974,28503623,"CLN3"
"9901","chr16",28505969,28510292,"APOBR"
"9902","chr16",28510683,28518155,"IL27"
"9903","chr16",28548662,28550495,"NUPR1"
"9904","chr16",28565248,28603112,"CCDC101"
"9905","chr16",28603264,28608391,"SULT1A2"
"9906","chr16",28616908,28634907,"SULT1A1"
"9907","chr16",28814096,28829150,"AK125489"
"9908","chr16",28834413,28848559,"ATXN2L"
"9909","chr16",28855240,28855328,"MIR4721"
"9910","chr16",28853732,28857729,"TUFM"
"9911","chr16",28858009,28885535,"SH2B1"
"9912","chr16",28889808,28915831,"ATP2A1"
"9913","chr16",28915742,28936532,"RABEP2"
"9914","chr16",28943259,28950669,"CD19"
"9915","chr16",28962127,28977768,"NFATC2IP"
"9916","chr16",28969903,28969983,"MIR4517"
"9917","chr16",28986095,28996839,"SPNS1"
"9918","chr16",28995525,29002105,"LAT"
"9919","chr16",29086162,29128039,"RRN3P2"
"9920","chr16",29114978,29119032,"AK075019"
"9922","chr16",29394278,29395580,"AF072097"
"9923","chr16",29439632,29450024,"AK096982"
"9931","chr16",29674299,29681824,"SPN"
"9932","chr16",29690440,29709315,"QPRT"
"9933","chr16",29756599,29761151,"BC041466"
"9934","chr16",29753786,29757340,"C16orf54"
"9935","chr16",29789560,29792970,"ZG16"
"9936","chr16",29802057,29816707,"KIF22"
"9937","chr16",29817426,29822505,"MAZ"
"9938","chr16",29818810,29822878,"AB209061"
"9939","chr16",29819966,29823306,"AK097472"
"9940","chr16",29823408,29827203,"PRRT2"
"9941","chr16",29827527,29833817,"C16orf53"
"9942","chr16",29831714,29859361,"MVP"
"9943","chr16",29829311,29832541,"BC029255"
"9944","chr16",29869678,29874578,"CDIPT"
"9945","chr16",29875003,29879375,"LOC440356"
"9946","chr16",29882480,29910585,"SEZ6L2"
"9947","chr16",29912146,29930954,"ASPHD1"
"9948","chr16",29917661,29937545,"KCTD13"
"9949","chr16",29952205,29984374,"TMEM219"
"9950","chr16",29985187,30003583,"TAOK2"
"9951","chr16",30003642,30007417,"HIRIP3"
"9952","chr16",30007530,30017113,"INO80E"
"9953","chr16",30016835,30024843,"DOC2A"
"9954","chr16",30034654,30036024,"C16orf92"
"9955","chr16",30035748,30042186,"FAM57B"
"9956","chr16",30043986,30047851,"AK097527"
"9957","chr16",30064410,30081742,"ALDOA"
"9958","chr16",30087349,30096696,"PPP4C"
"9959","chr16",30097115,30103208,"TBX6"
"9960","chr16",30103635,30107537,"YPEL3"
"9961","chr16",30107750,30116778,"AK097453"
"9962","chr16",30116131,30124878,"GDPD3"
"9963","chr16",30125432,30125827,"NR_027081"
"9964","chr16",30125426,30134630,"MAPK3"
"9965","chr16",30194730,30200398,"CORO1A"
"9966","chr16",30235667,30237017,"AK303607"
"9967","chr16",30234350,30257122,"LOC613037"
"9968","chr16",30278914,30346695,"LOC595101"
"9969","chr16",30362087,30366682,"CD2BP2"
"9970","chr16",30368422,30381522,"TBC1D10B"
"9971","chr16",30386122,30389311,"MYLPF"
"9972","chr16",30389632,30411430,"ZNF48"
"9973","chr16",30389454,30394171,"SEPT1"
"9974","chr16",30418734,30440921,"ZNF771"
"9975","chr16",30435019,30441373,"DCTPP1"
"9976","chr16",30454952,30457224,"SEPHS2"
"9977","chr16",30483982,30534507,"ITGAL"
"9978","chr16",30515239,30515323,"MIR4518"
"9979","chr16",30535322,30546219,"ZNF768"
"9980","chr16",30542779,30546194,"ZNF747"
"9981","chr16",30546393,30548466,"AK056973"
"9982","chr16",30565085,30569642,"ZNF764"
"9983","chr16",30583575,30595169,"ZNF785"
"9984","chr16",30581019,30583728,"ZNF688"
"9985","chr16",30614700,30621682,"ZNF689"
"9986","chr16",30662240,30667735,"PRR14"
"9987","chr16",30671242,30682132,"FBRS"
"9988","chr16",30709913,30755602,"SRCAP"
"9989","chr16",30759619,30772498,"PHKG2"
"9990","chr16",30768744,30773565,"C16orf93"
"9991","chr16",30772932,30787629,"RNF40"
"9992","chr16",30789770,30798523,"ZNF629"
"9993","chr16",30886587,30886644,"MIR4519"
"9994","chr16",30887232,30906540,"BC073928"
"9995","chr16",30905223,30905307,"MIR762"
"9996","chr16",30846270,30905399,"BCL7C"
"9997","chr16",30907927,30914882,"CTF1"
"9998","chr16",30934391,30960105,"FBXL19"
"9999","chr16",30930640,30934590,"FBXL19-AS1"
"10000","chr16",30960404,30966260,"ORAI3"
"10001","chr16",30968614,30995982,"SETD1A"
"10002","chr16",30996518,31000474,"HSD3B7"
"10003","chr16",31000577,31021829,"STX1B"
"10004","chr16",31044415,31051486,"STX4"
"10005","chr16",31053031,31054277,"BC039500"
"10006","chr16",31072164,31085641,"ZNF668"
"10007","chr16",31085742,31094834,"ZNF646"
"10008","chr16",31094745,31106276,"PRSS53"
"10009","chr16",31119661,31124113,"BCKDK"
"10010","chr16",31128984,31142715,"KAT8"
"10011","chr16",31142754,31147151,"PRSS8"
"10012","chr16",31150248,31161415,"PRSS36"
"10013","chr16",31191430,31206193,"FUS"
"10014","chr16",31198078,31198158,"TLS/FUS-ERG"
"10015","chr16",31212807,31214097,"PYCARD"
"10016","chr16",31225341,31237831,"TRIM72"
"10017","chr16",31227283,31228395,"PYDC1"
"10018","chr16",31271287,31344214,"ITGAM"
"10019","chr16",31336561,31336726,"DL489986"
"10020","chr16",31366508,31394319,"ITGAX"
"10021","chr16",31404632,31437827,"ITGAD"
"10022","chr16",31439052,31439749,"COX6A2"
"10023","chr16",31446885,31454348,"ZNF843"
"10024","chr16",31469593,31478489,"ARMC5"
"10025","chr16",31483475,31489282,"TGFB1I1"
"10026","chr16",31494438,31502092,"SLC5A2"
"10027","chr16",31498517,31519706,"C16orf58"
"10028","chr16",31539202,31540125,"AHSP"
"10029","chr16",31579088,31580845,"CSDAP1"
"10030","chr16",31711933,31718746,"KIAA0664L3"
"10031","chr16",31724549,31772887,"ZNF720"
"10032","chr16",31819168,31820174,"FKSG46"
"10033","chr16",31885078,31928628,"ZNF267"
"10035","chr16",32077569,32077675,"VHDJH"
"10036","chr16",32162609,32163874,"HERC2P4"
"10038","chr16",32264649,32267244,"LOC729264"
"10039","chr16",32274229,32276669,"BC042588"
"10041","chr16",32684849,32688053,"TP53TG3C"
"10044","chr16",32888797,32896463,"SLC6A10P"
"10045","chr16",33204979,33264720,"TP53TG3B"
"10046","chr16",33784510,33786529,"BC068290"
"10047","chr16",33961676,33961697,"JA682656"
"10048","chr16",33961052,33962503,"LINC00273"
"10049","chr16",34403802,34404762,"UBE2MP1"
"10050","chr16",34597786,34626085,"LOC283914"
"10051","chr16",34711785,34714967,"LOC146481"
"10052","chr16",34739459,34740840,"LOC100130700"
"10053","chr16",34980922,34990996,"FLJ26245"
"10054","chr16",46503249,46603009,"ANKRD26P1"
"10055","chr16",46614468,46655311,"SHCBP1"
"10056","chr16",46693589,46723144,"VPS35"
"10057","chr16",46723557,46732307,"ORC6"
"10058","chr16",46736194,46797158,"MYLK3"
"10059","chr16",46835959,46865074,"C16orf87"
"10060","chr16",46918307,46965202,"GPT2"
"10061","chr16",46989274,47007625,"DNAJA2"
"10062","chr16",47115431,47177936,"NETO2"
"10065","chr16",47883225,47921041,"BC048130"
"10066","chr16",48116884,48189929,"ABCC12"
"10067","chr16",48200822,48281479,"ABCC11"
"10070","chr16",48389595,48396911,"LOC100507577"
"10071","chr16",48395659,48396340,"SIAH1"
"10072","chr16",48572637,48644120,"N4BP1"
"10073","chr16",49311829,49315742,"CBLN1"
"10074","chr16",49407807,49433320,"C16orf78"
"10076","chr16",50059188,50071000,"TMEM188"
"10077","chr16",50099880,50139376,"HEATR3"
"10078","chr16",50139751,50140298,"AF086132"
"10079","chr16",50186828,50269220,"PAPD5"
"10080","chr16",50300461,50352044,"ADCY7"
"10081","chr16",50352929,50402845,"BRD7"
"10082","chr16",50582240,50674772,"NKD1"
"10083","chr16",50702765,50705551,"AF143871"
"10084","chr16",50700211,50715264,"SNX20"
"10085","chr16",50727513,50766988,"NOD2"
"10086","chr16",50775960,50835847,"CYLD"
"10087","chr16",51169886,51185183,"SALL1"
"10088","chr16",52060264,52107847,"LOC388276"
"10089","chr16",52116977,52119021,"LOC100505619"
"10091","chr16",52585999,52640887,"LOC643714"
"10093","chr16",53403274,53405041,"LOC643802"
"10094","chr16",53468350,53525561,"RBL2"
"10095","chr16",53525192,53537170,"AKTIP"
"10098","chr16",54317212,54320378,"IRX3"
"10099","chr16",54952778,54963079,"CRNDE"
"10100","chr16",54965110,54968396,"IRX5"
"10101","chr16",55358470,55364673,"IRX6"
"10102","chr16",55513080,55540587,"MMP2"
"10103","chr16",55542912,55620583,"LPCAT2"
"10104","chr16",55600583,55601593,"CAPNS2"
"10105","chr16",55689541,55740105,"SLC6A2"
"10106","chr16",55758836,55784124,"CES1P2"
"10107","chr16",55794510,55808827,"CES1P1"
"10108","chr16",55836764,55867075,"CES1"
"10110","chr16",56126899,56225006,"LOC283856"
"10112","chr16",56226529,56228437,"DKFZP434H168"
"10113","chr16",56279431,56279536,"MIR3935"
"10114","chr16",56395364,56459444,"AMFR"
"10115","chr16",56463048,56485261,"NUDT21"
"10116","chr16",56485423,56511408,"OGFOD1"
"10117","chr16",56518259,56554008,"BBS2"
"10118","chr16",56598960,56602870,"MT4"
"10119","chr16",56623266,56625001,"MT3"
"10120","chr16",56623447,56624998,"BC047694"
"10121","chr16",56642477,56643410,"MT2A"
"10122","chr16",56651372,56652731,"MT1L"
"10123","chr16",56659584,56661025,"MT1E"
"10124","chr16",56666533,56667899,"MT1M"
"10125","chr16",56669650,56670999,"MT1JP"
"10126","chr16",56672577,56674000,"MT1A"
"10127","chr16",56677598,56678854,"MT1DP"
"10128","chr16",56685810,56687117,"MT1B"
"10129","chr16",56691854,56693216,"MT1F"
"10130","chr16",56700653,56701977,"MT1G"
"10131","chr16",56703725,56705042,"MT1H"
"10132","chr16",56709648,56711654,"MT1IP"
"10133","chr16",56710043,56711677,"MTE"
"10134","chr16",56716381,56718109,"MT1X"
"10136","chr16",56892429,56892514,"MIR138-2"
"10137","chr16",56899118,56949763,"SLC12A3"
"10138","chr16",56965747,56977794,"HERPUD1"
"10139","chr16",56995834,57017757,"CETP"
"10140","chr16",57023458,57117437,"NLRC5"
"10141","chr16",57126454,57181879,"CPNE2"
"10142","chr16",57186378,57219976,"FAM192A"
"10143","chr16",57220240,57272948,"RSPRY1"
"10144","chr16",57279037,57287546,"ARL2BP"
"10145","chr16",57290009,57318584,"PLLP"
"10146","chr16",57392694,57400103,"CCL22"
"10147","chr16",57406413,57418957,"CX3CL1"
"10148","chr16",57438678,57449975,"CCL17"
"10149","chr16",57462087,57481369,"CIAPIN1"
"10150","chr16",57481336,57495188,"COQ9"
"10151","chr16",57496550,57505922,"POLR2C"
"10152","chr16",57505870,57520385,"DOK4"
"10153","chr16",57546090,57570477,"CCDC102A"
"10154","chr16",57576566,57611101,"GPR114"
"10155","chr16",57653649,57698945,"GPR56"
"10156","chr16",57702156,57723291,"GPR97"
"10157","chr16",57728712,57765368,"CCDC135"
"10158","chr16",57769659,57791163,"KATNB1"
"10160","chr16",57847635,57850851,"AF452719"
"10161","chr16",57916244,58005020,"CNGB1"
"10162","chr16",58010338,58022018,"TEPP"
"10163","chr16",58028573,58033762,"ZNF319"
"10164","chr16",58035276,58055528,"C16orf57"
"10165","chr16",58059281,58080805,"MMP15"
"10166","chr16",58147497,58163296,"C16orf80"
"10167","chr16",58193455,58196376,"BC053935"
"10168","chr16",58191812,58231782,"CSNK2A2"
"10169","chr16",58283839,58317735,"CCDC113"
"10170","chr16",58313901,58328951,"PRSS54"
"10171","chr16",58426297,58440049,"GINS3"
"10172","chr16",58497548,58547524,"NDRG4"
"10173","chr16",58549382,58554432,"SETD6"
"10175","chr16",58582403,58582537,"SNORA46"
"10176","chr16",58700298,58718674,"SLC38A7"
"10177","chr16",58741035,58768246,"GOT2"
"10178","chr16",59788045,59789095,"LOC644649"
"10180","chr16",65015026,65017130,"AK021537"
"10183","chr16",65420322,65420381,"JA536067"
"10184","chr16",66400524,66438690,"CDH5"
"10185","chr16",66442426,66446039,"AK056683"
"10186","chr16",66461199,66527433,"BEAN1"
"10187","chr16",66503747,66584315,"TK2"
"10188","chr16",66586465,66600191,"CKLF"
"10189","chr16",66600293,66602789,"CMTM1"
"10190","chr16",66613350,66622178,"CMTM2"
"10191","chr16",66637934,66647796,"CMTM3"
"10192","chr16",66649945,66654509,"DQ577440"
"10193","chr16",66648653,66730610,"CMTM4"
"10194","chr16",66754799,66785525,"DYNC1LI2"
"10195","chr16",66788879,66835523,"CCDC79"
"10196","chr16",66836781,66864879,"NAE1"
"10197","chr16",66878281,66888050,"CA7"
"10198","chr16",66875336,66887351,"AF086125"
"10199","chr16",66914382,66925003,"PDP2"
"10200","chr16",66942025,66952887,"CDH16"
"10201","chr16",66955582,66959439,"RRAD"
"10202","chr16",66965958,66968320,"FAM96B"
"10203","chr16",66968346,66978995,"CES2"
"10204","chr16",66995131,67009053,"CES3"
"10205","chr16",67022491,67043660,"CES4A"
"10206","chr16",67063049,67134959,"CBFB"
"10207","chr16",67143865,67182443,"C16orf70"
"10208","chr16",67183118,67184868,"BC007896"
"10209","chr16",67182005,67184902,"B3GNT9"
"10210","chr16",67188089,67193812,"TRADD"
"10211","chr16",67193890,67198078,"FBXL8"
"10212","chr16",67197287,67203849,"HSF4"
"10213","chr16",67204404,67209644,"NOL3"
"10214","chr16",67209505,67217943,"KIAA0895L"
"10215","chr16",67213333,67224107,"EXOC3L1"
"10216","chr16",67226067,67232822,"E2F4"
"10217","chr16",67233027,67237928,"ELMO3"
"10218","chr16",67236224,67236298,"MIR328"
"10219","chr16",67241042,67260901,"LRRC29"
"10220","chr16",67261015,67263183,"TMEM208"
"10221","chr16",67263292,67281425,"FHOD1"
"10222","chr16",67282854,67306095,"SLC9A5"
"10223","chr16",67295830,67297688,"AK021876"
"10224","chr16",67311412,67323404,"PLEKHG4"
"10225","chr16",67323393,67360661,"KCTD19"
"10226","chr16",67360746,67419110,"LRRC36"
"10227","chr16",67423712,67427421,"TPPP3"
"10228","chr16",67428322,67450339,"ZDHHC1"
"10229","chr16",67465035,67471455,"HSD11B2"
"10230","chr16",67471917,67515089,"ATP6V0D1"
"10231","chr16",67516474,67517716,"AGRP"
"10232","chr16",67562716,67580692,"FAM65A"
"10233","chr16",67596309,67673089,"CTCF"
"10234","chr16",67679029,67691473,"RLTPR"
"10235","chr16",67686890,67686955,"DL491203"
"10236","chr16",67691415,67694718,"ACD"
"10237","chr16",67694850,67696682,"PARD6A"
"10238","chr16",67696850,67700628,"C16orf48"
"10239","chr16",67700716,67702662,"C16orf86"
"10240","chr16",67708437,67711387,"AX747090"
"10241","chr16",67708436,67753273,"GFOD2"
"10242","chr16",67757005,67840555,"RANBP10"
"10243","chr16",67840976,67861972,"TSNAXIP1"
"10244","chr16",67862060,67881361,"CENPT"
"10245","chr16",67876212,67878099,"THAP11"
"10246","chr16",67880818,67905220,"NUTF2"
"10247","chr16",67906925,67918418,"EDC4"
"10248","chr16",67916363,67920271,"AK125818"
"10249","chr16",67918780,67920272,"NRN1L"
"10250","chr16",67927174,67963582,"PSKH1"
"10251","chr16",67963473,67965778,"CTRL"
"10252","chr16",67964629,67970780,"PSMB10"
"10253","chr16",67973787,67978015,"LCAT"
"10254","chr16",67977377,68003095,"SLC12A4"
"10255","chr16",68009566,68014452,"DPEP3"
"10256","chr16",68021293,68034489,"DPEP2"
"10257","chr16",68057203,68113185,"DUS2L"
"10258","chr16",68055177,68057770,"DDX28"
"10260","chr16",68262450,68270136,"ESRP2"
"10261","chr16",68279246,68294962,"PLA2G15"
"10262","chr16",68298418,68335727,"SLC7A6"
"10263","chr16",68334518,68344868,"SLC7A6OS"
"10264","chr16",68344876,68391170,"PRMT7"
"10265","chr16",68392230,68482409,"SMPD3"
"10266","chr16",68564047,68601040,"ZFP90"
"10267","chr16",68678150,68732958,"CDH3"
"10268","chr16",68771194,68869445,"CDH1"
"10270","chr16",69139466,69152620,"HAS3"
"10271","chr16",69151912,69166493,"CHTF8"
"10272","chr16",69166498,69202938,"CIRH1A"
"10274","chr16",69345286,69358947,"VPS4A"
"10275","chr16",69362524,69364498,"PDF"
"10276","chr16",69373414,69377014,"NIP7"
"10277","chr16",69377149,69385712,"TMED6"
"10278","chr16",69389464,69419874,"TERF2"
"10279","chr16",69458497,69500168,"CYB5B"
"10280","chr16",69599711,69599771,"MIR1538"
"10282","chr16",69743304,69760533,"NQO1"
"10283","chr16",69775774,69788829,"NOB1"
"10285","chr16",69966983,69967084,"MIR140"
"10287","chr16",70010202,70099851,"PDXDC2P"
"10288","chr16",70064248,70064326,"MIR1972-1"
"10289","chr16",70147528,70195185,"PDPR"
"10290","chr16",70191543,70195187,"DKFZp686D16130"
"10291","chr16",70192860,70207351,"AK096066"
"10292","chr16",70253484,70259936,"LOC729513"
"10293","chr16",70263707,70269272,"AK308867"
"10294","chr16",70284134,70285833,"EXOSC6"
"10295","chr16",70286297,70323412,"AARS"
"10296","chr16",70328699,70407282,"DDX19B"
"10297","chr16",70349543,70380650,"LOC100506083"
"10298","chr16",70380790,70382532,"AK125701"
"10299","chr16",70380823,70404289,"DDX19A"
"10300","chr16",70413338,70472991,"ST3GAL2"
"10301","chr16",70488497,70514178,"FUK"
"10302","chr16",70514472,70557457,"COG4"
"10303","chr16",70557690,70611572,"SF3B3"
"10304","chr16",70563401,70563503,"SNORD111B"
"10305","chr16",70571907,70572002,"SNORD111"
"10306","chr16",70613797,70694586,"IL34"
"10307","chr16",70695107,70719954,"MTSS1L"
"10308","chr16",70721344,70724952,"AK128439"
"10310","chr16",70788962,70807155,"LOC100130894"
"10311","chr16",70802884,70804124,"BC033164"
"10313","chr16",71316203,71323513,"FTSJD1"
"10314","chr16",71392615,71424343,"CALB2"
"10315","chr16",71481503,71523217,"ZNF23"
"10316","chr16",71496180,71499845,"AK123826"
"10317","chr16",71507976,71523254,"ZNF19"
"10318","chr16",71560022,71572494,"CHST4"
"10319","chr16",71589390,71589413,"JA374918"
"10320","chr16",71600754,71610998,"TAT"
"10321","chr16",71660069,71675869,"MARVELD3"
"10322","chr16",71678831,71681261,"KIAA0931"
"10323","chr16",71671738,71757715,"PHLPP2"
"10324","chr16",71732470,71732604,"SNORA70D"
"10325","chr16",71762905,71842976,"AP1G1"
"10326","chr16",71792305,71792390,"SNORD71"
"10327","chr16",71879898,71919175,"ATXN1L"
"10328","chr16",71893583,71918093,"ZNF821"
"10329","chr16",71924471,71962907,"IST1"
"10330","chr16",71963441,72033877,"PKD1L3"
"10331","chr16",72042642,72059317,"DHODH"
"10332","chr16",72088507,72094956,"HP"
"10333","chr16",72097124,72111146,"HPR"
"10334","chr16",72072001,72128215,"TXNL4B"
"10335","chr16",72127614,72146812,"DHX38"
"10336","chr16",72152996,72206349,"PMFBP1"
"10337","chr16",72459846,72462788,"AK055364"
"10341","chr16",73126247,73127673,"HTA"
"10342","chr16",73420703,73455296,"LOC100506172"
"10343","chr16",74226291,74249420,"BC043527"
"10344","chr16",74330672,74340187,"PSMD7"
"10345","chr16",74366304,74402153,"LOC283922"
"10346","chr16",74411870,74425978,"NPIPL2"
"10347","chr16",74442529,74455649,"CLEC18B"
"10349","chr16",74655297,74700779,"RFWD3"
"10350","chr16",74705753,74734789,"MLKL"
"10351","chr16",74746856,74808729,"FA2H"
"10354","chr16",75145758,75150670,"LDHD"
"10355","chr16",75182420,75206133,"ZFP1"
"10356","chr16",75237994,75241072,"CTRB2"
"10357","chr16",75252883,75258823,"CTRB1"
"10358","chr16",75262928,75301951,"BCAR1"
"10360","chr16",75477142,75498584,"TMEM170A"
"10361","chr16",75507022,75528926,"CHST6"
"10362","chr16",75562428,75579393,"CHST5"
"10363","chr16",75575248,75575942,"AK057689"
"10364","chr16",75572015,75590170,"TMEM231"
"10365","chr16",75600248,75611780,"GABARAPL2"
"10366","chr16",75632247,75657221,"ADAT1"
"10367","chr16",75661622,75682541,"KARS"
"10368","chr16",75681634,75691342,"TERF2IP"
"10370","chr16",76668894,76692376,"AK057218"
"10371","chr16",76902832,76902917,"MIR4719"
"10372","chr16",77224835,77233544,"MON1B"
"10373","chr16",77233348,77246977,"SYCE1L"
"10375","chr16",77756388,77776158,"NUDT7"
"10377","chr16",78056442,78066002,"CLEC3A"
"10379","chr16",79627745,79634622,"MAF"
"10380","chr16",80574853,80584542,"DYNLRB2"
"10381","chr16",80600691,80603584,"AK098656"
"10383","chr16",80862640,80926493,"AK093002"
"10384","chr16",81040102,81066710,"CENPN"
"10385","chr16",81009699,81040502,"C16orf61"
"10386","chr16",81069457,81080952,"ATMIN"
"10387","chr16",81087102,81110872,"C16orf46"
"10388","chr16",81115552,81129980,"GCSH"
"10390","chr16",81272295,81324748,"BCMO1"
"10391","chr16",81348570,81413804,"GAN"
"10392","chr16",81418622,81418699,"MIR4720"
"10394","chr16",81698958,81700880,"LOC100129617"
"10395","chr16",81772678,81774193,"BC040927"
"10397","chr16",82031251,82045093,"SDR42E1"
"10398","chr16",82068857,82132140,"HSD17B2"
"10399","chr16",82181767,82203829,"MPHOSPH6"
"10401","chr16",83541950,83542014,"MIR3182"
"10402","chr16",83841592,83846595,"HSBP1"
"10403","chr16",83932729,83949788,"MLYCD"
"10404","chr16",83983054,83999938,"OSGIN1"
"10405","chr16",84002236,84036380,"NECAB2"
"10406","chr16",84043389,84075762,"SLC38A8"
"10407","chr16",84087369,84150517,"MBTPS1"
"10408","chr16",84155744,84178800,"HSDL1"
"10409","chr16",84178864,84211525,"DNAAF1"
"10410","chr16",84211453,84220676,"TAF1C"
"10411","chr16",84224722,84230773,"ADAD2"
"10412","chr16",84226164,84230659,"AK123582"
"10413","chr16",84254741,84273356,"KCNG4"
"10414","chr16",84328400,84363451,"WFDC1"
"10415","chr16",84402132,84497794,"ATP2C2"
"10416","chr16",84509966,84538288,"KIAA1609"
"10417","chr16",84599204,84651669,"COTL1"
"10418","chr16",84682130,84695917,"KLHL36"
"10419","chr16",84696933,84700668,"AK057887"
"10420","chr16",84733554,84813528,"USP10"
"10421","chr16",84853586,84943117,"CRISPLD2"
"10422","chr16",85008067,85045141,"ZDHHC7"
"10423","chr16",85061374,85127829,"KIAA0513"
"10424","chr16",85131965,85146114,"FAM92B"
"10425","chr16",85170755,85183050,"LOC400548"
"10426","chr16",85316563,85321686,"LINC00311"
"10427","chr16",85319915,85337002,"LOC727710"
"10428","chr16",85645028,85709813,"KIAA0182"
"10429","chr16",85711280,85722588,"GINS2"
"10430","chr16",85775227,85775306,"MIR1910"
"10431","chr16",85741124,85784689,"C16orf74"
"10432","chr16",85812231,85833148,"COX4NB"
"10433","chr16",85833172,85840608,"COX4I1"
"10434","chr16",85932773,85956212,"IRF8"
"10435","chr16",86320036,86326996,"LOC146513"
"10436","chr16",86365456,86379285,"LOC732275"
"10437","chr16",86508131,86542466,"LOC400550"
"10438","chr16",86544132,86548071,"FOXF1"
"10439","chr16",86563782,86588841,"MTHFSD"
"10440","chr16",86588925,86590906,"FLJ30679"
"10441","chr16",86600856,86602538,"FOXC2"
"10442","chr16",86612114,86615305,"FOXL1"
"10443","chr16",86754290,86755565,"BC041439"
"10445","chr16",87336404,87351026,"C16orf95"
"10446","chr16",87362942,87425708,"FBXO31"
"10447","chr16",87425800,87438381,"MAP1LC3B"
"10448","chr16",87439852,87525460,"ZCCHC14"
"10449","chr16",87527801,87549237,"BC131758"
"10450","chr16",87635440,87731762,"JPH3"
"10451","chr16",87731754,87735330,"FLJ00104"
"10452","chr16",87736679,87739290,"AX747795"
"10453","chr16",87736729,87799598,"KLHDC4"
"10454","chr16",87863629,87903100,"SLC7A5"
"10455","chr16",87921625,87970112,"CA5A"
"10457","chr16",88121647,88134565,"AK126852"
"10458","chr16",88493878,88507166,"ZNF469"
"10459","chr16",88520013,88601575,"ZFPM1"
"10460","chr16",88620185,88633125,"C16orf85"
"10461","chr16",88636788,88698373,"ZC3H18"
"10462","chr16",88705000,88706883,"IL17C"
"10463","chr16",88709699,88712089,"BC028224"
"10464","chr16",88715363,88717448,"BC033739"
"10465","chr16",88709697,88717457,"CYBA"
"10466","chr16",88718348,88729495,"MVD"
"10467","chr16",88729780,88753595,"MGC23284"
"10468","chr16",88744090,88752882,"SNAI3"
"10469","chr16",88762903,88772829,"RNF166"
"10470","chr16",88772890,88781787,"CTU2"
"10471","chr16",88781746,88851372,"PIEZO1"
"10472","chr16",88782686,88782745,"MIR4722"
"10473","chr16",88797587,88807827,"AK294743"
"10474","chr16",88809228,88812157,"FLJ40448"
"10475","chr16",88870185,88875667,"CDT1"
"10476","chr16",88875877,88878342,"APRT"
"10477","chr16",88922627,88929087,"TRAPPC2L"
"10478","chr16",88880142,88923374,"GALNS"
"10479","chr16",88928034,88933068,"PABPN1L"
"10481","chr16",89112580,89119373,"AK055272"
"10482","chr16",89160216,89222172,"ACSF3"
"10483","chr16",89225627,89230084,"LINC00304"
"10484","chr16",89238162,89261901,"CDH15"
"10485","chr16",89262169,89266529,"SLC22A31"
"10486","chr16",89284110,89295966,"ZNF778"
"10487","chr16",89299633,89302403,"DQ583205"
"10488","chr16",89334511,89339453,"AX747440"
"10489","chr16",89343886,89346124,"AX748291"
"10491","chr16",89387540,89391519,"LOC100287036"
"10492","chr16",89497374,89520903,"AK097694"
"10493","chr16",89574804,89624175,"SPG7"
"10494","chr16",89627064,89633238,"RPL13"
"10495","chr16",89627837,89627910,"SNORD68"
"10496","chr16",89642175,89663655,"CPNE7"
"10497","chr16",89679715,89704840,"DPEP1"
"10498","chr16",89710844,89724129,"CHMP1A"
"10499","chr16",89724209,89737676,"C16orf55"
"10500","chr16",89748970,89751884,"BC031657"
"10501","chr16",89753075,89762773,"CDK10"
"10502","chr16",89762765,89768121,"SPATA2L"
"10503","chr16",89778263,89784574,"LOC100128881"
"10504","chr16",89773541,89787394,"C16orf7"
"10505","chr16",89786807,89807333,"ZNF276"
"10506","chr16",89803959,89883065,"FANCA"
"10507","chr16",89894906,89937728,"SPIRE2"
"10508","chr16",89939993,89977793,"TCF25"
"10509","chr16",89978911,89981577,"BC160930"
"10510","chr16",89984286,89987386,"MC1R"
"10511","chr16",89985258,90002506,"TUBB3"
"10512","chr16",90015138,90034469,"DEF8"
"10513","chr16",90038987,90067196,"AFG3L1P"
"10514","chr16",90036183,90039240,"CENPBD1"
"10515","chr16",90071279,90086328,"DBNDD1"
"10516","chr16",90086068,90111380,"GAS8"
"10517","chr16",90095316,90096309,"C16orf3"
"10518","chr16",90107059,90108063,"AK127378"
"10519","chr16",90106169,90114191,"LOC100130015"
"10520","chr16",90122974,90142338,"PRDM7"
"10521","chr16",90159561,90162763,"BC014971"
"10522","chr16",90168701,90204400,"AX747598"
"10523","chr16",90224862,90233898,"AK302511"
"10524","chr16",90237091,90238408,"DQ574721"
"10525","chr16",90244124,90289082,"BC071667"
"10526","chr17",6011,31420,"DOC2B"
"10528","chr17",180995,183280,"LOC100506388"
"10529","chr17",260117,273517,"C17orf97"
"10530","chr17",289771,295731,"FAM101B"
"10532","chr17",635846,646076,"FAM57A"
"10533","chr17",647661,655501,"GEMIN4"
"10534","chr17",655899,658577,"DBIL5P"
"10535","chr17",662549,685571,"GLOD4"
"10536","chr17",685512,695742,"RNMTL1"
"10537","chr17",699304,701488,"AX748314"
"10539","chr17",900356,905391,"TIMM22"
"10541","chr17",925716,925799,"MIR3183"
"10542","chr17",1173857,1174566,"BHLHA9"
"10543","chr17",1182956,1204282,"TUSC5"
"10544","chr17",1247834,1303556,"YWHAE"
"10545","chr17",1324647,1359561,"CRK"
"10546","chr17",1367480,1396001,"MYO1C"
"10547","chr17",1397871,1420182,"INPP5K"
"10548","chr17",1420212,1421391,"LOC100306951"
"10549","chr17",1421283,1466110,"PITPNA"
"10550","chr17",1477696,1532130,"SLC43A2"
"10551","chr17",1537152,1549041,"SCARF1"
"10552","chr17",1549445,1553392,"RILP"
"10553","chr17",1553923,1588176,"PRPF8"
"10554","chr17",1606084,1613662,"TLCD2"
"10555","chr17",1614814,1617020,"AF070569"
"10556","chr17",1617197,1617281,"MIR22"
"10557","chr17",1614798,1619566,"MIR22HG"
"10558","chr17",1619816,1641894,"WDR81"
"10559","chr17",1646129,1658560,"SERPINF2"
"10560","chr17",1665258,1680860,"SERPINF1"
"10561","chr17",1682829,1733175,"SMYD4"
"10562","chr17",1733272,1802849,"RPA1"
"10563","chr17",1921176,1924001,"BC040634"
"10564","chr17",1837971,1928178,"RTN4RL1"
"10565","chr17",1933430,1946726,"DPH1"
"10566","chr17",1953202,1953302,"MIR132"
"10567","chr17",1953565,1953674,"MIR212"
"10568","chr17",1957447,1962982,"HIC1"
"10569","chr17",1963133,1965551,"AX747853"
"10570","chr17",2139007,2139380,"AJ276246"
"10571","chr17",2207247,2228554,"SRR"
"10572","chr17",2232419,2232504,"SNORD91B"
"10573","chr17",2233573,2233664,"SNORD91A"
"10574","chr17",2225982,2240678,"TSR1"
"10575","chr17",2240805,2284349,"SGSM2"
"10576","chr17",2266153,2266250,"JA611268"
"10577","chr17",2287354,2304258,"MNT"
"10578","chr17",2310275,2318730,"LOC284009"
"10579","chr17",2319348,2415200,"METTL16"
"10580","chr17",2496922,2588910,"PAFAH1B1"
"10581","chr17",2592680,2614927,"KIAA0664"
"10582","chr17",2651372,2651476,"MIR1253"
"10584","chr17",2965963,2966901,"OR1D5"
"10585","chr17",2995352,2996290,"OR1D2"
"10586","chr17",3029904,3030845,"OR1G1"
"10587","chr17",3100812,3101743,"OR1A2"
"10588","chr17",3118914,3119845,"OR1A1"
"10589","chr17",3143969,3144560,"OR1D4"
"10590","chr17",3181184,3182268,"OR3A2"
"10591","chr17",3194929,3195876,"OR3A1"
"10592","chr17",3213538,3214741,"OR3A4P"
"10593","chr17",3300760,3301704,"OR1E1"
"10594","chr17",3323861,3324828,"OR3A3"
"10595","chr17",3336164,3337135,"OR1E2"
"10596","chr17",3343306,3417146,"SPATA22"
"10597","chr17",3377403,3402701,"ASPA"
"10598","chr17",3416486,3461289,"TRPV3"
"10599","chr17",3468740,3512705,"TRPV1"
"10600","chr17",3511556,3539616,"SHPK"
"10601","chr17",3539761,3566398,"CTNS"
"10602","chr17",3566187,3571973,"TAX1BP3"
"10603","chr17",3572089,3572963,"TMEM93"
"10604","chr17",3576522,3599698,"P2RX5"
"10605","chr17",3617919,3704537,"ITGAE"
"10606","chr17",3627196,3629993,"GSG2"
"10607","chr17",3714460,3749540,"C17orf85"
"10608","chr17",3763617,3796337,"CAMKK1"
"10609","chr17",3799885,3819960,"P2RX1"
"10610","chr17",3827163,3867758,"ATP2A3"
"10612","chr17",3907743,3910449,"DKFZp761G0818"
"10614","chr17",4046461,4060996,"CYB5D2"
"10616","chr17",4172512,4269969,"UBE2G1"
"10617","chr17",4337218,4391500,"SPNS3"
"10618","chr17",4384324,4389747,"AX748345"
"10619","chr17",4402128,4443229,"SPNS2"
"10620","chr17",4442191,4458681,"MYBBP1A"
"10621","chr17",4460222,4463876,"GGT6"
"10622","chr17",4487275,4511615,"SMTNL2"
"10623","chr17",4513743,4520943,"BC043554"
"10624","chr17",4534214,4545589,"ALOX15"
"10625","chr17",4574679,4607632,"PELP1"
"10626","chr17",4613788,4624796,"ARRB2"
"10627","chr17",4634722,4636897,"MED11"
"10628","chr17",4636828,4643223,"CXCL16"
"10629","chr17",4643318,4649411,"ZMYND15"
"10630","chr17",4675186,4686507,"TM4SF5"
"10631","chr17",4688580,4689729,"VMO1"
"10632","chr17",4692253,4693885,"GLTPD2"
"10633","chr17",4690352,4693628,"BC150535"
"10634","chr17",4699456,4701791,"PSMB6"
"10635","chr17",4710395,4726728,"PLD2"
"10636","chr17",4736634,4801357,"MINK1"
"10637","chr17",4802947,4806228,"C17orf107"
"10638","chr17",4801064,4806369,"CHRNE"
"10639","chr17",4835591,4838326,"GP1BA"
"10640","chr17",4840426,4843462,"SLC25A11"
"10641","chr17",4843629,4848518,"RNF167"
"10642","chr17",4848947,4851825,"PFN1"
"10643","chr17",4854383,4860427,"ENO3"
"10644","chr17",4870226,4870252,"DQ588877"
"10645","chr17",4862521,4871132,"SPAG7"
"10646","chr17",4871287,4890960,"CAMTA2"
"10647","chr17",4891425,4900905,"INCA1"
"10648","chr17",4901242,4931695,"KIF1C"
"10649","chr17",4935897,4955304,"GPR172B"
"10650","chr17",4981753,4999670,"ZFP3"
"10651","chr17",5008839,5026397,"ZNF232"
"10652","chr17",5019732,5078325,"USP6"
"10653","chr17",5033287,5033325,"DQ594352"
"10655","chr17",5036573,5036602,"DQ575687"
"10658","chr17",5038692,5038723,"DQ584383"
"10659","chr17",5038916,5038944,"DQ574802"
"10661","chr17",5082831,5095178,"ZNF594"
"10662","chr17",5095378,5138932,"LOC100130950"
"10663","chr17",5113901,5138083,"SCIMP"
"10665","chr17",5264266,5289528,"Nup88"
"10666","chr17",5322960,5336341,"RPAIN"
"10667","chr17",5289346,5323059,"NUP88"
"10668","chr17",5332268,5334805,"AK098491"
"10669","chr17",5336099,5342471,"C1QBP"
"10670","chr17",5344232,5372380,"DHX33"
"10671","chr17",5377613,5389494,"DERL2"
"10672","chr17",5389715,5394131,"MIS12"
"10673","chr17",5402747,5404319,"LOC728392"
"10674","chr17",5404719,5487832,"NLRP1"
"10676","chr17",5972436,6027748,"WSCD1"
"10677","chr17",6327059,6338519,"AIPL1"
"10678","chr17",6347734,6354386,"FAM64A"
"10680","chr17",6481645,6544247,"KIAA0753"
"10681","chr17",6544221,6547862,"TXNDC17"
"10682","chr17",6546633,6554954,"MED31"
"10683","chr17",6555058,6556618,"C17orf100"
"10684","chr17",6558767,6558822,"MIR4520B"
"10685","chr17",6558759,6558828,"MIR4520A"
"10686","chr17",6588039,6616740,"SLC13A5"
"10687","chr17",6658793,6678965,"XAF1"
"10688","chr17",6679551,6700421,"FBXO39"
"10689","chr17",6703300,6735060,"TEKT1"
"10690","chr17",6756894,6803669,"ALOX12P2"
"10691","chr17",6899383,6914056,"ALOX12"
"10692","chr17",6888442,6915653,"LOC100506713"
"10693","chr17",6915735,6918198,"RNASEK-C17ORF49"
"10694","chr17",6917463,6920844,"C17orf49"
"10695","chr17",6920934,6921341,"MIR497"
"10696","chr17",6919137,6922973,"MIR497HG"
"10697","chr17",6926368,6932962,"BCL6B"
"10698","chr17",6939393,6943441,"SLC16A13"
"10699","chr17",6944949,6947242,"SLC16A11"
"10700","chr17",6977856,6983600,"CLEC10A"
"10701","chr17",7004641,7018292,"ASGR2"
"10702","chr17",7076751,7082883,"ASGR1"
"10703","chr17",7093210,7123369,"DLG4"
"10704","chr17",7120443,7128586,"ACADVL"
"10705","chr17",7126616,7126698,"MIR324"
"10706","chr17",7128661,7137863,"DVL2"
"10707","chr17",7138347,7142825,"PHF23"
"10708","chr17",7143738,7145753,"GABARAP"
"10709","chr17",7146906,7155259,"CTDNEP1"
"10710","chr17",7155371,7163260,"C17orf81"
"10711","chr17",7155863,7155893,"DQ587033"
"10712","chr17",7163222,7166512,"CLDN7"
"10713","chr17",7185053,7191368,"SLC2A4"
"10714","chr17",7191571,7197876,"YBX2"
"10715","chr17",7210317,7215783,"EIF5A"
"10716","chr17",7215978,7218974,"GPS2"
"10717","chr17",7218951,7232638,"NEURL4"
"10718","chr17",7239847,7254794,"ACAP1"
"10719","chr17",7255207,7258263,"KCTD11"
"10720","chr17",7258496,7260539,"TMEM95"
"10721","chr17",7284292,7293093,"TNK1"
"10722","chr17",7293047,7307450,"PLSCR3"
"10723","chr17",7311501,7323180,"NLGN2"
"10724","chr17",7323421,7349286,"FGF11"
"10725","chr17",7323678,7324952,"SPEM1"
"10726","chr17",7328934,7330887,"C17orf74"
"10727","chr17",7338761,7340999,"TMEM102"
"10728","chr17",7348405,7360933,"CHRNB1"
"10729","chr17",7362685,7387568,"ZBTB4"
"10730","chr17",7384720,7386384,"SLC35G6"
"10731","chr17",7387697,7417936,"POLR2A"
"10732","chr17",7452374,7461208,"TNFSF12"
"10733","chr17",7465308,7475288,"SENP3"
"10734","chr17",7475601,7482325,"EIF4A1"
"10735","chr17",7480128,7480277,"SNORD10"
"10736","chr17",7482804,7485430,"CD68"
"10737","chr17",7486964,7496108,"MPDU1"
"10738","chr17",7491498,7493488,"SOX15"
"10739","chr17",7517381,7536701,"SHBG"
"10740","chr17",7494548,7518215,"FXR2"
"10741","chr17",7529556,7531194,"SAT2"
"10742","chr17",7554253,7561090,"ATP1B2"
"10743","chr17",7576852,7576877,"DL476313"
"10744","chr17",7565097,7590863,"TP53"
"10745","chr17",7577498,7577523,"DL476366"
"10746","chr17",7577557,7577591,"DL476309"
"10747","chr17",7578243,7578267,"DL476358"
"10748","chr17",7589388,7606821,"WRAP53"
"10749","chr17",7608519,7614694,"EFNB3"
"10751","chr17",7657637,7658287,"RPL29P2"
"10752","chr17",7743234,7758119,"KDM6B"
"10753","chr17",7758383,7759418,"TMEM88"
"10754","chr17",7760003,7761172,"LSMD1"
"10755","chr17",7761063,7765601,"CYB5D1"
"10756","chr17",7762260,7764806,"AK125598"
"10757","chr17",7788122,7816076,"CHD3"
"10758","chr17",7809440,7809579,"SCARNA21"
"10759","chr17",7816658,7818978,"AX746771"
"10760","chr17",7816640,7819265,"LOC284023"
"10761","chr17",7826027,7832753,"KCNAB3"
"10762","chr17",7833663,7835317,"TRAPPC1"
"10763","chr17",7835441,7853238,"CNTROB"
"10764","chr17",7905987,7923659,"GUCY2D"
"10765","chr17",7942357,7952452,"ALOX15B"
"10766","chr17",7960203,7962084,"AX747630"
"10767","chr17",7982799,7984884,"BC046191"
"10768","chr17",7975954,7991021,"ALOX12B"
"10769","chr17",7991373,7991466,"MIR4314"
"10770","chr17",7999218,8022234,"ALOXE3"
"10771","chr17",8023908,8027410,"HES7"
"10772","chr17",8043788,8059678,"PER1"
"10773","chr17",8062465,8066293,"VAMP2"
"10774","chr17",8076297,8079714,"TMEM107"
"10775","chr17",8090262,8090323,"MIR4521"
"10776","chr17",8090492,8090578,"MIR3676"
"10777","chr17",8091651,8093564,"C17orf59"
"10778","chr17",8108049,8113883,"AURKB"
"10779","chr17",8123948,8127361,"LINC00324"
"10780","chr17",8128139,8151413,"CTC1"
"10781","chr17",8152595,8173810,"PFAS"
"10782","chr17",8191968,8193410,"RANGRF"
"10783","chr17",8191081,8198170,"SLC25A35"
"10784","chr17",8213555,8225835,"ARHGEF15"
"10785","chr17",8243187,8249364,"ODF4"
"10786","chr17",8261731,8263859,"LOC100128288"
"10787","chr17",8271973,8280029,"KRBA2"
"10788","chr17",8280834,8286565,"RPL26"
"10789","chr17",8294023,8301144,"RNF222"
"10790","chr17",8339178,8371482,"NDEL1"
"10791","chr17",8367553,8371481,"AK095179"
"10793","chr17",8633246,8648154,"CCDC42"
"10794","chr17",8656424,8661877,"SPDYE4"
"10795","chr17",8700428,8702667,"MFSD6L"
"10796","chr17",8706055,8770994,"PIK3R6"
"10797","chr17",8782233,8869029,"PIK3R5"
"10800","chr17",9479943,9546777,"WDR16"
"10801","chr17",9548579,9633004,"USP43"
"10802","chr17",9674751,9694614,"DHRS7C"
"10803","chr17",9729380,9793023,"GLP2R"
"10804","chr17",9801027,9808684,"RCVRN"
"10806","chr17",10204183,10276322,"MYH13"
"10808","chr17",10293642,10325267,"MYH8"
"10809","chr17",10346608,10372876,"MYH4"
"10810","chr17",10395627,10421859,"MYH1"
"10811","chr17",10424465,10453017,"MYH2"
"10812","chr17",10531843,10560626,"MYH3"
"10813","chr17",10583649,10600885,"SCO1"
"10814","chr17",10600926,10614876,"C17orf48"
"10815","chr17",10616639,10633646,"TMEM220"
"10816","chr17",10698230,10707416,"LOC100289255"
"10817","chr17",10725792,10741418,"PIRT"
"10820","chr17",11880762,11900785,"ZNF18"
"10822","chr17",11939813,11939954,"U11"
"10823","chr17",11985215,11985314,"MIR744"
"10824","chr17",12453284,12540505,"FLJ34690"
"10827","chr17",12890338,12892243,"DQ574806"
"10828","chr17",12894929,12921381,"ELAC2"
"10830","chr17",13680149,13695867,"AK123263"
"10831","chr17",13927814,13928916,"CDRT15P1"
"10833","chr17",13932609,13972775,"AK123100"
"10834","chr17",14139173,14140150,"CDRT15"
"10835","chr17",14204505,14249493,"HS3ST3B1"
"10836","chr17",14207056,14209063,"MGC12916"
"10837","chr17",14934291,14935275,"CDRT7"
"10838","chr17",15154944,15155013,"MIR4731"
"10839","chr17",15133096,15168644,"PMP22"
"10840","chr17",15207129,15244958,"TEKT3"
"10841","chr17",15332290,15333318,"BC037357"
"10842","chr17",15339332,15370925,"CDRT4"
"10843","chr17",15491977,15523018,"CDRT1"
"10845","chr17",15602890,15624101,"ZNF286A"
"10846","chr17",15635590,15649480,"TBC1D26"
"10847","chr17",15668016,15669004,"CDRT15P2"
"10848","chr17",15690163,15693020,"MEIS3P1"
"10849","chr17",15848230,15879211,"ADORA2B"
"10850","chr17",15902693,15932724,"TTC19"
"10851","chr17",15879875,15903006,"ZSWIM7"
"10854","chr17",16185327,16185403,"MIR1288"
"10855","chr17",16245848,16256812,"CENPV"
"10857","chr17",16318855,16340318,"TRPV2"
"10858","chr17",16342300,16373963,"C17orf76-AS1"
"10859","chr17",16342822,16342871,"SNORD49B"
"10860","chr17",16343349,16343421,"SNORD49A"
"10861","chr17",16345328,16395480,"FAM211A"
"10862","chr17",16453631,16472520,"ZNF287"
"10863","chr17",16524048,16557167,"ZNF624"
"10864","chr17",16593638,16678312,"CCDC144A"
"10865","chr17",16614992,16707820,"USP32P1"
"10866","chr17",16692056,16693816,"FAM106CP"
"10867","chr17",16733797,16736147,"KRT16P2"
"10868","chr17",16826229,16838153,"FLJ00050"
"10869","chr17",16832849,16875402,"TNFRSF13B"
"10871","chr17",17104309,17140502,"PLD6"
"10872","chr17",17149938,17184617,"COPS3"
"10873","chr17",17206679,17250978,"NT5M"
"10874","chr17",17322657,17326729,"SMCR9"
"10875","chr17",17380299,17396535,"MED9"
"10876","chr17",17397753,17399709,"RASD1"
"10877","chr17",17408877,17494994,"PEMT"
"10879","chr17",17680000,17682843,"SMCR5"
"10880","chr17",17714663,17715370,"SREBP-1"
"10881","chr17",17717150,17717245,"MIR33B"
"10882","chr17",17720862,17740325,"SREBF1"
"10884","chr17",17876126,17920190,"LRRC48"
"10885","chr17",17929386,17930083,"BC150162"
"10886","chr17",17918373,17942480,"ATPAF2"
"10887","chr17",17942610,17971719,"C17orf39"
"10888","chr17",17991282,18011293,"DRG2"
"10889","chr17",18012019,18083117,"MYO15A"
"10890","chr17",18086866,18113268,"ALKBH5"
"10891","chr17",18079876,18088067,"BC038464"
"10892","chr17",18128935,18148189,"LLGL1"
"10893","chr17",18157227,18157253,"DQ596932"
"10894","chr17",18148153,18162055,"FLII"
"10895","chr17",18163847,18169096,"SMCR7"
"10896","chr17",18177235,18218321,"TOP3A"
"10897","chr17",18218593,18231371,"SMCR8"
"10898","chr17",18233997,18236753,"AX747021"
"10899","chr17",18231187,18266856,"SHMT1"
"10900","chr17",18281078,18292961,"EVPLL"
"10901","chr17",18291821,18292148,"DQ571055"
"10902","chr17",18294081,18294124,"DQ570768"
"10903","chr17",18294621,18294651,"DQ576083"
"10904","chr17",18296011,18296074,"DQ585755"
"10905","chr17",18296163,18296218,"DQ595911"
"10906","chr17",18296352,18296411,"DQ578124"
"10907","chr17",18296428,18296486,"DQ579248"
"10908","chr17",18296770,18296804,"DQ592713"
"10909","chr17",18297052,18297085,"DQ586114"
"10910","chr17",18299431,18301432,"DQ595299"
"10914","chr17",18303101,18303171,"DQ579174"
"10915","chr17",18304081,18304183,"DQ572309"
"10916","chr17",18304191,18304227,"DQ592578"
"10917","chr17",18304608,18304642,"DQ586004"
"10918","chr17",18304749,18304785,"DQ584883"
"10919","chr17",18314472,18317695,"AX748015"
"10920","chr17",18323281,18328412,"BC040601"
"10921","chr17",18325494,18328648,"LOC339240"
"10922","chr17",18330174,18333942,"AK296148"
"10923","chr17",18343221,18344920,"AK301679"
"10924","chr17",18380098,18398260,"LGALS9C"
"10925","chr17",18414576,18445234,"USP32P2"
"10926","chr17",18427880,18430160,"FAM106A"
"10927","chr17",18441115,18528930,"CCDC144B"
"10928","chr17",18538842,18547740,"TBC1D28"
"10929","chr17",18569236,18576494,"FOXO3B"
"10930","chr17",18561742,18585572,"ZNF286B"
"10931","chr17",18601310,18639432,"TRIM16L"
"10932","chr17",18647325,18682663,"FBXW10"
"10933","chr17",18684581,18710027,"FAM18B1"
"10934","chr17",18759611,18834600,"PRPSAP2"
"10935","chr17",18853988,18924004,"SLC5A10"
"10936","chr17",18854938,18857462,"BC029877"
"10937","chr17",18874381,18908060,"FAM83G"
"10938","chr17",18920961,18922905,"BC112347"
"10939","chr17",18923990,18950336,"GRAP"
"10940","chr17",19015584,19093265,"DL490867"
"10941","chr17",19030781,19062149,"GRAPL"
"10942","chr17",19059040,19122455,"BC058012"
"10943","chr17",19140689,19240029,"EPN2"
"10944","chr17",19192082,19194014,"AX748411"
"10945","chr17",19247819,19247887,"MIR1180"
"10946","chr17",19240867,19281495,"B9D1"
"10947","chr17",19281033,19286858,"MAPK7"
"10948","chr17",19285245,19285304,"DM110819"
"10949","chr17",19286755,19290532,"MFAP4"
"10950","chr17",19314490,19320590,"RNF112"
"10951","chr17",19437166,19482347,"SLC47A1"
"10952","chr17",19552063,19580909,"ALDH3A2"
"10953","chr17",19581628,19622292,"SLC47A2"
"10954","chr17",19641298,19651746,"ALDH3A1"
"10955","chr17",19674143,19771239,"ULK2"
"10956","chr17",19808750,19881129,"AKAP10"
"10958","chr17",20224486,20305505,"CCDC144C"
"10959","chr17",20318817,20319998,"AK295707"
"10960","chr17",20319421,20320586,"BC019672"
"10961","chr17",20328041,20334522,"AK310665"
"10962","chr17",20340136,20350558,"BC044655"
"10963","chr17",20353176,20370848,"LGALS9B"
"10964","chr17",20404827,20407811,"KRT16P3"
"10965","chr17",20422625,20432000,"AK127974"
"10966","chr17",20446281,20446319,"DQ600835"
"10967","chr17",20446424,20446460,"DQ577610"
"10968","chr17",20446834,20446879,"DQ586256"
"10969","chr17",20446884,20446988,"DQ592701"
"10970","chr17",20447897,20447969,"DQ581854"
"10971","chr17",20448331,20448382,"DQ576593"
"10973","chr17",20448629,20448670,"DQ583069"
"10974","chr17",20449194,20449239,"DQ587527"
"10975","chr17",20449411,20449452,"DQ577541"
"10977","chr17",20449528,20449559,"DQ577743"
"10978","chr17",20449636,20449668,"DQ597161"
"10979","chr17",20449790,20449838,"DQ598304"
"10980","chr17",20450011,20450047,"DQ579754"
"10983","chr17",20451593,20451640,"DQ595999"
"10984","chr17",20451734,20451808,"DQ586800"
"10985","chr17",20451896,20451967,"DQ578310"
"10986","chr17",20452161,20452197,"DQ580819"
"10988","chr17",20453984,20454019,"DQ601084"
"10989","chr17",20454265,20454301,"DQ591451"
"10990","chr17",20454583,20454643,"DQ598579"
"10991","chr17",20454658,20454719,"DQ597254"
"10992","chr17",20454851,20454908,"DQ585724"
"10993","chr17",20454995,20455060,"DQ572047"
"10994","chr17",20456945,20456990,"DQ574249"
"10995","chr17",20459145,20459185,"DQ584223"
"10996","chr17",20483036,20484225,"CDRT15L2"
"10997","chr17",20744340,20747795,"BC067347"
"10998","chr17",20771745,20807222,"AK057473"
"10999","chr17",20766708,20799453,"CCDC144NL"
"11000","chr17",20833067,20842833,"BC072410"
"11001","chr17",20841850,20885671,"BC043529"
"11002","chr17",20902906,20947073,"USP22"
"11003","chr17",20978902,20993824,"HP08942"
"11004","chr17",21030240,21095286,"DHRS7B"
"11005","chr17",21101263,21117908,"TMEM11"
"11006","chr17",21142184,21156578,"C17orf103"
"11007","chr17",21187967,21218552,"MAP2K3"
"11008","chr17",21279698,21323180,"KCNJ12"
"11009","chr17",21431571,21477731,"C17orf51"
"11010","chr17",21825369,21826500,"FAM27L"
"11011","chr17",21904061,21913071,"FLJ36000"
"11012","chr17",22022436,22023992,"MTRNR2L1"
"11013","chr17",25620936,25621022,"MIR4522"
"11014","chr17",25621105,25640646,"WSB1"
"11015","chr17",25744715,25758650,"TBC1D3P5"
"11017","chr17",25750964,25750990,"DQ571187"
"11019","chr17",25950560,25953462,"AK095721"
"11020","chr17",25958173,25976587,"LGALS9"
"11021","chr17",25994303,25994330,"DQ586005"
"11024","chr17",26553588,26555086,"PYY2"
"11025","chr17",26574469,26575316,"PPY2"
"11026","chr17",26592389,26595739,"DQ585914"
"11027","chr17",26593207,26594349,"DQ600693"
"11028","chr17",26593779,26593810,"DQ592978"
"11029","chr17",26594328,26594375,"DQ594789"
"11030","chr17",26594561,26595705,"DQ581055"
"11031","chr17",26595060,26595101,"DQ576370"
"11032","chr17",26595137,26595167,"DQ575512"
"11033","chr17",26595173,26595223,"DQ590016"
"11034","chr17",26598273,26598315,"DQ599370"
"11035","chr17",26598641,26598673,"DQ592825"
"11036","chr17",26600041,26600077,"DQ598642"
"11037","chr17",26603012,26634408,"KRT18P55"
"11038","chr17",26646120,26655712,"TMEM97"
"11039","chr17",26658151,26674036,"TNFAIP1"
"11040","chr17",26655353,26662495,"IFT20"
"11041","chr17",26673659,26684603,"POLDIP2"
"11042","chr17",26684686,26708841,"TMEM199"
"11043","chr17",26687675,26687760,"MIR4723"
"11044","chr17",26691377,26728066,"SARM1"
"11045","chr17",26691290,26692265,"SEBOX"
"11046","chr17",26694299,26697373,"VTN"
"11047","chr17",26721661,26733230,"SLC46A1"
"11048","chr17",26800663,26824799,"SLC13A2"
"11049","chr17",26833277,26865176,"FOXN1"
"11050","chr17",26873725,26879646,"UNC119"
"11051","chr17",26880406,26898887,"PIGS"
"11052","chr17",26900133,26903951,"ALDOC"
"11053","chr17",26904583,26926056,"SPAG5"
"11054","chr17",26926150,26944396,"SPAG5-AS1"
"11055","chr17",26907027,26941211,"SGK494"
"11056","chr17",26941458,26972177,"KIAA0100"
"11057","chr17",26975374,26989207,"SDF2"
"11058","chr17",26989301,27029250,"SUPT6H"
"11059","chr17",27030534,27038872,"PROCA1"
"11060","chr17",27041299,27045286,"RAB34"
"11061","chr17",27046999,27051375,"RPL23A"
"11062","chr17",27047567,27047635,"SNORD42B"
"11063","chr17",27049599,27049672,"SNORD4A"
"11064","chr17",27050446,27050510,"SNORD42A"
"11065","chr17",27050698,27050773,"SNORD4B"
"11066","chr17",27051366,27053949,"TLCD1"
"11067","chr17",27055831,27069785,"NEK8"
"11068","chr17",27071022,27077977,"TRAF4"
"11069","chr17",27082996,27169841,"C17orf63"
"11070","chr17",27182042,27188073,"ERAL1"
"11071","chr17",27188388,27188457,"MIR451B"
"11072","chr17",27188387,27188458,"MIR451A"
"11073","chr17",27188551,27188636,"MIR144"
"11074","chr17",27188673,27188748,"MIR4732"
"11075","chr17",27206357,27224715,"FLOT2"
"11076","chr17",27224849,27225790,"AX795351"
"11077","chr17",27224799,27230089,"DHRS13"
"11078","chr17",27232271,27278508,"PHF12"
"11079","chr17",27253292,27271767,"BC033997"
"11080","chr17",27281947,27333458,"SEZ6"
"11081","chr17",27369917,27384237,"PIPOX"
"11082","chr17",27400539,27402627,"TIAF1"
"11084","chr17",27573874,27581503,"CRYBA1"
"11085","chr17",27582854,27621166,"NUFIP2"
"11086","chr17",27717679,27717749,"MIR4523"
"11088","chr17",27887689,27894042,"ABHD15"
"11089","chr17",27895738,27900176,"TP53I13"
"11090","chr17",27900487,27916610,"GIT1"
"11091","chr17",27916800,27941780,"ANKRD13B"
"11092","chr17",27941774,27948441,"CORO6"
"11095","chr17",28443833,28513487,"NSRP1"
"11096","chr17",28444096,28444191,"MIR423"
"11097","chr17",28444104,28444178,"MIR3184"
"11098","chr17",28523378,28562954,"SLC6A4"
"11099","chr17",28575213,28619184,"BLMH"
"11100","chr17",28643366,28661065,"TMIGD1"
"11101","chr17",28705941,28796676,"CPD"
"11102","chr17",28804425,28853833,"GOSR1"
"11103","chr17",28886041,28890510,"TBC1D29"
"11104","chr17",28887108,28887136,"DQ575791"
"11105","chr17",28903482,28992717,"LRRC37BP1"
"11106","chr17",28951335,28953826,"SH3GL1P2"
"11107","chr17",29036625,29097069,"SUZ12P"
"11108","chr17",29109702,29151778,"CRLF3"
"11109","chr17",29159022,29222296,"ATAD5"
"11110","chr17",29226001,29233286,"TEFM"
"11111","chr17",29248753,29286212,"ADAP2"
"11112","chr17",29297955,29326930,"RNF135"
"11113","chr17",29302352,29303018,"DPRXP4"
"11114","chr17",29351202,29351445,"AF086476"
"11115","chr17",29421368,29421443,"MIR4733"
"11117","chr17",29621668,29624380,"OMG"
"11118","chr17",29630788,29641130,"EVI2B"
"11119","chr17",29643428,29648767,"EVI2A"
"11120","chr17",29702592,29704688,"AF086346"
"11122","chr17",29861900,29861990,"MIR4724"
"11123","chr17",29887014,29887103,"MIR193A"
"11124","chr17",29902287,29902378,"MIR4725"
"11125","chr17",29902429,29902541,"MIR365B"
"11126","chr17",30178884,30186326,"C17orf79"
"11127","chr17",30190190,30228729,"UTP6"
"11128","chr17",30264043,30328058,"SUZ12"
"11129","chr17",30318433,30318457,"JA660568"
"11130","chr17",30335036,30380520,"LRRC37B"
"11131","chr17",30367354,30369852,"SH3GL1P1"
"11132","chr17",30469472,30552747,"RHOT1"
"11133","chr17",30477387,30478590,"ARGFXP2"
"11134","chr17",30593194,30651681,"RHBDL3"
"11135","chr17",30655460,30669228,"C17orf75"
"11136","chr17",30677127,30677222,"MIR632"
"11137","chr17",30677156,30707976,"ZNF207"
"11138","chr17",30771501,30808043,"PSMD11"
"11139","chr17",30814104,30818272,"CDK5R1"
"11140","chr17",30814813,30816539,"AK307275"
"11142","chr17",31254927,31268668,"TMEM98"
"11143","chr17",31318881,31324893,"SPACA3"
"11145","chr17",31856806,31860779,"AA06"
"11146","chr17",31890356,31899365,"AK057317"
"11147","chr17",32496395,32510651,"BC062794"
"11148","chr17",32582295,32584221,"CCL2"
"11149","chr17",32597239,32599257,"CCL7"
"11150","chr17",32612686,32615200,"CCL11"
"11151","chr17",32646065,32648422,"CCL8"
"11152","chr17",32683470,32685630,"CCL13"
"11153","chr17",32687399,32690252,"CCL1"
"11154","chr17",32901142,32906388,"C17orf102"
"11155","chr17",32907767,32966338,"TMEM132E"
"11156","chr17",33254878,33288528,"CCT6B"
"11157","chr17",33288548,33290206,"ZNF830"
"11158","chr17",33307516,33332089,"LIG3"
"11159","chr17",33336131,33416348,"RFFL"
"11160","chr17",33426811,33448541,"RAD51D"
"11161","chr17",33448630,33457752,"FNDC8"
"11162","chr17",33458368,33469322,"NLE1"
"11163","chr17",33474835,33516365,"UNC45B"
"11164","chr17",33519539,33521412,"SLC35G3"
"11165","chr17",33570085,33594762,"SLFN5"
"11166","chr17",33677329,33700720,"SLFN11"
"11167","chr17",33738081,33760173,"SLFN12"
"11168","chr17",33762115,33775856,"SLFN13"
"11169","chr17",33801942,33864715,"SLFN12L"
"11170","chr17",33818381,33818404,"DD413671"
"11171","chr17",33875144,33885110,"SLFN14"
"11172","chr17",33900675,33900773,"SNORD7"
"11173","chr17",33901814,33905656,"PEX12"
"11175","chr17",34058678,34070541,"RASL10B"
"11176","chr17",34071530,34079897,"GAS2L2"
"11177","chr17",34087915,34092099,"C17orf50"
"11178","chr17",34083269,34122640,"MMP28"
"11179","chr17",34136485,34138589,"BC030591"
"11180","chr17",34136487,34174239,"TAF15"
"11181","chr17",34181960,34195895,"C17orf66"
"11182","chr17",34198496,34207377,"CCL5"
"11184","chr17",34245085,34257780,"RDM1"
"11185","chr17",34261523,34270703,"LYZL6"
"11186","chr17",34303535,34308523,"CCL16"
"11187","chr17",34312625,34317307,"BC070118"
"11188","chr17",34310692,34313764,"CCL14"
"11189","chr17",34340097,34345005,"CCL23"
"11190","chr17",34391642,34398842,"CCL18"
"11191","chr17",34415603,34417506,"CCL3"
"11192","chr17",34431219,34433015,"CCL4"
"11197","chr17",34493061,34503988,"TBC1D3B"
"11203","chr17",34591425,34591451,"DQ579850"
"11204","chr17",34581085,34592032,"TBC1D3C"
"11205","chr17",34610749,34611354,"D63785"
"11206","chr17",34745936,34806015,"TBC1D3H"
"11207","chr17",34797175,34808103,"TBC1D3G"
"11208","chr17",34842472,34855155,"ZNHIT3"
"11209","chr17",34890846,34895151,"PIGW"
"11210","chr17",34851599,34891305,"MYO19"
"11211","chr17",34900736,34946277,"GGNBP2"
"11212","chr17",34948225,34957234,"DHRS11"
"11213","chr17",34958024,34965408,"MRM1"
"11214","chr17",35289409,35293921,"BC084573"
"11215","chr17",35294771,35301916,"LHX1"
"11217","chr17",35391041,35391111,"MIR2909"
"11219","chr17",35732984,35749663,"C17orf78"
"11220","chr17",35766976,35837227,"TADA2A"
"11221","chr17",35849950,35873589,"DUSP14"
"11222","chr17",35874900,35969486,"SYNRG"
"11223","chr17",35972363,36003493,"DDX52"
"11224","chr17",36046434,36105096,"HNF1B"
"11225","chr17",36202573,36244363,"LOC284100"
"11226","chr17",36283959,36337528,"TBC1D3"
"11227","chr17",36288029,36288087,"DQ587906"
"11228","chr17",36290381,36290409,"DQ583226"
"11229","chr17",36332086,36333689,"AL832615"
"11230","chr17",36344876,36421858,"LOC440434"
"11231","chr17",36452988,36479102,"MRPL45"
"11232","chr17",36481493,36499693,"GPR179"
"11233","chr17",36508006,36561847,"SOCS7"
"11234","chr17",36584719,36668629,"ARHGAP23"
"11235","chr17",36686259,36762183,"SRCIN1"
"11236","chr17",36827959,36831187,"C17orf96"
"11237","chr17",36858515,36858584,"MIR4734"
"11238","chr17",36861872,36886057,"MLLT6"
"11239","chr17",36875943,36876002,"MIR4726"
"11240","chr17",36886509,36891859,"CISD3"
"11241","chr17",36890150,36904561,"PCGF2"
"11242","chr17",36909001,36920479,"PSMB3"
"11243","chr17",36921944,36956158,"PIP4K2B"
"11244","chr17",36957446,36981608,"CWC25"
"11245","chr17",36982090,36982146,"MIR4727"
"11246","chr17",36991341,36997642,"C17orf98"
"11247","chr17",37009116,37009248,"SNORA21"
"11248","chr17",37006321,37010053,"RPL23"
"11249","chr17",37026111,37078024,"LASP1"
"11250","chr17",37081420,37085638,"LOC100505576"
"11251","chr17",37092685,37123655,"FBXO47"
"11252","chr17",37186158,37209459,"FLJ43826"
"11253","chr17",37213271,37264609,"LOC100131347"
"11254","chr17",37219556,37309485,"PLXDC1"
"11255","chr17",37313147,37322414,"ARL5C"
"11256","chr17",37329709,37353956,"CACNB1"
"11257","chr17",37356535,37360981,"RPL19"
"11258","chr17",37366789,37382040,"STAC2"
"11260","chr17",37560538,37607527,"MED1"
"11261","chr17",37617738,37690801,"CDK12"
"11262","chr17",37760021,37764175,"NEUROD2"
"11263","chr17",37783176,37792879,"PPP1R1B"
"11264","chr17",37793332,37820455,"STARD3"
"11265","chr17",37821598,37822808,"TCAP"
"11266","chr17",37824506,37826729,"PNMT"
"11267","chr17",37827375,37844310,"PGAP3"
"11268","chr17",37844392,37884916,"ERBB2"
"11269","chr17",37882731,37882820,"MIR4728"
"11270","chr17",37885409,37886788,"MIEN1"
"11271","chr17",37894161,37903539,"GRB7"
"11272","chr17",37921199,38020441,"IKZF3"
"11273","chr17",38024454,38034150,"ZPBP2"
"11274","chr17",38060848,38074903,"GSDMB"
"11275","chr17",38077296,38083884,"ORMDL3"
"11276","chr17",38097726,38100988,"LRRC3C"
"11277","chr17",38119225,38134020,"GSDMA"
"11278","chr17",38137059,38154213,"PSMD3"
"11279","chr17",38171613,38174067,"CSF3"
"11280","chr17",38175350,38210889,"MED24"
"11281","chr17",38183794,38183899,"SNORD124"
"11282","chr17",38218162,38250121,"THRA"
"11283","chr17",38249037,38256973,"NR1D1"
"11284","chr17",38278789,38293046,"MSL1"
"11285","chr17",38285502,38286561,"DKFZp586B1922"
"11286","chr17",38296506,38328432,"CASC3"
"11287","chr17",38334241,38351907,"RAPGEFL1"
"11288","chr17",38375573,38438440,"WIPF2"
"11289","chr17",38444145,38459414,"CDC6"
"11291","chr17",38516906,38520946,"GJD3"
"11292","chr17",38544773,38574202,"TOP2A"
"11293","chr17",38599675,38613983,"IGFBP4"
"11294","chr17",38632080,38657854,"TNS4"
"11295","chr17",38710022,38721736,"CCR7"
"11296","chr17",38783976,38804103,"SMARCE1"
"11297","chr17",38811872,38821416,"KRT222"
"11298","chr17",38854243,38860002,"KRT24"
"11299","chr17",38904273,38911584,"KRT25"
"11300","chr17",38922490,38928411,"KRT26"
"11301","chr17",38933060,38938786,"KRT27"
"11302","chr17",38948448,38956211,"KRT28"
"11303","chr17",38975343,38992527,"TMEM99"
"11304","chr17",38974369,38978863,"KRT10"
"11305","chr17",39017430,39023462,"KRT12"
"11306","chr17",39032141,39041495,"KRT20"
"11307","chr17",39078952,39093836,"KRT23"
"11308","chr17",39114669,39123144,"KRT39"
"11309","chr17",39133968,39143387,"KRT40"
"11310","chr17",39149682,39150385,"KRTAP3-3"
"11311","chr17",39155445,39156138,"KRTAP3-2"
"11312","chr17",39164774,39165366,"KRTAP3-1"
"11313","chr17",39182279,39183454,"KRTAP1-5"
"11314","chr17",39190137,39191107,"KRTAP1-3"
"11315","chr17",39196811,39197713,"KRTAP1-1"
"11316","chr17",39202796,39203568,"KRTAP2-1"
"11317","chr17",39210751,39211463,"KRTAP2-2"
"11318","chr17",39215493,39216344,"LOC730755"
"11319","chr17",39221368,39222131,"KRTAP2-4"
"11320","chr17",39240458,39241397,"KRTAP4-7"
"11321","chr17",39253234,39254375,"KRTAP4-8"
"11322","chr17",39261640,39262741,"KRTAP4-9"
"11323","chr17",39273434,39274606,"KRTAP4-11"
"11324","chr17",39279345,39280419,"KRTAP4-12"
"11325","chr17",39295685,39296739,"KRTAP4-6"
"11326","chr17",39305176,39306054,"KRTAP4-5"
"11327","chr17",39315906,39316983,"KRTAP4-4"
"11328","chr17",39323483,39324424,"KRTAP4-3"
"11329","chr17",39333698,39334460,"KRTAP4-2"
"11330","chr17",39340352,39363126,"KRTAP4-1"
"11331","chr17",39346138,39346892,"KRTAP9-1"
"11332","chr17",39382899,39383905,"KRTAP9-2"
"11333","chr17",39388714,39389707,"KRTAP9-3"
"11334","chr17",39394269,39395257,"KRTAP9-8"
"11335","chr17",39405938,39406906,"KRTAP9-4"
"11336","chr17",39411635,39412617,"KRTAP9-9"
"11337","chr17",39463952,39465505,"KRTAP16-1"
"11338","chr17",39471169,39471947,"KRTAP17-1"
"11339","chr17",39502371,39507056,"KRT33A"
"11340","chr17",39519746,39526047,"KRT33B"
"11341","chr17",39533921,39538636,"KRT34"
"11342","chr17",39549977,39553844,"KRT31"
"11343","chr17",39558667,39568841,"LOC100505782"
"11344","chr17",39576809,39580822,"KRT37"
"11345","chr17",39592621,39597596,"KRT38"
"11346","chr17",39615765,39623638,"KRT32"
"11347","chr17",39632941,39637392,"KRT35"
"11348","chr17",39642388,39646116,"KRT36"
"11349","chr17",39657233,39661865,"KRT13"
"11350","chr17",39669997,39678026,"KRT15"
"11351","chr17",39679869,39684641,"KRT19"
"11352","chr17",39705858,39710747,"LOC147093"
"11353","chr17",39722094,39728310,"KRT9"
"11354","chr17",39738531,39743147,"KRT14"
"11355","chr17",39766031,39769079,"KRT16"
"11356","chr17",39775692,39780882,"KRT17"
"11357","chr17",39782579,39796451,"KRT42P"
"11358","chr17",39845126,39847899,"EIF1"
"11359","chr17",39868577,39872222,"GAST"
"11360","chr17",39878891,39890898,"HAP1"
"11361","chr17",39910859,39942964,"JUP"
"11362","chr17",39958205,39968855,"LEPREL4"
"11363","chr17",39968961,39979470,"FKBP10"
"11364","chr17",39981334,39992523,"NT5C3L"
"11365","chr17",39994042,40004600,"KLHL10"
"11366","chr17",40009799,40021629,"KLHL11"
"11367","chr17",40023179,40075272,"ACLY"
"11368","chr17",40086887,40117669,"TTC25"
"11369","chr17",40118758,40129755,"CNP"
"11370","chr17",40120393,40120547,"DQ581677"
"11371","chr17",40128439,40169715,"DNAJC7"
"11372","chr17",40169593,40177657,"NKIRAS2"
"11373","chr17",40177594,40190044,"ZNF385C"
"11374","chr17",40253422,40264751,"DHX58"
"11375","chr17",40265129,40273382,"KAT2A"
"11376","chr17",40274755,40275372,"HSPB9"
"11377","chr17",40276994,40307062,"RAB5C"
"11378","chr17",40308910,40333296,"KCNH4"
"11379","chr17",40336078,40337470,"HCRT"
"11380","chr17",40341105,40346550,"GHDC"
"11381","chr17",40351195,40428424,"STAT5B"
"11382","chr17",40439564,40463961,"STAT5A"
"11383","chr17",40465342,40466880,"AK024535"
"11384","chr17",40466890,40468869,"AK092965"
"11385","chr17",40465343,40540513,"STAT3"
"11386","chr17",40554467,40575338,"PTRF"
"11387","chr17",40610861,40674598,"ATP6V0A1"
"11388","chr17",40687950,40696467,"NAGLU"
"11389","chr17",40703983,40707233,"HSD17B1"
"11390","chr17",40704454,40706728,"BC043620"
"11391","chr17",40714091,40718296,"COASY"
"11392","chr17",40719077,40725222,"MLX"
"11393","chr17",40724329,40729747,"PSMC3IP"
"11394","chr17",40761357,40767257,"TUBG1"
"11395","chr17",40731526,40762641,"FAM134C"
"11396","chr17",40811265,40819025,"TUBG2"
"11397","chr17",40819933,40829048,"PLEKHH3"
"11398","chr17",40831420,40833845,"CCR10"
"11399","chr17",40834631,40852012,"CNTNAP1"
"11400","chr17",40852293,40897071,"EZH1"
"11401","chr17",40894172,40895176,"BC047651"
"11402","chr17",40913211,40915061,"RAMP2"
"11403","chr17",40905947,40913275,"LOC100190938"
"11404","chr17",40925453,40931618,"VPS25"
"11405","chr17",40932648,40949085,"WNK4"
"11406","chr17",40947165,40950704,"CCDC56"
"11407","chr17",40950853,40963606,"CNTD1"
"11408","chr17",40962150,40976310,"BECN1"
"11409","chr17",40976442,40995778,"PSME3"
"11410","chr17",40996608,41002725,"AOC2"
"11411","chr17",41003200,41010141,"AOC3"
"11412","chr17",41019161,41021235,"AOC4"
"11413","chr17",41019959,41021365,"AF047486"
"11414","chr17",41026691,41050751,"LOC388387"
"11415","chr17",41052814,41065387,"G6PC"
"11416","chr17",41102543,41132545,"AARSD1"
"11417","chr17",41132581,41134009,"L77588"
"11418","chr17",41150445,41154972,"RPL27"
"11419","chr17",41158741,41166477,"IFI35"
"11420","chr17",41166622,41174459,"VAT1"
"11421","chr17",41177257,41184059,"RND2"
"11423","chr17",41277599,41305689,"NBR2"
"11424","chr17",41300388,41316185,"AK093551"
"11425","chr17",41322497,41363708,"NBR1"
"11426","chr17",41363893,41371590,"TMEM106A"
"11427","chr17",41381731,41382577,"AK027091"
"11428","chr17",41373437,41383338,"BC073918"
"11429","chr17",41447213,41466266,"LOC100130581"
"11430","chr17",41476352,41478505,"ARL4D"
"11431","chr17",41522173,41522254,"MIR2117"
"11432","chr17",41561333,41604165,"DHX8"
"11433","chr17",41605211,41623762,"ETV4"
"11434","chr17",41717758,41739262,"MEOX1"
"11435","chr17",41831099,41836156,"SOST"
"11436","chr17",41843489,41856368,"DUSP3"
"11437","chr17",41857802,41862055,"C17orf105"
"11438","chr17",41878167,41910547,"MPP3"
"11439","chr17",41924515,41940998,"CD300LG"
"11440","chr17",41952727,41987068,"MPP2"
"11441","chr17",41994575,41995356,"FAM215A"
"11442","chr17",42018172,42019833,"PPY"
"11443","chr17",42030107,42081837,"PYY"
"11444","chr17",42082031,42086437,"NAGS"
"11445","chr17",42088556,42092415,"TMEM101"
"11446","chr17",42112003,42144987,"LSM12"
"11447","chr17",42148097,42153713,"G6PC3"
"11448","chr17",42148280,42151308,"AX746969"
"11449","chr17",42154121,42201014,"HDAC5"
"11450","chr17",42219273,42239845,"C17orf53"
"11451","chr17",42248073,42256452,"ASB16"
"11452","chr17",42253352,42264082,"C17orf65"
"11453","chr17",42264353,42269100,"TMUB2"
"11454","chr17",42269173,42275529,"ATXN7L3"
"11455","chr17",42282401,42298994,"UBTF"
"11456","chr17",42325758,42345502,"SLC4A1"
"11457","chr17",42376940,42385761,"AK055254"
"11458","chr17",42385926,42396039,"RUNDC3A"
"11459","chr17",42396993,42402217,"SLC25A39"
"11460","chr17",42422490,42430471,"GRN"
"11461","chr17",42426525,42428180,"L01117"
"11462","chr17",42431101,42441235,"FAM171A2"
"11463","chr17",42449550,42466873,"ITGA2B"
"11465","chr17",42634811,42638631,"FZD2"
"11466","chr17",42733761,42755659,"C17orf104"
"11467","chr17",42754805,42767165,"CCDC43"
"11468","chr17",42785975,42829637,"DBF4B"
"11469","chr17",42836567,42859215,"ADAM11"
"11470","chr17",42875816,42908179,"GJC1"
"11471","chr17",42925278,42927849,"HIGD1B"
"11472","chr17",42927655,42976993,"EFTUD2"
"11473","chr17",42977153,42980630,"CCDC103"
"11474","chr17",42980126,42982759,"FAM187A"
"11475","chr17",42982993,42985615,"AK124465"
"11476","chr17",42982994,42992920,"GFAP"
"11477","chr17",43002082,43025082,"KIF18B"
"11478","chr17",43037061,43045644,"C1QL1"
"11479","chr17",43100706,43138473,"DCAKD"
"11480","chr17",43138679,43186383,"NMT1"
"11481","chr17",43189008,43209891,"PLCD3"
"11482","chr17",43209966,43221544,"ACBD4"
"11483","chr17",43224683,43229469,"HEXIM1"
"11484","chr17",43238263,43247407,"HEXIM2"
"11485","chr17",43295637,43299132,"BC045769"
"11486","chr17",43299291,43324687,"FMNL1"
"11487","chr17",43325302,43345998,"LOC100133991"
"11488","chr17",43331760,43339479,"C17orf46"
"11489","chr17",43340488,43394414,"MAP3K14"
"11490","chr17",43471268,43511112,"ARHGAP27"
"11491","chr17",43484899,43487751,"AX747793"
"11492","chr17",43513266,43568146,"PLEKHM1"
"11493","chr17",43550252,43550275,"JA429848"
"11495","chr17",43580624,43623698,"AF119889"
"11496","chr17",43578684,43597889,"LRRC37A4"
"11497","chr17",43590734,43593064,"AX747150"
"11498","chr17",43593073,43593494,"DQ588732"
"11500","chr17",43622992,43623019,"DQ593902"
"11502","chr17",43625257,43625286,"DQ573673"
"11503","chr17",43677491,43679748,"LOC644172"
"11504","chr17",43697709,43715330,"MGC57346"
"11506","chr17",43716340,43723596,"C17orf69"
"11507","chr17",43717727,43719670,"AK057897"
"11508","chr17",43922255,43924439,"IMP5"
"11510","chr17",43920722,43972879,"LOC100128977"
"11511","chr17",43973148,43976165,"LOC100130148"
"11512","chr17",44076615,44077061,"STH"
"11514","chr17",44270938,44274090,"LOC644246"
"11515","chr17",44372496,44415161,"LRRC37A"
"11517","chr17",44450178,44500464,"NSFP1"
"11520","chr17",44841687,44896082,"WNT3"
"11521","chr17",44928967,44964097,"WNT9B"
"11523","chr17",45055522,45056614,"RPRML"
"11524","chr17",45126238,45127789,"DQ597730"
"11525","chr17",45110626,45137515,"ARL17"
"11526","chr17",45195311,45266665,"CDC27"
"11527","chr17",45286427,45301046,"MYL4"
"11528","chr17",45331207,45421659,"ITGB3"
"11530","chr17",45400564,45402367,"AX748120"
"11531","chr17",45527593,45569986,"MRPL45P2"
"11533","chr17",45727274,45761005,"KPNB1"
"11534","chr17",45772629,45789430,"TBKBP1"
"11535","chr17",45810609,45823486,"TBX21"
"11536","chr17",45884733,45899147,"OSBPL7"
"11537","chr17",45900638,45908907,"MRPL10"
"11538","chr17",45908992,45915080,"LRRC46"
"11539","chr17",45915047,45918699,"SCRN2"
"11540","chr17",45922280,45933240,"SP6"
"11541","chr17",45940707,45942557,"BC031827"
"11542","chr17",45956838,45959764,"AX746787"
"11543","chr17",45973515,46006324,"SP2"
"11544","chr17",45976151,45995938,"BC038442"
"11545","chr17",46018888,46026675,"PNPO"
"11546","chr17",46029334,46035110,"PRR15L"
"11547","chr17",46047899,46059148,"CDK5RAP3"
"11548","chr17",46114527,46114613,"MIR152"
"11549","chr17",46103533,46115152,"COPZ2"
"11550","chr17",46125685,46138908,"NFE2L1"
"11551","chr17",46147414,46178883,"CBX1"
"11552","chr17",46184910,46200106,"SNX11"
"11553","chr17",46233789,46233873,"MIR1203"
"11555","chr17",46606807,46608272,"HOXB1"
"11556","chr17",46620019,46622393,"HOXB2"
"11557","chr17",46626232,46667631,"HOXB3"
"11558","chr17",46652869,46655743,"HOXB4"
"11559","chr17",46657200,46657309,"MIR10A"
"11560","chr17",46667822,46683775,"LOC404266"
"11561","chr17",46668619,46671103,"HOXB5"
"11562","chr17",46673099,46682354,"HOXB6"
"11563","chr17",46684595,46688383,"HOXB7"
"11564","chr17",46689708,46692301,"HOXB8"
"11565","chr17",46698519,46703835,"HOXB9"
"11566","chr17",46709852,46709921,"MIR196A1"
"11567","chr17",46799082,46799882,"PRAC"
"11568","chr17",46800541,46802120,"HOXB13-AS1"
"11569","chr17",46801770,46801837,"MIR3185"
"11570","chr17",46802127,46806111,"HOXB13"
"11571","chr17",46839593,46894469,"TTLL6"
"11572","chr17",46908371,46942230,"CALCOCO2"
"11573","chr17",46970147,46973233,"ATP5G1"
"11574","chr17",46985730,47006423,"UBE2Z"
"11575","chr17",47007459,47022154,"SNF8"
"11576","chr17",47035918,47045955,"GIP"
"11577","chr17",47074773,47133508,"IGF2BP1"
"11578","chr17",47209821,47247352,"B4GALNT2"
"11579","chr17",47283596,47287936,"GNGT2"
"11580","chr17",47287588,47300588,"ABI3"
"11581","chr17",47300732,47308128,"PHOSPHO1"
"11582","chr17",47325604,47336028,"FLJ40194"
"11583","chr17",47366568,47439835,"ZNF652"
"11584","chr17",47481420,47492242,"PHB"
"11585","chr17",47535223,47539111,"AK097622"
"11586","chr17",47572654,47592383,"NGFR"
"11587","chr17",47653297,47661172,"NXPH3"
"11588","chr17",47676246,47755525,"SPOP"
"11589","chr17",47778690,47785528,"SLC35B1"
"11590","chr17",47787687,47865937,"FAM117A"
"11591","chr17",47865980,47906459,"KAT7"
"11592","chr17",47923271,47926200,"FLJ45513"
"11593","chr17",47915671,47925379,"TAC4"
"11594","chr17",48046561,48052324,"DLX4"
"11595","chr17",48067369,48072588,"DLX3"
"11596","chr17",48127713,48133103,"LOC284080"
"11597","chr17",48133339,48167850,"ITGA3"
"11598","chr17",48172100,48188734,"PDK2"
"11599","chr17",48190035,48207167,"SAMD14"
"11600","chr17",48211101,48227877,"PPP1R9B"
"11601","chr17",48243365,48253294,"SGCA"
"11602","chr17",48248806,48249824,"BC126901"
"11603","chr17",48248789,48249837,"HILS1"
"11604","chr17",48264089,48264113,"DD181999"
"11605","chr17",48261457,48279000,"COL1A1"
"11606","chr17",48348766,48358847,"TMEM92"
"11607","chr17",48423392,48438513,"XYLT2"
"11608","chr17",48445228,48450562,"MRPL27"
"11609","chr17",48450580,48458821,"EME1"
"11610","chr17",48459606,48459642,"DQ599569"
"11611","chr17",48458594,48474914,"LRRC59"
"11612","chr17",48503518,48552201,"ACSF2"
"11613","chr17",48541853,48546227,"CHAD"
"11614","chr17",48556189,48563337,"RSAD1"
"11615","chr17",48585744,48608863,"MYCBPAP"
"11616","chr17",48610047,48621112,"EPN3"
"11617","chr17",48620418,48633214,"SPATA20"
"11618","chr17",48638448,48704543,"CACNA1G"
"11619","chr17",48633568,48639469,"LOC253962"
"11620","chr17",48712217,48769064,"ABCC3"
"11621","chr17",48740520,48742066,"BC131755"
"11622","chr17",48770551,48785270,"ANKRD40"
"11623","chr17",48796925,48830073,"LUC7L3"
"11624","chr17",48830416,48833575,"AK090674"
"11625","chr17",48843920,48844879,"C17orf73"
"11626","chr17",48834759,48844918,"LINC00483"
"11627","chr17",48912010,48919710,"WFIKKN2"
"11628","chr17",48939587,48945339,"TOB1"
"11629","chr17",48944039,48945733,"LOC400604"
"11631","chr17",49230896,49239451,"NME1"
"11632","chr17",49242795,49249106,"NME2"
"11633","chr17",49254786,49337514,"MBTD1"
"11634","chr17",49337896,49375293,"UTP18"
"11635","chr17",49414075,49419933,"AK124832"
"11637","chr17",51062879,51065013,"LOC100506650"
"11638","chr17",51900238,51902574,"KIF2B"
"11639","chr17",52978051,53039329,"TOM1L1"
"11640","chr17",53029259,53046064,"COX11"
"11642","chr17",53342320,53402427,"HLF"
"11643","chr17",53469974,53499341,"MMD"
"11644","chr17",53796988,53809482,"TMEM100"
"11645","chr17",53828339,53854749,"PCTP"
"11647","chr17",54305682,54307025,"BC037494"
"11648","chr17",54671059,54672952,"NOG"
"11649","chr17",54869274,54911256,"C17orf67"
"11650","chr17",54911459,54946037,"DGKE"
"11651","chr17",54961463,54962274,"MTVR2"
"11652","chr17",54967933,54968853,"BC114339"
"11653","chr17",54968631,54968716,"MIR3614"
"11654","chr17",54965270,54991409,"TRIM25"
"11655","chr17",55015561,55038411,"COIL"
"11656","chr17",55055467,55084130,"SCPEP1"
"11657","chr17",55122838,55124157,"RNF126P1"
"11658","chr17",55162552,55198711,"AKAP1"
"11660","chr17",55916287,55927433,"MRPS23"
"11661","chr17",55940337,56032684,"CUEDC1"
"11662","chr17",56048910,56065615,"VEZF1"
"11663","chr17",56066403,56070840,"AK095112"
"11664","chr17",56066405,56072211,"AK126318"
"11665","chr17",56078280,56084707,"SRSF1"
"11666","chr17",56160779,56167619,"DYNLL2"
"11667","chr17",56232514,56233448,"OR4D1"
"11668","chr17",56234319,56236481,"MSX2P1"
"11669","chr17",56247016,56247941,"OR4D2"
"11670","chr17",56270088,56282536,"EPX"
"11671","chr17",56282797,56296966,"MKS1"
"11672","chr17",56315786,56345880,"LPO"
"11673","chr17",56347217,56358296,"MPO"
"11674","chr17",56378592,56382749,"BX648763"
"11675","chr17",56378594,56406152,"BZRAP1"
"11676","chr17",56402810,56431089,"LOC100506779"
"11677","chr17",56408593,56408679,"MIR142"
"11678","chr17",56413337,56413383,"MIR4736"
"11679","chr17",56422539,56429563,"SUPT4H1"
"11680","chr17",56431038,56494931,"RNF43"
"11681","chr17",56497529,56565759,"HSF5"
"11682","chr17",56566893,56595251,"MTMR4"
"11683","chr17",56597611,56618179,"SEPT4"
"11684","chr17",56618948,56621733,"C17orf47"
"11686","chr17",56769962,56811693,"RAD51C"
"11688","chr17",57183958,57195630,"BC017255"
"11690","chr17",57215119,57215233,"MIR454"
"11691","chr17",57228497,57228582,"MIR301A"
"11692","chr17",57187308,57232800,"SKA2"
"11693","chr17",57232859,57284071,"PRR11"
"11694","chr17",57287370,57292612,"SMG8"
"11695","chr17",57297827,57353331,"GDPD1"
"11696","chr17",57409052,57479096,"YPEL2"
"11697","chr17",57443443,57443516,"MIR4729"
"11698","chr17",57642885,57685714,"DHX40"
"11699","chr17",57697049,57774318,"CLTC"
"11700","chr17",57774667,57784856,"PTRH2"
"11702","chr17",57918626,57918699,"MIR21"
"11703","chr17",57918624,57918701,"DM119512"
"11704","chr17",57936841,57970306,"TUBD1"
"11705","chr17",57970442,58027787,"RPS6KB1"
"11706","chr17",58029723,58042117,"RNFT1"
"11707","chr17",58042456,58074334,"AK097658"
"11708","chr17",58053385,58096336,"TBC1D3P1-DHX40P1"
"11709","chr17",58120386,58120466,"MIR4737"
"11710","chr17",58120552,58156292,"HEATR6"
"11711","chr17",58160927,58165828,"LOC645638"
"11712","chr17",58227301,58248261,"CA4"
"11714","chr17",58499864,58508788,"C17orf64"
"11715","chr17",58511039,58513357,"L32131"
"11716","chr17",58520520,58603580,"APPBP2"
"11717","chr17",58677543,58743641,"PPM1D"
"11719","chr17",59477256,59486828,"TBX2"
"11720","chr17",59489111,59490642,"C17orf82"
"11721","chr17",59529778,59562472,"TBX4"
"11722","chr17",59667794,59668563,"NACA2"
"11724","chr17",59942728,60005377,"INTS2"
"11726","chr17",60342067,60353016,"TBC1D3P2"
"11727","chr17",60447578,60493840,"EFCAB3"
"11728","chr17",60501245,60527455,"METTL2A"
"11730","chr17",60704761,60770953,"MRC2"
"11731","chr17",60783566,60815277,"BC037347"
"11734","chr17",61268699,61268735,"MIR548W"
"11735","chr17",61509665,61523722,"CYB561"
"11736","chr17",61554421,61599204,"ACE"
"11737","chr17",61600694,61626339,"KCNH6"
"11738","chr17",61627821,61671643,"DCAF7"
"11739","chr17",61666809,61669776,"DQ577731"
"11740","chr17",61678230,61685726,"TACO1"
"11741","chr17",61699774,61773671,"MAP3K3"
"11742","chr17",61773249,61778045,"LIMD2"
"11743","chr17",61780192,61819330,"STRADA"
"11744","chr17",61822610,61851088,"CCDC47"
"11745","chr17",61851566,61896678,"DDX42"
"11746","chr17",61896793,61905031,"FTSJ3"
"11747","chr17",61904769,61909388,"PSMC5"
"11748","chr17",61909441,61920351,"SMARCD2"
"11749","chr17",61934375,61941740,"TCAM1P"
"11750","chr17",61949372,61951089,"CSH2"
"11751","chr17",61957572,61959223,"GH2"
"11752","chr17",61972268,61974021,"CSH1"
"11753","chr17",61986965,61988618,"CSHL1"
"11754","chr17",61994563,61996198,"GH1"
"11755","chr17",62006098,62009704,"CD79B"
"11756","chr17",62015914,62050278,"SCN4A"
"11757","chr17",62075710,62081645,"C17orf72"
"11758","chr17",62079955,62097994,"ICAM2"
"11759","chr17",62116510,62119203,"DQ572107"
"11760","chr17",62120390,62207502,"ERN1"
"11761","chr17",62223437,62223518,"SNORD104"
"11762","chr17",62223698,62223832,"SNORA76"
"11764","chr17",62396777,62407083,"PECAM1"
"11765","chr17",62461568,62464761,"MILR1"
"11766","chr17",62473902,62493184,"POLG2"
"11767","chr17",62496884,62496967,"MIR3064"
"11768","chr17",62497332,62497431,"MIR5047"
"11769","chr17",62494374,62502484,"DDX5"
"11770","chr17",62503157,62534063,"CEP95"
"11772","chr17",62745780,62778117,"LOC146880"
"11773","chr17",62775189,62833302,"PLEKHM1P"
"11774","chr17",62850488,62915586,"LRRC37A3"
"11775","chr17",62962668,62971703,"AMZ2P1"
"11776","chr17",63005407,63052920,"GNA13"
"11777","chr17",63133455,63223822,"RGS9"
"11780","chr17",64208147,64225556,"APOH"
"11782","chr17",64394189,64412972,"BC033554"
"11783","chr17",64783189,64783287,"MIR634"
"11784","chr17",64831234,64881396,"CACNG5"
"11785","chr17",64960979,65029519,"CACNG4"
"11786","chr17",65040651,65052912,"CACNG1"
"11788","chr17",65336619,65362721,"PSMD12"
"11790","chr17",65714060,65740267,"NOL11"
"11791","chr17",65736785,65736918,"SNORA38B"
"11793","chr17",65987217,65989765,"C17orf58"
"11794","chr17",66031847,66042971,"KPNA2"
"11795","chr17",66097695,66132071,"LOC100499466"
"11796","chr17",66194800,66196444,"LOC440461"
"11797","chr17",66244144,66253306,"AMZ2"
"11799","chr17",66263167,66287405,"SLC16A6"
"11800","chr17",66420592,66420689,"MIR635"
"11801","chr17",66417422,66453653,"WIPI1"
"11802","chr17",66508109,66528911,"PRKAR1A"
"11803","chr17",66531257,66597095,"FAM20A"
"11804","chr17",66863431,66951533,"ABCA8"
"11805","chr17",66970773,67057136,"ABCA9"
"11806","chr17",67095705,67095773,"MIR4524A"
"11807","chr17",67074847,67138015,"ABCA6"
"11808","chr17",67144148,67240956,"ABCA10"
"11809","chr17",67209852,67210160,"BC150503"
"11810","chr17",67240576,67323323,"ABCA5"
"11812","chr17",67586135,67624480,"BC094791"
"11813","chr17",68047417,68064237,"BX647864"
"11814","chr17",68071425,68131747,"KCNJ16"
"11815","chr17",68164813,68176184,"KCNJ2"
"11816","chr17",68163102,68165543,"FLJ36644"
"11818","chr17",70026956,70035823,"D43770"
"11819","chr17",70067184,70112157,"AK094963"
"11820","chr17",70076079,70116934,"AL833139"
"11821","chr17",70117160,70122561,"SOX9"
"11823","chr17",70594180,70636611,"LINC00511"
"11825","chr17",71161159,71168063,"SSTR2"
"11826","chr17",71189172,71204646,"COG1"
"11827","chr17",71228371,71245096,"C17orf80"
"11828","chr17",71203492,71228533,"FAM104A"
"11829","chr17",71244588,71258019,"CPSF4L"
"11830","chr17",71279763,71308143,"CDC42EP4"
"11831","chr17",71348667,71349461,"AX747206"
"11833","chr17",71782960,71796935,"LOC400620"
"11834","chr17",71745409,71824676,"LINC00469"
"11835","chr17",72199794,72206020,"RPL38"
"11836","chr17",72206135,72209460,"MGC16275"
"11837","chr17",72209695,72258158,"TTYH2"
"11838","chr17",72257680,72258159,"Z49982"
"11839","chr17",72270385,72311024,"DNAI2"
"11840","chr17",72299778,72305929,"BX648926"
"11841","chr17",72322350,72351960,"KIF19"
"11842","chr17",72352555,72357958,"BTBD17"
"11843","chr17",72363644,72369789,"GPR142"
"11844","chr17",72427666,72446721,"GPRC5C"
"11845","chr17",72462521,72480934,"CD300A"
"11846","chr17",72517313,72527613,"CD300LB"
"11847","chr17",72537247,72542282,"CD300C"
"11848","chr17",72581056,72590349,"C17orf77"
"11849","chr17",72576111,72588370,"CD300LD"
"11850","chr17",72606022,72619897,"CD300E"
"11851","chr17",72667255,72743475,"RAB37"
"11852","chr17",72690452,72709108,"CD300LF"
"11853","chr17",72744751,72744839,"MIR3615"
"11854","chr17",72744762,72765500,"SLC9A3R1"
"11855","chr17",72766686,72772470,"NAT9"
"11856","chr17",72772621,72835923,"TMEM104"
"11857","chr17",72838168,72856966,"GRIN2C"
"11858","chr17",72858619,72869156,"FDXR"
"11859","chr17",72873473,72889705,"FADS6"
"11860","chr17",72912176,72919351,"USH1G"
"11861","chr17",72920369,72930007,"OTOP2"
"11862","chr17",72931813,72945512,"OTOP3"
"11863","chr17",72946839,72968900,"C17orf28"
"11864","chr17",72983726,73001893,"CDR2L"
"11865","chr17",73008779,73017357,"ICT1"
"11866","chr17",73028694,73061982,"KCTD2"
"11867","chr17",73030033,73030104,"JA535991"
"11868","chr17",73034955,73043074,"ATP5H"
"11869","chr17",73083821,73102249,"SLC16A5"
"11870","chr17",73106081,73126361,"ARMC7"
"11871","chr17",73126320,73127890,"NT5C"
"11872","chr17",73131344,73150775,"HN1"
"11873","chr17",73163825,73179098,"SUMO2"
"11874","chr17",73201596,73231855,"NUP85"
"11875","chr17",73232694,73258444,"GGA3"
"11876","chr17",73257748,73262458,"MRPS7"
"11877","chr17",73262310,73267311,"MIF4GD"
"11878","chr17",73267379,73269977,"LOC100287042"
"11879","chr17",73269061,73285530,"SLC25A19"
"11880","chr17",73314157,73401790,"GRB2"
"11881","chr17",73402149,73402244,"MIR3678"
"11882","chr17",73452663,73496534,"KIAA0195"
"11883","chr17",73496342,73511627,"CASKIN2"
"11884","chr17",73512608,73520821,"TSEN54"
"11885","chr17",73521782,73571291,"LLGL2"
"11886","chr17",73561173,73563548,"AF289551"
"11887","chr17",73584138,73622928,"MYO15B"
"11888","chr17",73622925,73663269,"RECQL5"
"11889","chr17",73629513,73637487,"C17orf109"
"11890","chr17",73642645,73644058,"C17orf110"
"11891","chr17",73663398,73704140,"SAP30BP"
"11892","chr17",73717515,73753900,"ITGB4"
"11893","chr17",73754018,73761280,"GALK1"
"11894","chr17",73780680,73821887,"UNK"
"11895","chr17",73780602,73780688,"MIR4738"
"11896","chr17",73823308,73840851,"UNC13D"
"11897","chr17",73843985,73844006,"DL490821"
"11898","chr17",73841780,73851501,"WBP2"
"11899","chr17",73870245,73874656,"TRIM47"
"11900","chr17",73885041,73893054,"TRIM65"
"11901","chr17",73894724,73905899,"MRPL38"
"11902","chr17",73905655,73937119,"FBF1"
"11903","chr17",73975297,74002081,"CDK3"
"11904","chr17",73937589,73975515,"ACOX1"
"11905","chr17",74002927,74023507,"EVPL"
"11906","chr17",74035191,74068607,"SRP68"
"11907","chr17",74070891,74073574,"GALR2"
"11908","chr17",74075262,74078886,"ZACN"
"11909","chr17",74077086,74099868,"EXOC7"
"11910","chr17",74136636,74150730,"LOC100507218"
"11911","chr17",74132415,74137380,"FOXJ1"
"11912","chr17",74151728,74151759,"DQ570973"
"11913","chr17",74138534,74236390,"RNF157"
"11914","chr17",74261285,74267380,"FAM100B"
"11915","chr17",74270130,74303761,"QRICH2"
"11916","chr17",74306868,74350279,"PRPSAP1"
"11917","chr17",74372741,74383942,"SPHK1"
"11918","chr17",74385613,74449288,"UBE2O"
"11919","chr17",74449432,74466200,"AANAT"
"11920","chr17",74466975,74497509,"RHBDF2"
"11921","chr17",74492856,74494871,"AX747521"
"11922","chr17",74523667,74549661,"PRCD"
"11923","chr17",74523440,74533782,"CYGB"
"11924","chr17",74553845,74561431,"LOC100507246"
"11925","chr17",74554873,74554952,"SNORD1C"
"11926","chr17",74557189,74557276,"SNORD1B"
"11927","chr17",74557714,74557789,"SNORD1A"
"11928","chr17",74561461,74582145,"ST6GALNAC2"
"11929","chr17",74620845,74639894,"ST6GALNAC1"
"11930","chr17",74671809,74707056,"MXRA7"
"11931","chr17",74708914,74722881,"JMJD6"
"11932","chr17",74722911,74729963,"METTL23"
"11933","chr17",74732271,74775337,"MFSD11"
"11934","chr17",74730197,74733493,"SRSF2"
"11935","chr17",74732532,74732630,"MIR636"
"11936","chr17",74846257,74857917,"BC038218"
"11937","chr17",74864797,74946472,"MGAT5B"
"11938","chr17",75082797,75095279,"LINC00338"
"11941","chr17",75393066,75393136,"MIR4316"
"11942","chr17",75524206,75532675,"BC040189"
"11943","chr17",75543022,75561104,"LOC100507351"
"11944","chr17",75875083,75880169,"FLJ45079"
"11945","chr17",76000250,76000292,"septin 9/TNRC6C fusion"
"11947","chr17",76103480,76106416,"AK123771"
"11948","chr17",76103483,76107880,"LOC100131096"
"11949","chr17",76108999,76128488,"TMC6"
"11950","chr17",76126858,76139050,"TMC8"
"11951","chr17",76142433,76162365,"C17orf99"
"11952","chr17",76154362,76154384,"JA425978"
"11953","chr17",76164670,76169010,"SYNGR2"
"11954","chr17",76170160,76183285,"TK1"
"11955","chr17",76183397,76203783,"AFMID"
"11956","chr17",76210276,76221717,"BIRC5"
"11957","chr17",76220157,76220780,"EPR-1"
"11958","chr17",76227390,76237069,"TMEM235"
"11959","chr17",76352859,76356158,"SOCS3"
"11960","chr17",76374734,76420640,"PGS1"
"11962","chr17",76492734,76499139,"AK127460"
"11964","chr17",76791735,76836969,"USP36"
"11965","chr17",76849059,76921472,"TIMP2"
"11966","chr17",76886662,76899299,"LOC100653515"
"11967","chr17",76967335,76976061,"LGALS3BP"
"11968","chr17",76993927,76993957,"DQ595190"
"11969","chr17",76987798,77005899,"CANT1"
"11970","chr17",77020250,77045871,"C1QTNF1"
"11971","chr17",77015291,77023737,"LOC100507410"
"11972","chr17",77071018,77084682,"ENGASE"
"11974","chr17",77680985,77681058,"MIR4739"
"11975","chr17",77681074,77686082,"HP09025"
"11976","chr17",77704881,77716022,"ENPP7"
"11977","chr17",77751976,77761450,"CBX2"
"11978","chr17",77768176,77770915,"CBX8"
"11979","chr17",77806955,77813213,"CBX4"
"11980","chr17",77893155,77897771,"BC044939"
"11981","chr17",77906143,77912277,"AK097283"
"11982","chr17",77913819,78009647,"TBC1D16"
"11983","chr17",78010430,78074413,"CCDC40"
"11984","chr17",78075354,78093680,"GAA"
"11985","chr17",78109013,78120982,"EIF4A3"
"11986","chr17",78143832,78182852,"CARD14"
"11987","chr17",78183079,78194199,"SGSH"
"11989","chr17",78388966,78411885,"ENDOV"
"11990","chr17",78325631,78388968,"LOC100294362"
"11991","chr17",78393217,78393294,"MIR4730"
"11992","chr17",78437251,78439393,"AX746631"
"11993","chr17",78440633,78450404,"NPTX1"
"11995","chr17",78940039,78945013,"AK127919"
"11996","chr17",78965640,78973934,"CHMP6"
"11997","chr17",78977134,78978831,"AF258550"
"11998","chr17",79002933,79008519,"FLJ90757"
"11999","chr17",79008946,79091233,"BAIAP2"
"12000","chr17",79091096,79139872,"AATK"
"12001","chr17",79099076,79099173,"MIR657"
"12002","chr17",79099676,79099756,"MIR3065"
"12003","chr17",79099683,79099749,"MIR338"
"12004","chr17",79106996,79107108,"MIR1250"
"12005","chr17",79139306,79156965,"AATK-AS1"
"12006","chr17",79163393,79196751,"AZI1"
"12007","chr17",79202506,79207784,"AL832593"
"12008","chr17",79202077,79212891,"C17orf56"
"12009","chr17",79213104,79215099,"C17orf89"
"12010","chr17",79218799,79269096,"SLC38A10"
"12011","chr17",79276624,79283048,"LINC00482"
"12012","chr17",79285072,79304474,"TMEM105"
"12013","chr17",79373539,79433359,"BAHCC1"
"12014","chr17",79374516,79374578,"MIR4740"
"12015","chr17",79418130,79418214,"MIR3186"
"12016","chr17",79477605,79477634,"DQ585569"
"12017","chr17",79476997,79479892,"ACTG1"
"12018","chr17",79495416,79504157,"FSCN2"
"12019","chr17",79506911,79519429,"C17orf70"
"12020","chr17",79523913,79604138,"NPLOC4"
"12021","chr17",79604196,79615780,"TSPAN10"
"12022","chr17",79617489,79623607,"PDE6G"
"12023","chr17",79632066,79633625,"C17orf90"
"12024","chr17",79633760,79640937,"CCDC137"
"12025","chr17",79648224,79650954,"ARL16"
"12026","chr17",79650961,79669152,"HGS"
"12027","chr17",79670399,79674557,"MRPL12"
"12028","chr17",79679370,79688043,"SLC25A10"
"12029","chr17",79762009,79771890,"GCGR"
"12030","chr17",79780293,79791167,"FAM195B"
"12031","chr17",79791368,79792926,"PPP1R27"
"12032","chr17",79801034,79818544,"P4HB"
"12033","chr17",79825597,79826845,"AK293147"
"12034","chr17",79845711,79849462,"ALYREF"
"12035","chr17",79849598,79858364,"ANAPC11"
"12036","chr17",79860071,79860782,"NPB"
"12037","chr17",79860777,79869340,"PCYT2"
"12038","chr17",79869815,79876058,"SIRT7"
"12039","chr17",79876145,79885587,"MAFG"
"12040","chr17",79885704,79888630,"MAFG-AS1"
"12041","chr17",79890267,79895172,"PYCR1"
"12042","chr17",79897521,79905109,"MYADML2"
"12043","chr17",79910383,79919057,"NOTUM"
"12044","chr17",79935425,79975283,"ASPSCR1"
"12045","chr17",79976579,79980773,"STRA13"
"12046","chr17",79981279,79989028,"LRRC45"
"12047","chr17",79989531,79992081,"RAC3"
"12048","chr17",79993757,79995573,"DCXR"
"12049","chr17",80005778,80009650,"RFNG"
"12050","chr17",80009762,80015347,"GPS1"
"12051","chr17",80015751,80023680,"DUS1L"
"12052","chr17",80036214,80056106,"FASN"
"12054","chr17",80186281,80197376,"SLC16A3"
"12055","chr17",80200537,80231594,"CSNK1D"
"12056","chr17",80247922,80250690,"BC033560"
"12057","chr17",80272746,80275480,"CD7"
"12058","chr17",80278900,80291921,"SECTM1"
"12059","chr17",80317122,80321653,"TEX19"
"12060","chr17",80332200,80333371,"UTS2R"
"12061","chr17",80338987,80340511,"AF075112"
"12062","chr17",80376251,80400517,"HEXDC"
"12063","chr17",80347086,80376513,"C17orf101"
"12064","chr17",80400463,80408707,"C17orf62"
"12065","chr17",80416059,80446144,"NARF"
"12066","chr17",80477593,80562484,"FOXK2"
"12067","chr17",80572438,80606411,"WDR45L"
"12068","chr17",80614943,80656598,"RAB40B"
"12069","chr17",80674581,80685894,"FN3KRP"
"12070","chr17",80693451,80709074,"FN3K"
"12072","chr17",80787310,80797931,"ZNF750"
"12074","chr17",81037566,81052592,"METRNL"
"12075","chr17",81174665,81188574,"FLJ43681"
"12076","chr18",109064,122223,"ROCK1P1"
"12077","chr18",102909,112287,"DUX4"
"12078","chr18",158482,213740,"USP14"
"12079","chr18",214520,268059,"THOC1"
"12081","chr18",580368,581525,"CETN1"
"12082","chr18",596997,650294,"CLUL1"
"12083","chr18",657603,673500,"TYMS"
"12084","chr18",649620,658340,"C18orf56"
"12085","chr18",670324,712662,"ENOSF1"
"12086","chr18",721592,812542,"YES1"
"12087","chr18",904943,912174,"ADCYAP1"
"12089","chr18",2537524,2571489,"METTL4"
"12090","chr18",2571509,2616635,"NDC80"
"12091","chr18",2652169,2655394,"CBX3P2"
"12093","chr18",2847027,2914091,"EMILIN2"
"12094","chr18",2943213,2946621,"LOC727896"
"12095","chr18",2916992,3011945,"LPIN2"
"12097","chr18",3247527,3256235,"MYL12A"
"12098","chr18",3262110,3278283,"MYL12B"
"12099","chr18",3412071,3458407,"TGIF1"
"12100","chr18",3473959,3478975,"AX721193"
"12101","chr18",3594111,3597378,"FLJ35776"
"12102","chr18",3603735,3608324,"BC094703"
"12103","chr18",3604967,3606885,"AK091102"
"12105","chr18",3878179,3897070,"LOC201477"
"12106","chr18",4264601,4296001,"LOC284215"
"12107","chr18",5143672,5197255,"C18orf42"
"12108","chr18",5236723,5238028,"LINC00526"
"12109","chr18",5238098,5246506,"LOC339290"
"12110","chr18",5289018,5297052,"ZFP161"
"12112","chr18",5748817,5795901,"LOC645355"
"12113","chr18",5840693,5840833,"MIR3976"
"12114","chr18",5890184,5892103,"TMEM200C"
"12115","chr18",6256745,6260934,"BC040631"
"12117","chr18",6374360,6374424,"MIR4317"
"12118","chr18",6511414,6590653,"LOC100130480"
"12120","chr18",6919495,6929868,"LOC400643"
"12122","chr18",7231136,7232043,"LRRC30"
"12124","chr18",8360818,8367032,"LOC100192426"
"12125","chr18",8609434,8639381,"RAB12"
"12127","chr18",8829920,8832777,"BX648455"
"12128","chr18",9102627,9134344,"NDUFV2"
"12130","chr18",9334764,9402419,"TWSG1"
"12131","chr18",9475006,9538107,"RALBP1"
"12132","chr18",9546792,9614600,"PPP4R1"
"12134","chr18",9885722,9888157,"TXNDC2"
"12135","chr18",9913954,9960019,"VAPA"
"12136","chr18",10244401,10247598,"AX747048"
"12137","chr18",10454624,10488699,"APCDD1"
"12138","chr18",10525872,10552767,"NAPG"
"12140","chr18",10794068,10795000,"AX747416"
"12141","chr18",11653953,11653986,"DQ594439"
"12142","chr18",11653988,11654031,"DQ585728"
"12143","chr18",11654684,11654715,"DQ584035"
"12144","chr18",11654904,11654975,"DQ576414"
"12145","chr18",11655825,11655865,"DQ572814"
"12146","chr18",11656347,11656375,"DQ578665"
"12147","chr18",11656510,11656546,"DQ588121"
"12148","chr18",11656640,11656677,"DQ582047"
"12149","chr18",11656889,11656922,"DQ596967"
"12150","chr18",11657098,11657127,"DQ583379"
"12151","chr18",11659557,11659590,"DQ577739"
"12152","chr18",11659652,11659693,"DQ586641"
"12153","chr18",11660052,11660108,"DQ584777"
"12154","chr18",11660551,11660595,"DQ596015"
"12155","chr18",11660684,11660726,"DQ591120"
"12156","chr18",11660802,11660840,"DQ584752"
"12157","chr18",11660917,11661053,"DQ599577"
"12158","chr18",11661092,11661121,"DQ594388"
"12159","chr18",11661165,11661195,"DQ576785"
"12160","chr18",11661898,11661927,"DQ571750"
"12161","chr18",11662269,11662298,"DQ595824"
"12162","chr18",11662567,11662596,"DQ587169"
"12163","chr18",11662624,11662660,"DQ590893"
"12164","chr18",11662672,11662710,"DQ589220"
"12165","chr18",11662762,11662792,"DQ577471"
"12166","chr18",11663266,11663305,"DQ600032"
"12167","chr18",11663318,11663348,"DQ575585"
"12168","chr18",11663397,11663431,"DQ594539"
"12169","chr18",11663677,11663715,"DQ597648"
"12170","chr18",11663725,11663763,"DQ588286"
"12171","chr18",11663872,11663927,"DQ579207"
"12172","chr18",11664050,11664097,"DQ578037"
"12173","chr18",11664165,11664207,"DQ591184"
"12174","chr18",11664379,11664427,"DQ599038"
"12175","chr18",11664474,11664506,"DQ587882"
"12176","chr18",11664672,11664718,"DQ581117"
"12177","chr18",11664754,11664799,"DQ570920"
"12178","chr18",11664904,11664941,"DQ600844"
"12179","chr18",11665144,11665207,"DQ588090"
"12180","chr18",11665327,11665356,"DQ570262"
"12181","chr18",11665945,11665975,"DQ573573"
"12182","chr18",11667622,11668372,"DQ575348"
"12183","chr18",11670978,11671032,"DQ577323"
"12184","chr18",11671618,11671649,"DQ589620"
"12185","chr18",11672275,11672327,"DQ579650"
"12186","chr18",11672358,11672425,"DQ582489"
"12188","chr18",11851388,11854449,"CHMP1B"
"12189","chr18",11883472,11908796,"MPPE1"
"12190","chr18",11981426,12030886,"IMPA2"
"12191","chr18",12093847,12129749,"ANKRD62"
"12192","chr18",12254317,12277595,"CIDEA"
"12193","chr18",12308239,12329825,"TUBB6"
"12194","chr18",12328943,12377275,"AFG3L2"
"12195","chr18",12407894,12432237,"SLMO1"
"12197","chr18",12658191,12660479,"AK095621"
"12198","chr18",12658737,12725740,"PSMG2"
"12199","chr18",12661955,12702703,"CEP76"
"12200","chr18",12785477,12884334,"PTPN2"
"12201","chr18",12947982,12987537,"SEH1L"
"12203","chr18",13203773,13216366,"BC041855"
"12205","chr18",13419498,13427533,"LOC100288122"
"12206","chr18",13457207,13459159,"AX748268"
"12207","chr18",13611112,13611200,"MIR4526"
"12208","chr18",13663346,13726591,"FAM210A"
"12209","chr18",13726703,13764555,"RNMT"
"12210","chr18",13825542,13826862,"MC5R"
"12211","chr18",13882043,13915535,"MC2R"
"12212","chr18",14089933,14091019,"BC034578"
"12213","chr18",14075989,14132489,"ZNF519"
"12214","chr18",14179095,14227050,"ANKRD20A5P"
"12215","chr18",14337421,14342524,"CYP4F35P"
"12216","chr18",14477954,14498705,"CXADRP3"
"12217","chr18",14511737,14543599,"POTEC"
"12219","chr18",14830164,14830242,"MIR3156-2"
"12220","chr18",15313555,15325918,"LOC644669"
"12223","chr18",19109262,19180693,"ESCO1"
"12224","chr18",19192259,19210209,"SNRPD1"
"12225","chr18",19230858,19284766,"ABHD3"
"12226","chr18",19263470,19263559,"MIR320C1"
"12228","chr18",19405659,19405746,"MIR133A1"
"12229","chr18",19408965,19409049,"MIR1-2"
"12230","chr18",19405448,19411367,"mir-133b"
"12231","chr18",19749415,19782228,"GATA6"
"12232","chr18",19993564,19997878,"CTAGE1"
"12233","chr18",20513294,20606450,"RBBP8"
"12234","chr18",20513311,20513402,"MIR4741"
"12237","chr18",21032786,21063100,"RIOK3"
"12238","chr18",21083461,21111745,"C18orf8"
"12239","chr18",21108363,21166581,"NPC1"
"12240","chr18",21179978,21242849,"ANKRD29"
"12243","chr18",21718954,21741565,"CABYR"
"12245","chr18",21901649,21901700,"MIR320C2"
"12246","chr18",22006608,22033495,"IMPACT"
"12247","chr18",22040592,22059922,"HRH4"
"12248","chr18",22208145,22242163,"LOC729950"
"12250","chr18",23596217,23671164,"SS18"
"12251","chr18",23713815,23773320,"PSMA8"
"12254","chr18",24267585,24283602,"LOC728606"
"12255","chr18",24432008,24445716,"AQP4"
"12260","chr18",27878875,27878927,"MIR302F"
"12261","chr18",28570052,28622781,"DSC3"
"12262","chr18",28645942,28682388,"DSC2"
"12263","chr18",28711418,28712455,"BC042382"
"12264","chr18",28709214,28742819,"DSC1"
"12265","chr18",28898051,28937394,"DSG1"
"12266","chr18",28956739,28993881,"DSG4"
"12267","chr18",29027731,29058666,"DSG3"
"12268","chr18",29078026,29128815,"DSG2"
"12269","chr18",29122109,29136874,"LOC100652770"
"12270","chr18",29171729,29178987,"TTR"
"12271","chr18",29202209,29264686,"B4GALT6"
"12272","chr18",29339659,29340843,"MCART2"
"12274","chr18",29598444,29653155,"RNF125"
"12275","chr18",29671817,29711525,"RNF138"
"12276","chr18",29769986,29800367,"MEP1B"
"12278","chr18",30091625,30094598,"WBP11P1"
"12285","chr18",32820993,32847098,"ZNF397"
"12286","chr18",32831023,32870196,"ZSCAN30"
"12287","chr18",32870235,32890731,"ZNF271"
"12288","chr18",32912178,32924426,"ZNF24"
"12289","chr18",32946661,32957301,"ZNF396"
"12290","chr18",33033290,33077955,"INO80C"
"12292","chr18",33171700,33171771,"MIR3975"
"12293","chr18",33484781,33484889,"MIR187"
"12294","chr18",33552587,33559251,"C18orf21"
"12295","chr18",33569787,33647373,"RPRD1A"
"12296","chr18",33688494,33709357,"SLC39A6"
"12297","chr18",33709836,33754689,"ELP2"
"12298","chr18",33759964,33767398,"BC009735"
"12299","chr18",33767479,33848686,"MOCOS"
"12302","chr18",34376034,34409158,"TPGS2"
"12303","chr18",34481908,34503777,"BC037214"
"12305","chr18",35237097,35237179,"MIR4318"
"12307","chr18",37421138,37504804,"AK309717"
"12308","chr18",37646249,37679198,"BC045816"
"12309","chr18",39060236,39100561,"KC6"
"12313","chr18",40847857,40857615,"SYT4"
"12316","chr18",42550047,42550131,"MIR4319"
"12318","chr18",43063309,43109821,"BC038429"
"12319","chr18",43018151,43083789,"AK126075"
"12320","chr18",43304091,43332486,"SLC14A1"
"12321","chr18",43405544,43422522,"SIGLEC15"
"12323","chr18",43563502,43652250,"PSTPIP2"
"12324","chr18",43664110,43684199,"ATP5A1"
"12325","chr18",43684297,43708300,"HAUS1"
"12326","chr18",43753987,43846956,"C18orf25"
"12328","chr18",43914642,43917091,"C18orf23"
"12330","chr18",44247785,44250252,"AK095045"
"12331","chr18",44259081,44337039,"ST8SIA5"
"12334","chr18",44542731,44544607,"LOC100506888"
"12335","chr18",44548658,44556449,"TCEB3C"
"12336","chr18",44558943,44561988,"TCEB3B"
"12337","chr18",44633781,44676871,"HDHD2"
"12338","chr18",44681390,44702745,"IER3IP1"
"12339","chr18",44757494,44775554,"SKOR2"
"12341","chr18",45359466,45457515,"SMAD2"
"12344","chr18",46196962,46197053,"MIR4743"
"12345","chr18",46446223,46477081,"SMAD7"
"12346","chr18",46576057,46576138,"MIR4744"
"12348","chr18",47007548,47013644,"C18orf32"
"12349","chr18",47013742,47013793,"MIR1539"
"12350","chr18",47015605,47015694,"SNORD58C"
"12351","chr18",47017653,47017717,"SNORD58A"
"12352","chr18",47018034,47018099,"SNORD58B"
"12353","chr18",47014851,47018834,"RPL17"
"12354","chr18",47088426,47119279,"LIPG"
"12355","chr18",47309874,47340251,"ACAA2"
"12356","chr18",47340392,47340814,"SCARNA17"
"12358","chr18",47621380,47623738,"AX747527"
"12359","chr18",47652869,47652933,"MIR4320"
"12360","chr18",47753563,47792865,"CCDC11"
"12361","chr18",47793252,47808144,"MBD1"
"12362","chr18",47808713,47814692,"CXXC1"
"12363","chr18",47901391,47920539,"SKA1"
"12365","chr18",48321490,48351754,"MRO"
"12366","chr18",48405431,48476163,"ME2"
"12367","chr18",48494386,48514491,"ELAC1"
"12368","chr18",48556582,48611412,"SMAD4"
"12369","chr18",48700920,48724051,"MEX3C"
"12372","chr18",51105993,51107426,"BC034434"
"12373","chr18",51748654,51748782,"SNORA37"
"12374","chr18",51677971,51751158,"MBD2"
"12375","chr18",51795848,51824605,"POLI"
"12376","chr18",51851062,51880943,"STARD6"
"12377","chr18",51885170,51908405,"C18orf54"
"12378","chr18",52258389,52266725,"C18orf26"
"12379","chr18",52495707,52562748,"RAB27B"
"12380","chr18",52568740,52626739,"CCDC68"
"12381","chr18",52773135,52791537,"AK093940"
"12383","chr18",53146451,53146530,"MIR4529"
"12384","chr18",53443958,53448952,"AK127787"
"12385","chr18",53746625,53746825,"SNORA73"
"12386","chr18",53750587,53804767,"LOC100505474"
"12387","chr18",54270053,54318502,"TXNL1"
"12389","chr18",54814292,54817640,"BOD1P"
"12390","chr18",55019720,55036162,"ST8SIA3"
"12391","chr18",55102916,55158531,"ONECUT2"
"12392","chr18",55212073,55253969,"FECH"
"12393","chr18",55267894,55289177,"NARS"
"12397","chr18",56118305,56118391,"MIR122"
"12398","chr18",56118312,56118384,"MIR3591"
"12400","chr18",56338617,56417371,"MALT1"
"12402","chr18",56702970,56720447,"LOC390858"
"12403","chr18",56807124,56815245,"AK311213"
"12404","chr18",56887399,56898003,"GRP"
"12405","chr18",56934267,56940625,"RAX"
"12406","chr18",56962636,56985881,"CPLX4"
"12407","chr18",56995056,57026508,"LMAN1"
"12409","chr18",57567191,57571539,"PMAIP1"
"12410","chr18",58038564,58040001,"MC4R"
"12412","chr18",59415408,59420918,"AK054836"
"12413","chr18",59482304,59560304,"RNF152"
"12416","chr18",59992547,60053505,"TNFRSF11A"
"12417","chr18",60190657,60253963,"ZCCHC2"
"12420","chr18",60994971,61034506,"KDSR"
"12421","chr18",61056425,61089752,"VPS4B"
"12422","chr18",61144143,61172319,"SERPINB5"
"12423","chr18",61223392,61234245,"SERPINB12"
"12424","chr18",61254533,61266434,"SERPINB13"
"12425","chr18",61304493,61328476,"SERPINB4"
"12426","chr18",61322431,61329197,"SERPINB3"
"12427","chr18",61370084,61393667,"SERPINB11"
"12428","chr18",61420276,61472605,"SERPINB7"
"12429","chr18",61554938,61584756,"SERPINB2"
"12430","chr18",61575193,61602477,"SERPINB10"
"12431","chr18",61616587,61627646,"HMSD"
"12432","chr18",61627473,61656609,"SERPINB8"
"12433","chr18",61747243,61816260,"LINC00305"
"12435","chr18",61880318,61927290,"LOC400654"
"12437","chr18",64171321,64271216,"CDH19"
"12438","chr18",65173819,65183967,"DSEL"
"12440","chr18",66340925,66382353,"TMX3"
"12443","chr18",67530193,67624232,"CD226"
"12445","chr18",67956136,67997435,"SOCS6"
"12446","chr18",69187200,69246192,"LOC100505776"
"12447","chr18",70203915,70211723,"CBLN2"
"12450","chr18",70992175,71017125,"LOC100505817"
"12451","chr18",71740588,71815100,"FBXO15"
"12452","chr18",71815745,71826205,"TIMM21"
"12453","chr18",71920527,71959251,"CYB5A"
"12454","chr18",71983109,72026423,"C18orf63"
"12455","chr18",72102963,72124503,"FAM69C"
"12456","chr18",72163499,72190690,"CNDP2"
"12457","chr18",72174301,72176868,"AX747775"
"12458","chr18",72201691,72252262,"CNDP1"
"12459","chr18",72225646,72227303,"BC047599"
"12460","chr18",72259010,72265071,"LOC400657"
"12462","chr18",72909278,72921281,"ZADH2"
"12463","chr18",72922730,73001902,"TSHZ1"
"12464","chr18",73121827,73139589,"C18orf62"
"12465","chr18",73408034,73424340,"BC037384"
"12466","chr18",73834952,73857211,"LOC339298"
"12468","chr18",74207476,74210046,"AK126293"
"12469","chr18",74240611,74271785,"LOC284276"
"12470","chr18",74401985,74405593,"FLJ44881"
"12471","chr18",74411559,74412561,"BC070490"
"12472","chr18",74506688,74534251,"LOC100131655"
"12474","chr18",74690790,74696103,"AK094611"
"12476","chr18",74962007,74982097,"GALR1"
"12477","chr18",76740274,76758970,"SALL3"
"12480","chr18",77439800,77514511,"CTDP1"
"12481","chr18",77623667,77659817,"KCNG2"
"12482","chr18",77674212,77676055,"AX746671"
"12483","chr18",77662420,77711653,"PQLC1"
"12484","chr18",77724581,77730823,"HSBP1L1"
"12485","chr18",77732867,77793915,"TXNL4A"
"12486","chr18",77794345,77853789,"RBFA"
"12487","chr18",77806899,77839194,"BC016878"
"12488","chr18",77822751,77830759,"BX537710"
"12489","chr18",77866914,77898229,"ADNP2"
"12490","chr18",77905806,77936316,"LOC100130522"
"12491","chr18",77915117,78005397,"PARD6G"
"12492","chr19",60951,70966,"WASH5P"
"12493","chr19",107145,111597,"OR4F17"
"12494","chr19",197016,202209,"FLJ45445"
"12495","chr19",209329,209356,"DQ593908"
"12496","chr19",281044,291435,"PPAP2C"
"12497","chr19",305575,344791,"MIER2"
"12498","chr19",362057,376013,"THEG"
"12499","chr19",405443,409170,"C2CD4C"
"12500","chr19",416583,460996,"SHC2"
"12501","chr19",463346,474983,"ODF3L2"
"12502","chr19",496489,505344,"MADCAM1"
"12503","chr19",507496,519655,"TPGS1"
"12504","chr19",531732,542088,"CDC34"
"12505","chr19",544026,549920,"GZMM"
"12506","chr19",571324,583494,"BSG"
"12507","chr19",589892,617160,"HCN2"
"12508","chr19",617223,633568,"POLRMT"
"12509","chr19",639925,643704,"FGF22"
"12510","chr19",647526,663233,"RNF126"
"12511","chr19",676388,683393,"FSTL3"
"12512","chr19",685546,695461,"PRSS57"
"12513","chr19",708952,748331,"PALM"
"12514","chr19",751145,764319,"C19orf21"
"12515","chr19",797391,812328,"PTBP1"
"12516","chr19",804931,805024,"MIR4745"
"12517","chr19",813583,813654,"MIR3187"
"12518","chr19",812488,821967,"LPPR3"
"12519","chr19",827830,832018,"AZU1"
"12520","chr19",840984,848176,"PRTN3"
"12521","chr19",852290,856247,"ELANE"
"12522","chr19",859664,863611,"CFD"
"12523","chr19",867962,893218,"MED16"
"12524","chr19",896503,913225,"R3HDM4"
"12525","chr19",917341,921016,"KISS1R"
"12526","chr19",926036,972804,"ARID3A"
"12527","chr19",984327,994570,"WDR18"
"12528","chr19",1000436,1009724,"GRIN3B"
"12529","chr19",1006168,1009551,"FLJ00277"
"12530","chr19",1009650,1021141,"C19orf6"
"12531","chr19",1026297,1039065,"CNN2"
"12532","chr19",1040101,1065571,"ABCA7"
"12533","chr19",1065929,1086628,"HMHA1"
"12534","chr19",1086578,1095391,"POLR2E"
"12535","chr19",1103935,1106788,"GPX4"
"12536","chr19",1107633,1174282,"SBNO2"
"12537","chr19",1205797,1228435,"STK11"
"12538","chr19",1229947,1237990,"C19orf26"
"12539","chr19",1241748,1244825,"ATP5D"
"12540","chr19",1248551,1259143,"MIDN"
"12541","chr19",1269266,1274440,"CIRBP"
"12542","chr19",1267470,1270259,"CIRBP-AS1"
"12543","chr19",1272622,1272718,"DL492057"
"12544","chr19",1275519,1279244,"C19orf24"
"12545","chr19",1286152,1301430,"EFNA2"
"12546","chr19",1354975,1378431,"MUM1"
"12547","chr19",1383525,1395589,"NDUFS7"
"12548","chr19",1392169,1396466,"AK126693"
"12549","chr19",1397088,1401552,"GAMT"
"12550","chr19",1407583,1435683,"DAZAP1"
"12551","chr19",1438362,1440493,"RPS15"
"12552","chr19",1450147,1473244,"APC2"
"12553","chr19",1461762,1479228,"C19orf25"
"12554","chr19",1481427,1490410,"PCSK4"
"12555","chr19",1491164,1497925,"REEP6"
"12556","chr19",1505017,1513188,"ADAMTSL5"
"12557","chr19",1524072,1535456,"PLK5"
"12558","chr19",1554668,1568057,"MEX3D"
"12559","chr19",1573595,1575474,"AX747577"
"12560","chr19",1576677,1592710,"MBD3"
"12561","chr19",1597154,1605483,"UQCR11"
"12562","chr19",1609289,1652328,"TCF3"
"12563","chr19",1753661,1775445,"ONECUT3"
"12564","chr19",1782074,1812270,"ATP8B3"
"12565","chr19",1816158,1816237,"MIR1909"
"12566","chr19",1815245,1848452,"REXO1"
"12567","chr19",1822087,1824543,"LOC100288123"
"12568","chr19",1852398,1863564,"KLF16"
"12569","chr19",1876975,1885518,"FAM108A1"
"12570","chr19",1905372,1913447,"ADAT3"
"12571","chr19",1941160,1981337,"CSNK1G2"
"12572","chr19",1952526,1954548,"CSNK1G2-AS1"
"12573","chr19",1985447,2015702,"BTBD2"
"12574","chr19",2037470,2039455,"AK097012"
"12575","chr19",2037472,2051243,"MKNK2"
"12576","chr19",2071035,2096269,"MOB3A"
"12577","chr19",2096867,2099584,"IZUMO4"
"12578","chr19",2100993,2151556,"AP3D1"
"12579","chr19",2164147,2232578,"DOT1L"
"12580","chr19",2212028,2215564,"AX746733"
"12581","chr19",2234061,2234148,"MIR1227"
"12582","chr19",2236815,2248679,"SF3A2"
"12583","chr19",2233155,2236951,"PLEKHJ1"
"12584","chr19",2249112,2252073,"AMH"
"12585","chr19",2250637,2250718,"MIR4321"
"12586","chr19",2252250,2256422,"JSRP1"
"12587","chr19",2269519,2273488,"OAZ1"
"12588","chr19",2274631,2282181,"C19orf35"
"12589","chr19",2289998,2292024,"AX747191"
"12590","chr19",2289774,2308156,"LINGO3"
"12591","chr19",2321520,2328614,"LSM7"
"12592","chr19",2328628,2355101,"SPPL2B"
"12593","chr19",2389783,2426087,"TMPRSS9"
"12594","chr19",2425622,2427875,"TIMM13"
"12595","chr19",2428164,2456958,"LMNB2"
"12596","chr19",2476122,2478258,"GADD45B"
"12597","chr19",2641836,2643849,"BC022568"
"12599","chr19",2714565,2721390,"DIRAS1"
"12600","chr19",2732202,2740074,"SLC39A3"
"12601","chr19",2754712,2783354,"SGTA"
"12602","chr19",2785505,2813600,"THOP1"
"12603","chr19",2819871,2836734,"ZNF554"
"12604","chr19",2841432,2860473,"ZNF555"
"12605","chr19",2867332,2878504,"ZNF556"
"12606","chr19",2900895,2918475,"ZNF57"
"12607","chr19",2933216,2944969,"ZNF77"
"12608","chr19",2977535,2995183,"TLE6"
"12609","chr19",2997636,3047633,"TLE2"
"12610","chr19",3052908,3062964,"AES"
"12611","chr19",3094407,3121455,"GNA11"
"12612","chr19",3121806,3123997,"DKFZp434J194"
"12613","chr19",3136190,3163767,"GNA15"
"12614","chr19",3178735,3180331,"S1PR4"
"12615","chr19",3185874,3209574,"NCLN"
"12616","chr19",3224700,3297074,"CELF5"
"12618","chr19",3474405,3480540,"C19orf77"
"12619","chr19",3490819,3500938,"DOHH"
"12620","chr19",3506294,3536756,"FZR1"
"12621","chr19",3539154,3544029,"C19orf71"
"12622","chr19",3538648,3540042,"BC052241"
"12623","chr19",3538263,3557571,"MFSD12"
"12624","chr19",3572942,3579082,"HMG20B"
"12625","chr19",3585568,3593540,"GIPC3"
"12626","chr19",3594504,3606831,"TBXA2R"
"12627","chr19",3607244,3613929,"C19orf29-AS1"
"12628","chr19",3610627,3626813,"C19orf29"
"12629","chr19",3630179,3700477,"PIP5K1C"
"12630","chr19",3708381,3750683,"TJP3"
"12631","chr19",3750771,3761673,"APBA3"
"12632","chr19",3762664,3767564,"MRPL54"
"12633","chr19",3769089,3772219,"RAX2"
"12634","chr19",3781793,3781854,"JA611290"
"12635","chr19",3777967,3801810,"MATK"
"12636","chr19",3804022,3869027,"ZFR2"
"12637","chr19",3880617,3928081,"ATCAY"
"12638","chr19",3933100,3942415,"ITGB1BP3"
"12639","chr19",3961412,3961510,"MIR637"
"12640","chr19",3958452,3971038,"DAPK3"
"12641","chr19",3976054,3985461,"EEF2"
"12642","chr19",4007748,4038068,"PIAS4"
"12643","chr19",4045216,4066816,"ZBTB7A"
"12644","chr19",4090320,4124126,"MAP2K2"
"12645","chr19",4153628,4173049,"CREB3L3"
"12646","chr19",4174106,4182596,"SIRT6"
"12647","chr19",4183350,4224812,"ANKRD24"
"12648","chr19",4229539,4237525,"EBI3"
"12649","chr19",4247110,4269086,"CCDC94"
"12650","chr19",4278597,4290721,"SHD"
"12651","chr19",4292225,4302428,"TMIGD2"
"12652","chr19",4304590,4323844,"FSD1"
"12653","chr19",4324040,4342783,"STAP2"
"12654","chr19",4343523,4360084,"MPND"
"12655","chr19",4360364,4400565,"SH3GL1"
"12656","chr19",4402659,4443395,"CHAF1A"
"12657","chr19",4445974,4446046,"MIR4746"
"12658","chr19",4445003,4457791,"UBXN6"
"12659","chr19",4472254,4502223,"HDGFRP2"
"12660","chr19",4502192,4517716,"PLIN4"
"12661","chr19",4522544,4540036,"PLIN5"
"12662","chr19",4542600,4559771,"SEMA6B"
"12663","chr19",4639526,4655581,"TNFAIP8L1"
"12664","chr19",4657557,4670415,"C19orf10"
"12665","chr19",4679293,4685961,"LOC100131094"
"12666","chr19",4675244,4723855,"DPP9"
"12667","chr19",4769116,4772569,"MIR7-3HG"
"12668","chr19",4770681,4770792,"MIR7-3"
"12669","chr19",4791727,4795572,"FEM1A"
"12670","chr19",4791757,4794948,"AK126532"
"12671","chr19",4815938,4831737,"TICAM1"
"12672","chr19",4838346,4867780,"PLIN3"
"12673","chr19",4890449,4902879,"ARRDC5"
"12674","chr19",4909509,4962166,"UHRF1"
"12675","chr19",4907742,4910019,"C19orf31"
"12676","chr19",4932698,4932753,"MIR4747"
"12678","chr19",5113892,5116254,"BC032415"
"12680","chr19",5455425,5456868,"ZNRF4"
"12681","chr19",5558178,5568005,"PLAC2"
"12682","chr19",5587010,5622938,"SAFB2"
"12683","chr19",5623045,5668490,"SAFB"
"12684","chr19",5678433,5680911,"C19orf70"
"12685","chr19",5681034,5688534,"HSD11B1L"
"12686","chr19",5690271,5691679,"RPL36"
"12687","chr19",5691845,5720463,"LONP1"
"12688","chr19",5720687,5778743,"TMEM146"
"12689","chr19",5782971,5784776,"PRR22"
"12690","chr19",5785153,5791249,"DUS3L"
"12691","chr19",5823817,5828336,"NRTN"
"12692","chr19",5830637,5839742,"FUT6"
"12693","chr19",5842899,5851485,"FUT3"
"12694","chr19",5847477,5858251,"BC033124"
"12695","chr19",5865837,5904024,"FUT5"
"12696","chr19",5904851,5910264,"VMAC"
"12697","chr19",5914192,5916223,"CAPS"
"12698","chr19",5916152,5978320,"RANBP3"
"12699","chr19",6006494,6008625,"AX748210"
"12701","chr19",6135650,6193113,"ACSBG2"
"12702","chr19",6189739,6199540,"AK056073"
"12703","chr19",6210392,6279959,"MLLT1"
"12704","chr19",6306510,6333640,"ACER1"
"12705","chr19",6361462,6368916,"CLPP"
"12706","chr19",6372443,6375262,"ALKBH7"
"12707","chr19",6375305,6375860,"PSPN"
"12708","chr19",6379580,6393291,"GTF2F1"
"12709","chr19",6396355,6412416,"BC171868"
"12710","chr19",6416421,6416522,"MIR3940"
"12711","chr19",6413119,6424822,"KHSRP"
"12712","chr19",6426048,6433790,"SLC25A41"
"12713","chr19",6436432,6459781,"SLC25A23"
"12714","chr19",6463787,6467231,"CRB3"
"12715","chr19",6467218,6481798,"DENND1C"
"12716","chr19",6495968,6495990,"JA429441"
"12717","chr19",6494330,6502330,"TUBB4A"
"12718","chr19",6531009,6535940,"TNFSF9"
"12719","chr19",6583135,6591163,"CD70"
"12720","chr19",6663148,6670599,"TNFSF14"
"12721","chr19",6677846,6720662,"C3"
"12722","chr19",6729925,6737633,"GPR108"
"12723","chr19",6739706,6751530,"TRIP10"
"12724","chr19",6752173,6767523,"SH2D3A"
"12725","chr19",6772721,6857372,"VAV1"
"12726","chr19",6887581,6940465,"EMR1"
"12727","chr19",6952511,6990857,"EMR4P"
"12728","chr19",7004964,7006426,"FLJ25758"
"12729","chr19",7030593,7033023,"MBD3L5"
"12730","chr19",7037755,7040184,"MBD3L4"
"12731","chr19",7049350,7051747,"MBD3L2"
"12732","chr19",7056216,7058645,"MBD3L3"
"12733","chr19",7069470,7087979,"ZNF557"
"12735","chr19",7447719,7537372,"ARHGEF18"
"12736","chr19",7537723,7538247,"LOC100128573"
"12737","chr19",7541761,7554286,"PEX11G"
"12738","chr19",7562444,7573337,"C19orf45"
"12739","chr19",7581003,7585912,"ZNF358"
"12740","chr19",7587495,7598896,"MCOLN1"
"12741","chr19",7599037,7626654,"PNPLA6"
"12742","chr19",7660787,7683197,"CAMSAP3"
"12743","chr19",7684411,7694439,"XAB2"
"12744","chr19",7694670,7696511,"C19orf79"
"12745","chr19",7696507,7698570,"PCP2"
"12746","chr19",7701990,7712760,"STXBP2"
"12747","chr19",7733971,7735341,"RETN"
"12748","chr19",7741942,7744720,"C19orf59"
"12749","chr19",7745706,7747749,"TRAPPC5"
"12750","chr19",7753643,7767032,"FCER2"
"12751","chr19",7793843,7797057,"CLEC4G"
"12752","chr19",7804881,7812464,"CD209"
"12753","chr19",7828034,7834492,"CLEC4M"
"12754","chr19",7852369,7855899,"CLEC4GP1"
"12755","chr19",7895160,7929863,"EVI5L"
"12756","chr19",7933605,7939326,"FLJ22184"
"12757","chr19",7943517,7945117,"LOC388499"
"12758","chr19",7953389,7966909,"LRRC8E"
"12759","chr19",7968764,7979364,"MAP2K7"
"12760","chr19",7981031,7983981,"LOC100507588"
"12761","chr19",7985193,7988137,"SNAPC2"
"12762","chr19",7989381,7991051,"CTXN1"
"12763","chr19",7991603,8008708,"TIMM44"
"12764","chr19",8023457,8070529,"ELAVL1"
"12765","chr19",8117645,8127548,"CCL25"
"12766","chr19",8130287,8212381,"FBN3"
"12767","chr19",8274216,8327305,"CERS4"
"12768","chr19",8367011,8373240,"CD320"
"12769","chr19",8376184,8386280,"NDUFA7"
"12770","chr19",8386383,8387281,"RPS28"
"12771","chr19",8387468,8408146,"KANK3"
"12772","chr19",8429010,8439258,"ANGPTL4"
"12773","chr19",8454195,8454223,"JA429850"
"12774","chr19",8454193,8454214,"JA429849"
"12775","chr19",8455204,8469318,"RAB11B"
"12776","chr19",8439260,8455575,"LOC100507567"
"12777","chr19",8467538,8468634,"BX647356"
"12778","chr19",8478186,8503900,"MARCH2"
"12779","chr19",8509802,8554003,"HNRNPM"
"12780","chr19",8552185,8553995,"DKFZp547H118"
"12781","chr19",8554940,8567538,"PRAM1"
"12782","chr19",8575462,8579048,"ZNF414"
"12783","chr19",8585674,8642331,"MYO1F"
"12784","chr19",8645126,8675588,"ADAMTS10"
"12785","chr19",8807751,8809172,"ACTL9"
"12786","chr19",8841390,8842336,"OR2Z1"
"12787","chr19",8920382,8942975,"ZNF558"
"12788","chr19",8953268,8954017,"MBD3L1"
"12790","chr19",9203920,9204863,"OR1M1"
"12791","chr19",9212945,9213982,"OR7G2"
"12792","chr19",9225274,9226439,"OR7G1"
"12793","chr19",9236688,9237626,"OR7G3"
"12794","chr19",9251055,9274092,"ZNF317"
"12796","chr19",9324526,9325547,"OR7D4"
"12797","chr19",9361719,9362740,"OR7E24"
"12798","chr19",9405986,9415795,"ZNF699"
"12799","chr19",9434447,9454522,"ZNF559"
"12800","chr19",9435370,9493294,"ZNF559-ZNF177"
"12801","chr19",9523271,9546234,"ZNF266"
"12802","chr19",9577031,9609279,"ZNF560"
"12803","chr19",9638681,9649303,"ZNF426"
"12804","chr19",9671010,9673124,"AK297919"
"12805","chr19",9676292,9695209,"ZNF121"
"12806","chr19",9718002,9731916,"ZNF561"
"12807","chr19",9732157,9745539,"LOC284385"
"12808","chr19",9759338,9785776,"ZNF562"
"12809","chr19",9800600,9811493,"ZNF812"
"12810","chr19",9862669,9879410,"ZNF846"
"12811","chr19",9920943,9929752,"FBXL12"
"12812","chr19",9938555,9940798,"UBL5"
"12813","chr19",9945882,9960366,"PIN1"
"12814","chr19",9964394,10047070,"OLFM2"
"12815","chr19",10070237,10121147,"COL5A3"
"12816","chr19",10123924,10132955,"RDH8"
"12817","chr19",10152031,10184814,"C3P1"
"12818","chr19",10196805,10203929,"C19orf66"
"12819","chr19",10203013,10213425,"ANGPTL6"
"12820","chr19",10216898,10221976,"PPAN"
"12821","chr19",10218326,10218412,"SNORD105"
"12822","chr19",10220424,10220517,"SNORD105B"
"12823","chr19",10225690,10230599,"EIF3G"
"12824","chr19",10244022,10305755,"DNMT1"
"12825","chr19",10332109,10341948,"S1PR2"
"12826","chr19",10341088,10341162,"MIR4322"
"12827","chr19",10362639,10370737,"MRPL4"
"12828","chr19",10381516,10397292,"ICAM1"
"12829","chr19",10397642,10399261,"ICAM4"
"12830","chr19",10400654,10407455,"ICAM5"
"12831","chr19",10415479,10420233,"ZGLP1"
"12832","chr19",10416066,10426691,"FDX1L"
"12833","chr19",10426885,10427510,"BC018887"
"12834","chr19",10426889,10444314,"RAVER1"
"12835","chr19",10444452,10450345,"ICAM3"
"12836","chr19",10461204,10491277,"TYK2"
"12837","chr19",10514134,10514214,"MIR1181"
"12838","chr19",10501809,10514271,"CDC37"
"12839","chr19",10527448,10580308,"PDE4A"
"12840","chr19",10596796,10614054,"KEAP1"
"12841","chr19",10623418,10628668,"S1PR5"
"12842","chr19",10654592,10664095,"ATG4D"
"12843","chr19",10662797,10662881,"MIR1238"
"12844","chr19",10663761,10676702,"KRI1"
"12845","chr19",10677138,10679655,"CDKN2D"
"12846","chr19",10683347,10697991,"AP1M2"
"12847","chr19",10713120,10755236,"SLC44A2"
"12848","chr19",10762538,10764548,"LOC147727"
"12849","chr19",10764936,10803096,"ILF3"
"12850","chr19",10812111,10824044,"QTRT1"
"12852","chr19",10829079,10829180,"MIR638"
"12853","chr19",10890929,10891012,"MIR4748"
"12854","chr19",10928102,10928172,"MIR199A1"
"12855","chr19",10943114,10946983,"TMED1"
"12856","chr19",10959105,10980361,"C19orf38"
"12857","chr19",10982252,11033449,"CARM1"
"12858","chr19",11033290,11033320,"DQ597473"
"12859","chr19",11033444,11039357,"YIPF2"
"12860","chr19",11039423,11040917,"C19orf52"
"12862","chr19",11200037,11244506,"LDLR"
"12863","chr19",11257831,11266484,"SPC24"
"12864","chr19",11274943,11308467,"KANK2"
"12865","chr19",11309971,11373157,"DOCK6"
"12866","chr19",11348125,11348958,"UNQ599/PRO1185"
"12867","chr19",11350294,11352620,"C19orf80"
"12868","chr19",11406823,11437673,"TSPAN16"
"12869","chr19",11411545,11431999,"AF161365"
"12870","chr19",11432722,11450344,"RAB3D"
"12871","chr19",11453452,11456981,"TMEM205"
"12872","chr19",11457180,11465621,"CCDC159"
"12873","chr19",11466061,11476375,"LPPR2"
"12874","chr19",11485382,11487628,"SWSAP1"
"12875","chr19",11487881,11495018,"EPOR"
"12876","chr19",11493773,11530018,"RGL3"
"12877","chr19",11531272,11545980,"CCDC151"
"12878","chr19",11546268,11561783,"PRKCSH"
"12879","chr19",11562143,11591803,"ELAVL3"
"12880","chr19",11594242,11616738,"ZNF653"
"12881","chr19",11616731,11639987,"ECSIT"
"12882","chr19",11649578,11661139,"CNN1"
"12883","chr19",11663858,11670051,"ELOF1"
"12884","chr19",11670275,11686377,"BC039523"
"12885","chr19",11685475,11689801,"ACP5"
"12886","chr19",11708234,11729975,"ZNF627"
"12887","chr19",11750590,11797385,"ZNF833P"
"12888","chr19",11832080,11849760,"ZNF823"
"12889","chr19",11877814,11894894,"ZNF441"
"12890","chr19",11909390,11919307,"ZNF491"
"12891","chr19",11925106,11946017,"ZNF440"
"12892","chr19",11943741,11946425,"AX747599"
"12893","chr19",11959578,11980307,"ZNF439"
"12894","chr19",11998669,12025366,"ZNF69"
"12895","chr19",12035899,12061579,"ZNF700"
"12896","chr19",12075868,12091199,"ZNF763"
"12897","chr19",12098431,12138554,"AX747405"
"12898","chr19",12125532,12146525,"ZNF433"
"12899","chr19",12154620,12167127,"ZNF878"
"12900","chr19",12175545,12188627,"ZNF844"
"12901","chr19",12203077,12225495,"ZNF788"
"12902","chr19",12242168,12267546,"ZNF20"
"12903","chr19",12250995,12257032,"ZNF625"
"12904","chr19",12273871,12300065,"ZNF136"
"12905","chr19",12305829,12318388,"AX721123"
"12906","chr19",12335501,12405714,"ZNF44"
"12907","chr19",12428304,12444534,"ZNF563"
"12908","chr19",12460185,12476475,"ZNF442"
"12909","chr19",12490003,12512088,"ZNF799"
"12910","chr19",12540520,12551926,"ZNF443"
"12911","chr19",12571998,12662356,"ZNF709"
"12912","chr19",12686920,12721623,"ZNF490"
"12913","chr19",12721731,12740677,"ZNF791"
"12914","chr19",12757322,12777591,"MAN2B1"
"12915","chr19",12777617,12786647,"WDR83"
"12916","chr19",12778881,12780465,"WDR83OS"
"12917","chr19",12786531,12792701,"DHPS"
"12918","chr19",12798811,12799237,"BC171856"
"12919","chr19",12799614,12801436,"AX747991"
"12920","chr19",12799121,12807455,"FBXW9"
"12921","chr19",12817263,12817332,"SNORD41"
"12922","chr19",12810008,12834810,"TNPO2"
"12923","chr19",12841454,12845529,"C19orf43"
"12924","chr19",12848305,12859138,"ASNA1"
"12925","chr19",12863406,12869272,"BEST2"
"12926","chr19",12873817,12886434,"HOOK2"
"12927","chr19",12902309,12904126,"JUNB"
"12928","chr19",12907634,12912694,"PRDX2"
"12929","chr19",12917427,12924463,"RNASEH2A"
"12930","chr19",12936293,12946230,"RTBDN"
"12931","chr19",12949258,12985767,"MAST1"
"12932","chr19",12986025,12992335,"DNASE2"
"12933","chr19",12995237,12998017,"KLF1"
"12934","chr19",13001973,13010784,"GCDH"
"12935","chr19",13009894,13030086,"SYCE2"
"12936","chr19",13033284,13044558,"FARSA"
"12937","chr19",13049413,13055305,"CALR"
"12938","chr19",13056653,13064456,"RAD23A"
"12939","chr19",13064972,13068050,"GADD45GIP1"
"12940","chr19",13075972,13085568,"DAND5"
"12942","chr19",13209842,13213974,"LYL1"
"12943","chr19",13215714,13227563,"TRMT1"
"12944","chr19",13229108,13251960,"NACC1"
"12945","chr19",13255224,13260987,"STX10"
"12946","chr19",13261281,13265719,"IER2"
"12948","chr19",13629789,13631071,"BC042451"
"12949","chr19",13842573,13874107,"CCDC130"
"12950","chr19",13875336,13885097,"MRI1"
"12951","chr19",13885256,13889587,"C19orf53"
"12952","chr19",13906273,13943045,"ZSWIM4"
"12953","chr19",13947102,13947126,"hsa-miR-3074-5p"
"12954","chr19",13947408,13947430,"FW420894"
"12955","chr19",13945330,13947473,"LOC284454"
"12956","chr19",13985512,13985623,"MIR181C"
"12957","chr19",13985688,13985826,"MIR181D"
"12958","chr19",13988062,13991572,"NANOS3"
"12959","chr19",13993168,14016909,"C19orf57"
"12960","chr19",14016955,14041694,"CC2D1A"
"12961","chr19",14042000,14064204,"PODNL1"
"12962","chr19",14063318,14072257,"DCAF15"
"12963","chr19",14072342,14117134,"RFX1"
"12964","chr19",14139016,14141784,"RLN3"
"12965","chr19",14142261,14164027,"IL27RA"
"12966","chr19",14164179,14169971,"PALM3"
"12967","chr19",14183820,14185875,"LOC113230"
"12968","chr19",14199229,14201232,"SAMD1"
"12969","chr19",14202507,14228559,"PRKACA"
"12970","chr19",14230321,14247440,"ASF1B"
"12971","chr19",14247963,14282076,"LOC100507373"
"12972","chr19",14282480,14282838,"BC141944"
"12973","chr19",14300570,14305062,"AX746734"
"12974","chr19",14258549,14316997,"LPHN1"
"12975","chr19",14444554,14454727,"BC011648"
"12976","chr19",14491955,14519538,"CD97"
"12977","chr19",14519610,14530195,"DDX39A"
"12978","chr19",14544165,14582680,"PKN1"
"12979","chr19",14583278,14586174,"PTGER1"
"12980","chr19",14588571,14606944,"GIPC1"
"12981","chr19",14625582,14640049,"DNAJB1"
"12982","chr19",14640354,14640453,"MIR639"
"12983","chr19",14640378,14676793,"TECR"
"12984","chr19",14676890,14682889,"NDUFB7"
"12985","chr19",14693895,14721957,"CLEC17A"
"12986","chr19",14730051,14785730,"EMR3"
"12987","chr19",14800612,14831773,"ZNF333"
"12988","chr19",14843205,14889353,"EMR2"
"12989","chr19",14909986,14910948,"OR7C1"
"12990","chr19",14937139,14945960,"OR7A5"
"12991","chr19",14951760,14952689,"OR7A10"
"12992","chr19",14991238,14992167,"OR7A17"
"12993","chr19",15052300,15053261,"OR7C2"
"12994","chr19",15060991,15121432,"SLC1A6"
"12995","chr19",15121538,15134084,"CCDC105"
"12996","chr19",15160290,15169104,"CASP14"
"12997","chr19",15197876,15198945,"OR1I1"
"12998","chr19",15218213,15225790,"SYDE1"
"12999","chr19",15225785,15236577,"ILVBL"
"13000","chr19",15270444,15311792,"NOTCH3"
"13001","chr19",15337730,15343858,"EPHX3"
"13002","chr19",15348301,15443342,"BRD4"
"13003","chr19",15464332,15490612,"AKAP8"
"13004","chr19",15490859,15529833,"AKAP8L"
"13005","chr19",15532318,15560762,"WIZ"
"13006","chr19",15560358,15560420,"MIR1470"
"13007","chr19",15562436,15575382,"RASAL3"
"13008","chr19",15579457,15590315,"PGLYRP2"
"13009","chr19",15619335,15663129,"CYP4F22"
"13010","chr19",15726028,15740448,"CYP4F8"
"13011","chr19",15751706,15771571,"CYP4F3"
"13012","chr19",15783827,15807985,"CYP4F12"
"13013","chr19",15838833,15839863,"OR10H2"
"13014","chr19",15852202,15853154,"OR10H3"
"13015","chr19",15870144,15890798,"CYP4F24P"
"13016","chr19",15904858,15905807,"OR10H5"
"13017","chr19",15917817,15918936,"OR10H1"
"13018","chr19",15939756,15946231,"UCA1"
"13019","chr19",15988834,16008884,"CYP4F2"
"13020","chr19",16023180,16045676,"CYP4F11"
"13021","chr19",16059817,16060769,"OR10H4"
"13022","chr19",16126443,16138724,"LOC126536"
"13023","chr19",16126728,16126770,"DQ581539"
"13024","chr19",16126845,16126893,"DQ571988"
"13025","chr19",16135750,16135795,"DQ575954"
"13026","chr19",16144017,16152919,"FLJ25328"
"13027","chr19",16146830,16146882,"DQ587284"
"13028","chr19",16146912,16146952,"DQ592688"
"13029","chr19",16147033,16147065,"DQ601165"
"13030","chr19",16147095,16147134,"DQ589586"
"13031","chr19",16147183,16147221,"DQ597063"
"13032","chr19",16147233,16147270,"DQ585694"
"13033","chr19",16147320,16147367,"DQ585402"
"13034","chr19",16147485,16147517,"DQ598314"
"13035","chr19",16147680,16147808,"DQ591334"
"13036","chr19",16147817,16147932,"DQ574353"
"13037","chr19",16148018,16148057,"DQ583543"
"13038","chr19",16148104,16148139,"DQ596700"
"13039","chr19",16148198,16148309,"DQ592376"
"13040","chr19",16148358,16148401,"DQ579377"
"13041","chr19",16148401,16148432,"DQ575167"
"13042","chr19",16148443,16148505,"DQ591916"
"13043","chr19",16148655,16148701,"DQ575099"
"13044","chr19",16148761,16148794,"DQ582989"
"13045","chr19",16148863,16148896,"DQ582228"
"13046","chr19",16148924,16149016,"DQ588762"
"13047","chr19",16149057,16149090,"DQ592694"
"13048","chr19",16149135,16149194,"DQ585389"
"13049","chr19",16149233,16149274,"DQ580910"
"13050","chr19",16149329,16149363,"DQ588796"
"13051","chr19",16149434,16149467,"DQ578085"
"13052","chr19",16149642,16149679,"DQ570895"
"13053","chr19",16149800,16149914,"DQ600374"
"13054","chr19",16150019,16150104,"DQ592014"
"13055","chr19",16150627,16150661,"DQ577234"
"13056","chr19",16151114,16151167,"DQ580366"
"13057","chr19",16178316,16213814,"TPM4"
"13058","chr19",16210476,16213152,"AK095546"
"13059","chr19",16222489,16244446,"RAB8A"
"13060","chr19",16244837,16269378,"HSH2D"
"13061","chr19",16234471,16250702,"AK095221"
"13062","chr19",16272179,16284286,"CIB3"
"13063","chr19",16296234,16302858,"FAM32A"
"13064","chr19",16308664,16346157,"AP1M1"
"13065","chr19",16435650,16438340,"KLF2"
"13067","chr19",16589875,16607003,"CALR3"
"13068","chr19",16607204,16632164,"C19orf44"
"13069","chr19",16628700,16653263,"CHERP"
"13070","chr19",16660648,16683193,"SLC35E1"
"13071","chr19",16685718,16739015,"MED26"
"13072","chr19",16756959,16770968,"C19orf42"
"13073","chr19",16771937,16799817,"TMEM38A"
"13074","chr19",16830786,16928775,"NWD1"
"13075","chr19",16940208,16991165,"SIN3B"
"13076","chr19",16999825,17002831,"F2RL3"
"13078","chr19",17160571,17186343,"HAUS8"
"13080","chr19",17326154,17330639,"USE1"
"13081","chr19",17337054,17340029,"OCEL1"
"13082","chr19",17342694,17356151,"NR2F6"
"13083","chr19",17360849,17375544,"USHBP1"
"13084","chr19",17378231,17393812,"BABAM1"
"13085","chr19",17392453,17398455,"ANKLE1"
"13086","chr19",17402940,17414282,"ABHD8"
"13087","chr19",17416476,17417653,"MRPL34"
"13088","chr19",17420336,17434107,"DDA1"
"13089","chr19",17434032,17445638,"ANO8"
"13090","chr19",17445790,17453541,"GTPBP3"
"13091","chr19",17447536,17449065,"AK310794"
"13092","chr19",17462264,17488137,"PLVAP"
"13093","chr19",17513755,17516384,"BST2"
"13094","chr19",17516502,17526546,"AK311380"
"13095","chr19",17530911,17536141,"FAM125A"
"13096","chr19",17546318,17559376,"TMEM221"
"13097","chr19",17566234,17571725,"NXNL1"
"13098","chr19",17581299,17616978,"SLC27A1"
"13099","chr19",17622431,17632098,"PGLS"
"13100","chr19",17634109,17664649,"FAM129C"
"13101","chr19",17666510,17693966,"GLT25D1"
"13102","chr19",17712137,17799050,"UNC13A"
"13103","chr19",17830302,17845325,"MAP1S"
"13104","chr19",17858526,17899378,"FCHO1"
"13105","chr19",17905918,17924386,"B3GNT3"
"13106","chr19",17927322,17932320,"INSL3"
"13107","chr19",17935591,17958841,"JAK3"
"13108","chr19",17970730,17974125,"RPL18A"
"13109","chr19",17973396,17973530,"SNORA68"
"13110","chr19",17982781,18005984,"SLC5A5"
"13111","chr19",18043823,18054795,"CCDC124"
"13112","chr19",18062110,18109931,"KCNN1"
"13113","chr19",18111943,18124912,"ARRDC2"
"13114","chr19",18170371,18209626,"IL12RB1"
"13115","chr19",18208602,18262500,"MAST3"
"13116","chr19",18264015,18288928,"PIK3R2"
"13117","chr19",18304039,18307551,"MPV17L2"
"13118","chr19",18307611,18314874,"RAB3A"
"13119","chr19",18318771,18366229,"PDE4C"
"13120","chr19",18367906,18385319,"KIAA1683"
"13121","chr19",18390563,18392432,"JUND"
"13122","chr19",18392886,18392972,"MIR3188"
"13123","chr19",18417040,18434001,"LSM4"
"13124","chr19",18451407,18480764,"PGPEP1"
"13125","chr19",18496967,18499987,"GDF15"
"13126","chr19",18497371,18497445,"MIR3189"
"13127","chr19",18501954,18508421,"LRRC25"
"13128","chr19",18530145,18545373,"SSBP4"
"13129","chr19",18545198,18549111,"ISYNA1"
"13130","chr19",18553473,18632937,"ELL"
"13131","chr19",18642568,18654383,"FKBP8"
"13132","chr19",18668571,18680198,"KXD1"
"13133","chr19",18682613,18688271,"UBA52"
"13134","chr19",18685851,18685955,"DL491652"
"13135","chr19",18699494,18703148,"C19orf60"
"13136","chr19",18704035,18717660,"CRLF1"
"13137","chr19",18723681,18731850,"TMEM59L"
"13138","chr19",18747837,18781303,"KLHL26"
"13139","chr19",18794424,18893144,"CRTC1"
"13140","chr19",18893583,18902114,"COMP"
"13141","chr19",18942743,18979040,"UPF1"
"13142","chr19",18979361,19007536,"CERS1"
"13143","chr19",19010323,19030199,"COPE"
"13144","chr19",19030483,19039443,"DDX49"
"13145","chr19",19017769,19052041,"HOMER3"
"13146","chr19",19101697,19144832,"SUGP2"
"13147","chr19",19144386,19170311,"ARMC6"
"13148","chr19",19174802,19223705,"SLC25A42"
"13149","chr19",19230430,19249267,"TMEM161A"
"13150","chr19",19256376,19303400,"MEF2B"
"13151","chr19",19303007,19312679,"RFXANK"
"13152","chr19",19312224,19314238,"NR2C2AP"
"13153","chr19",19322781,19363062,"NCAN"
"13154","chr19",19366452,19384074,"HAPLN4"
"13155","chr19",19387322,19431321,"SUGP1"
"13156","chr19",19431629,19469564,"MAU2"
"13158","chr19",19623228,19626469,"TSSK6"
"13159","chr19",19627018,19645954,"NDUFA13"
"13160","chr19",19639669,19648394,"YJEFN3"
"13161","chr19",19649073,19657469,"CILP2"
"13162","chr19",19672516,19729725,"PBX4"
"13163","chr19",19734466,19739739,"LPAR2"
"13164","chr19",19740285,19754455,"GMIP"
"13165","chr19",19756010,19774503,"ATP13A1"
"13166","chr19",19779662,19791139,"ZNF101"
"13167","chr19",19821281,19843921,"ZNF14"
"13168","chr19",19853548,19854484,"DQ580047"
"13169","chr19",19855285,19856046,"DQ574239"
"13170","chr19",19856126,19856166,"DQ584913"
"13171","chr19",19856404,19856471,"DQ595898"
"13172","chr19",19856475,19856507,"DQ573935"
"13173","chr19",19857609,19857640,"DQ573609"
"13174","chr19",19857661,19857692,"DQ589342"
"13175","chr19",19858440,19858470,"DQ576386"
"13176","chr19",19858475,19858505,"DQ590656"
"13177","chr19",19858992,19859064,"DQ591298"
"13178","chr19",19859641,19859678,"DQ577486"
"13179","chr19",19859875,19859909,"DQ597186"
"13180","chr19",19860142,19860192,"DQ584258"
"13181","chr19",19860365,19860399,"DQ583759"
"13182","chr19",19860545,19860575,"DQ582729"
"13183","chr19",19860940,19860979,"DQ590505"
"13184","chr19",19861039,19861108,"DQ576637"
"13185","chr19",19861423,19861459,"DQ579782"
"13186","chr19",19861534,19861579,"DQ597024"
"13187","chr19",19861757,19861787,"DQ584847"
"13188","chr19",19861831,19861880,"DQ577095"
"13189","chr19",19862172,19862201,"DQ573850"
"13190","chr19",19862241,19862276,"DQ574199"
"13191","chr19",19862347,19862386,"DQ575498"
"13192","chr19",19862431,19862465,"DQ593444"
"13193","chr19",19862974,19863012,"DQ574711"
"13194","chr19",19863049,19863081,"DQ596707"
"13195","chr19",19863087,19863116,"DQ596454"
"13196","chr19",19863187,19863228,"DQ576791"
"13197","chr19",19863252,19863279,"DQ589720"
"13198","chr19",19867181,19887222,"LOC284440"
"13199","chr19",19896651,19932560,"ZNF506"
"13200","chr19",19976713,20004524,"ZNF253"
"13201","chr19",20011721,20046383,"ZNF93"
"13202","chr19",20115227,20150277,"ZNF682"
"13203","chr19",20188802,20236783,"ZNF90"
"13204","chr19",20278082,20308985,"ZNF486"
"13205","chr19",20510081,20579322,"MIR1270-1"
"13207","chr19",20720798,20748626,"ZNF737"
"13208","chr19",20802745,20844402,"ZNF626"
"13209","chr19",20959109,20977404,"ZNF66"
"13210","chr19",21106058,21133504,"ZNF85"
"13211","chr19",21203425,21242853,"ZNF430"
"13212","chr19",21264952,21307884,"ZNF714"
"13213","chr19",21302858,21305955,"AX746719"
"13214","chr19",21324839,21368806,"ZNF431"
"13215","chr19",21473963,21512212,"ZNF708"
"13216","chr19",21541734,21571385,"ZNF738"
"13217","chr19",21579920,21610297,"ZNF493"
"13218","chr19",21634856,21646686,"CR627135"
"13219","chr19",21666175,21686041,"LOC400680"
"13220","chr19",21688436,21739071,"ZNF429"
"13221","chr19",21763358,21765406,"AX748435"
"13222","chr19",21770234,21776808,"BC033373"
"13223","chr19",21933546,21936241,"LOC641367"
"13224","chr19",21906843,21950430,"ZNF100"
"13225","chr19",21987752,22034830,"ZNF43"
"13226","chr19",22115760,22193745,"ZNF208"
"13227","chr19",22235265,22273904,"ZNF257"
"13228","chr19",22361903,22379753,"ZNF676"
"13229","chr19",22469251,22499979,"ZNF729"
"13230","chr19",22573899,22605148,"ZNF98"
"13231","chr19",22779058,22786353,"LOC440518"
"13232","chr19",22798359,22806773,"BC030765"
"13233","chr19",22817125,22850473,"ZNF492"
"13234","chr19",22934985,22966973,"ZNF99"
"13235","chr19",23159098,23170169,"BC128130"
"13236","chr19",23237625,23244067,"BC037873"
"13237","chr19",23299776,23332764,"ZNF730"
"13238","chr19",23406607,23433172,"ZNF724P"
"13239","chr19",23441500,23457032,"AK023040"
"13240","chr19",23521418,23541617,"BC038574"
"13241","chr19",23540498,23578269,"ZNF91"
"13242","chr19",23582036,23598873,"AK022793"
"13243","chr19",23835708,23870017,"ZNF675"
"13244","chr19",23921997,23941693,"ZNF681"
"13245","chr19",24097683,24116770,"ZNF726"
"13246","chr19",24132382,24135238,"BC015383"
"13247","chr19",24101883,24140732,"AK125686"
"13248","chr19",24216246,24249491,"AK092080"
"13249","chr19",24269975,24312655,"ZNF254"
"13250","chr19",24344995,24346249,"LOC100101266"
"13251","chr19",28129391,28137384,"AK075337"
"13252","chr19",28221181,28237138,"AK094188"
"13253","chr19",28284401,28297183,"BC024732"
"13254","chr19",28281401,28284848,"LOC148189"
"13255","chr19",28288976,28289006,"DQ586608"
"13257","chr19",29456037,29460056,"LOC148145"
"13258","chr19",29493461,29504863,"LOC100505835"
"13259","chr19",29698167,29704136,"UQCRFS1"
"13261","chr19",30017490,30055227,"VSTM2B"
"13262","chr19",30097169,30108163,"POP4"
"13263","chr19",30156326,30166384,"PLEKHF1"
"13264","chr19",30189793,30206452,"C19orf12"
"13265","chr19",30302900,30315216,"CCNE1"
"13266","chr19",30414550,30507520,"URI1"
"13268","chr19",31398105,31400063,"BC040412"
"13269","chr19",31617485,31619766,"AX746504"
"13270","chr19",31640782,31641312,"DKFZp566F0947"
"13271","chr19",31765851,31840190,"TSHZ3"
"13272","chr19",32079160,32084457,"BC043286"
"13273","chr19",32083186,32083946,"THEG5"
"13274","chr19",32516767,32531306,"AK097493"
"13275","chr19",32836513,32878574,"ZNF507"
"13276","chr19",32896654,32976800,"DPY19L3"
"13277","chr19",33072093,33078359,"PDCD5"
"13278","chr19",33087907,33166102,"ANKRD27"
"13279","chr19",33166312,33169207,"RGS9BP"
"13280","chr19",33182866,33204703,"NUDT19"
"13282","chr19",33350447,33350468,"JA660679"
"13283","chr19",33321419,33360683,"SLC7A9"
"13284","chr19",33369904,33462869,"CEP89"
"13285","chr19",33463147,33467961,"C19orf40"
"13286","chr19",33469498,33555824,"RHPN2"
"13287","chr19",33571785,33621319,"GPATCH1"
"13288","chr19",33622997,33666704,"WDR88"
"13289","chr19",33685598,33699774,"LRP3"
"13290","chr19",33699570,33716756,"SLC7A10"
"13291","chr19",33790840,33793430,"CEBPA"
"13292","chr19",33793762,33795964,"LOC80054"
"13293","chr19",33864574,33873593,"CEBPG"
"13296","chr19",34287750,34306667,"KCTD15"
"13297","chr19",34663351,34720421,"LSM14A"
"13299","chr19",34855644,34893319,"GPI"
"13300","chr19",34895302,34917073,"PDCD2L"
"13301","chr19",34919267,34960799,"UBA2"
"13302","chr19",34972879,34992086,"WTIP"
"13303","chr19",35067638,35068596,"SCGB1B2P"
"13304","chr19",35084346,35085490,"SCGB2B2"
"13305","chr19",35136777,35136958,"SCGB2B3P"
"13306","chr19",35085572,35166604,"AX748165"
"13307","chr19",35168566,35177303,"ZNF302"
"13308","chr19",35225479,35233775,"ZNF181"
"13309","chr19",35248979,35264134,"ZNF599"
"13310","chr19",35304688,35305097,"DQ583499"
"13311","chr19",35305702,35305811,"DQ571149"
"13312","chr19",35305855,35305927,"DQ574292"
"13313","chr19",35305959,35305988,"DQ600156"
"13314","chr19",35306030,35306163,"DQ588170"
"13315","chr19",35306327,35306381,"DQ587139"
"13316","chr19",35306419,35306453,"DQ588120"
"13317","chr19",35306481,35306511,"DQ578901"
"13318","chr19",35306611,35306733,"DQ593116"
"13319","chr19",35306898,35306939,"DQ591726"
"13320","chr19",35307058,35323773,"LOC400685"
"13321","chr19",35330085,35346209,"AK125858"
"13322","chr19",35378788,35378860,"DQ595361"
"13323","chr19",35378995,35379032,"DQ600292"
"13324","chr19",35379148,35379184,"DQ589456"
"13325","chr19",35379282,35379319,"DQ591016"
"13326","chr19",35379596,35379641,"DQ585741"
"13327","chr19",35379731,35379767,"DQ589171"
"13328","chr19",35379969,35379999,"DQ572701"
"13329","chr19",35380582,35380617,"DQ574380"
"13330","chr19",35380665,35380718,"DQ585554"
"13331","chr19",35380903,35380931,"DQ579711"
"13332","chr19",35381081,35381112,"DQ577683"
"13333","chr19",35381122,35381188,"DQ571071"
"13334","chr19",35381267,35381298,"DQ574970"
"13335","chr19",35381332,35381422,"DQ587495"
"13336","chr19",35381553,35381596,"DQ595165"
"13337","chr19",35381868,35381932,"DQ570111"
"13338","chr19",35382236,35382276,"DQ601812"
"13339","chr19",35382308,35382339,"DQ577903"
"13340","chr19",35382402,35382437,"DQ590919"
"13341","chr19",35382484,35382527,"DQ582882"
"13342","chr19",35382783,35382814,"DQ595116"
"13343","chr19",35383004,35383039,"DQ578267"
"13344","chr19",35396221,35399095,"BC031235"
"13345","chr19",35417806,35436077,"ZNF30"
"13346","chr19",35447258,35454953,"ZNF792"
"13347","chr19",35485687,35517374,"GRAMD1A"
"13348","chr19",35521591,35531354,"SCN1B"
"13349","chr19",35531409,35557478,"HPN"
"13350","chr19",35549963,35597208,"LOC100128675"
"13351","chr19",35606731,35615229,"FXYD3"
"13352","chr19",35615417,35633355,"LGI4"
"13353","chr19",35629731,35633955,"FXYD1"
"13354","chr19",35634153,35645206,"FXYD7"
"13355","chr19",35645624,35660789,"FXYD5"
"13356","chr19",35657757,35660785,"AX747741"
"13357","chr19",35715704,35719628,"FAM187B"
"13358","chr19",35739558,35758868,"LSR"
"13359","chr19",35759895,35770719,"USF2"
"13360","chr19",35773409,35776046,"HAMP"
"13361","chr19",35782988,35820134,"MAG"
"13362","chr19",35820071,35838265,"CD22"
"13363","chr19",35842444,35843368,"FFAR1"
"13364","chr19",35849487,35863302,"FFAR3"
"13365","chr19",35896508,35907743,"LOC100128682"
"13366","chr19",35939202,35942670,"FFAR2"
"13367","chr19",35978226,35981433,"KRTDAP"
"13368","chr19",35988119,36004560,"DMKN"
"13369","chr19",36014269,36019253,"SBSN"
"13370","chr19",36024313,36036222,"GAPDHS"
"13371","chr19",36032484,36036394,"AX747325"
"13372","chr19",36036501,36038430,"TMEM147"
"13373","chr19",36031640,36036931,"LOC100506469"
"13374","chr19",36041095,36054560,"ATP4A"
"13375","chr19",36103645,36116252,"HAUS5"
"13376","chr19",36119979,36128588,"RBM42"
"13377","chr19",36132646,36135774,"ETV2"
"13378","chr19",36139124,36149687,"COX6B1"
"13379","chr19",36157714,36169368,"UPK1A"
"13380","chr19",36158850,36164193,"BC007817"
"13381","chr19",36203829,36207941,"ZBTB32"
"13382","chr19",36208920,36229780,"MLL4"
"13383","chr19",36230151,36236336,"IGFLR1"
"13384","chr19",36233428,36235639,"U2AF1L4"
"13385","chr19",36236493,36243735,"PSENEN"
"13386","chr19",36239261,36245421,"LIN37"
"13387","chr19",36238144,36244316,"AL137752"
"13388","chr19",36245467,36246517,"AJ278121"
"13389","chr19",36245470,36247930,"HSPB6"
"13390","chr19",36249043,36260078,"C19orf55"
"13391","chr19",36266416,36279725,"ARHGAP33"
"13392","chr19",36279778,36288787,"AK055260"
"13393","chr19",36290892,36304201,"PRODH2"
"13394","chr19",36316274,36342895,"NPHS1"
"13395","chr19",36347809,36358049,"KIRREL2"
"13396","chr19",36359137,36370700,"APLP1"
"13397","chr19",36379143,36391552,"NFKBID"
"13398","chr19",36393381,36395174,"HCST"
"13399","chr19",36395303,36399211,"TYROBP"
"13400","chr19",36428021,36436098,"LRFN3"
"13401","chr19",36486089,36487221,"SDHAF1"
"13402","chr19",36494002,36500273,"C19orf46"
"13403","chr19",36500022,36505141,"ALKBH6"
"13404","chr19",36505410,36536875,"BC071809"
"13405","chr19",36505562,36523797,"CLIP3"
"13406","chr19",36525887,36545664,"THAP8"
"13407","chr19",36545782,36596013,"WDR62"
"13408","chr19",36605887,36616850,"TBCB"
"13409","chr19",36604611,36606206,"POLR2I"
"13410","chr19",36630917,36641256,"CAPNS1"
"13411","chr19",36641824,36643771,"COX7A1"
"13412","chr19",36705503,36729676,"ZNF146"
"13413","chr19",36673187,36705986,"ZNF565"
"13414","chr19",36802244,36803571,"LOC100134317"
"13415","chr19",36803969,36806639,"AX746638"
"13416","chr19",36803963,36822620,"LOC100506930"
"13417","chr19",36825355,36870105,"ZFP14"
"13418","chr19",36882861,36909550,"ZFP82"
"13419","chr19",36912075,36913800,"LOC644189"
"13420","chr19",36936021,36980463,"ZNF566"
"13421","chr19",36980528,36981943,"LOC728752"
"13422","chr19",37001589,37019248,"ZNF260"
"13423","chr19",37063971,37085611,"BC039524"
"13424","chr19",37034517,37096178,"ZNF529"
"13425","chr19",37095718,37119500,"ZNF382"
"13426","chr19",37128283,37157739,"ZNF461"
"13427","chr19",37178529,37214249,"ZNF567"
"13428","chr19",37234380,37263716,"ZNF850"
"13429","chr19",37264056,37266690,"AX747375"
"13430","chr19",37266689,37267981,"BC024306"
"13431","chr19",37288451,37319014,"LOC284408"
"13432","chr19",37309224,37341689,"ZNF790"
"13433","chr19",37341259,37403931,"ZNF345"
"13434","chr19",37379026,37407193,"ZNF829"
"13435","chr19",37407230,37488835,"ZNF568"
"13436","chr19",37488105,37489260,"AX747376"
"13437","chr19",37527089,37529550,"AX747721"
"13438","chr19",37569381,37620652,"ZNF420"
"13439","chr19",37641001,37663615,"ZNF585A"
"13440","chr19",37672481,37701451,"ZNF585B"
"13441","chr19",37708827,37734575,"ZNF383"
"13442","chr19",37742827,37754516,"BC041478"
"13443","chr19",37756841,37759912,"LOC284412"
"13444","chr19",37803738,37855358,"HKR1"
"13445","chr19",37862058,37883967,"ZNF527"
"13446","chr19",37902060,37960169,"ZNF569"
"13447","chr19",37958673,37976243,"ZNF570"
"13448","chr19",37997840,38034240,"ZNF793"
"13449","chr19",38039850,38078249,"LOC100507433"
"13450","chr19",38045684,38085673,"ZNF571"
"13451","chr19",38085730,38105001,"ZNF540"
"13452","chr19",38123389,38146368,"ZFP30"
"13453","chr19",38158650,38183216,"ZNF781"
"13454","chr19",38187264,38210691,"ZNF607"
"13455","chr19",38229203,38307940,"ZNF573"
"13456","chr19",38308050,38317279,"LOC644554"
"13457","chr19",38322409,38322436,"DQ589981"
"13458","chr19",38314363,38345836,"LOC100631378"
"13459","chr19",38375472,38397317,"WDR87"
"13461","chr19",38684377,38684397,"JA429823"
"13462","chr19",38701649,38720317,"DPF1"
"13463","chr19",38741877,38747231,"PPP1R14A"
"13464","chr19",38755097,38783255,"SPINT2"
"13465","chr19",38794803,38795647,"C19orf33"
"13466","chr19",38794200,38806606,"YIF1B"
"13467","chr19",38810483,38819650,"KCNK6"
"13468","chr19",38826442,38861590,"CATSPERG"
"13469","chr19",38865189,38874465,"PSMD8"
"13470","chr19",38874992,38878668,"GGN"
"13471","chr19",38880938,38886872,"SPRED3"
"13472","chr19",38893774,38899729,"FAM98C"
"13473","chr19",38899698,38916945,"RASGRP4"
"13475","chr19",39078281,39108643,"MAP4K1"
"13476","chr19",39109721,39127596,"EIF3K"
"13477","chr19",39138266,39221172,"ACTN4"
"13478","chr19",39220832,39235114,"CAPN12"
"13479","chr19",39261608,39264157,"LGALS7"
"13480","chr19",39279849,39282395,"LGALS7B"
"13481","chr19",39292311,39303740,"LGALS4"
"13482","chr19",39306062,39322497,"ECH1"
"13483","chr19",39308091,39342979,"HNRNPL"
"13484","chr19",39358472,39368919,"RINL"
"13485","chr19",39369195,39390502,"SIRT2"
"13486","chr19",39390339,39399535,"NFKBIB"
"13487","chr19",39399620,39402798,"LOC643669"
"13488","chr19",39405904,39440495,"SARS2"
"13489","chr19",39421347,39423660,"MRPS12"
"13490","chr19",39432042,39466380,"FBXO17"
"13491","chr19",39514663,39523198,"FBXO27"
"13492","chr19",39574944,39602129,"PAPL"
"13493","chr19",39616419,39670047,"PAK4"
"13494","chr19",39687603,39692523,"NCCRP1"
"13495","chr19",39693562,39694906,"SYCN"
"13496","chr19",39734272,39735646,"IL28B"
"13497","chr19",39759156,39760733,"IL28A"
"13498","chr19",39786964,39789313,"IL29"
"13499","chr19",39797457,39805976,"LRFN1"
"13500","chr19",39805995,39811489,"BC110060"
"13501","chr19",39818999,39826726,"GMFG"
"13502","chr19",39833107,39875538,"SAMD4B"
"13503","chr19",39840439,39843130,"AX746869"
"13504","chr19",39876270,39881679,"PAF1"
"13505","chr19",39881962,39891204,"MED29"
"13506","chr19",39897486,39900046,"ZFP36"
"13507","chr19",39900263,39900318,"MIR4530"
"13508","chr19",39903749,39919056,"PLEKHG2"
"13509","chr19",39923847,39926618,"RPS16"
"13510","chr19",39936185,39967309,"SUPT5H"
"13511","chr19",39971051,39981529,"TIMM50"
"13512","chr19",39989556,39999122,"DLL3"
"13513","chr19",40005752,40011327,"SELV"
"13514","chr19",40021630,40023494,"EID2B"
"13515","chr19",40029447,40030838,"EID2"
"13516","chr19",40093168,40098115,"LGALS13"
"13517","chr19",40129324,40133042,"LOC100129935"
"13518","chr19",40146557,40151288,"LGALS16"
"13519","chr19",40170013,40177014,"LGALS17A"
"13520","chr19",40194945,40200089,"LGALS14"
"13521","chr19",40221893,40228669,"CLC"
"13522","chr19",40267233,40276776,"LEUTX"
"13523","chr19",40315990,40324841,"DYRK1B"
"13524","chr19",40325093,40337054,"FBL"
"13525","chr19",40353963,40440533,"FCGBP"
"13526","chr19",40477072,40487354,"PSMC4"
"13527","chr19",40502942,40523515,"ZNF546"
"13528","chr19",40534167,40562115,"ZNF780B"
"13529","chr19",40575059,40596845,"ZNF780A"
"13530","chr19",40697650,40721483,"MAP3K10"
"13531","chr19",40721965,40724306,"TTC9B"
"13532","chr19",40728115,40732597,"CNTD2"
"13533","chr19",40736224,40791302,"AKT2"
"13534","chr19",40788450,40788548,"MIR641"
"13535","chr19",40826971,40854422,"C19orf47"
"13536","chr19",40854331,40884391,"PLD3"
"13537","chr19",40885178,40896094,"HIPK4"
"13538","chr19",40899671,40919271,"PRX"
"13539","chr19",40928409,40931932,"SERTAD1"
"13540","chr19",40946748,40950282,"SERTAD3"
"13541","chr19",40953691,40971725,"BLVRB"
"13543","chr19",41082756,41097306,"SHKBP1"
"13544","chr19",41099071,41135726,"LTBP4"
"13545","chr19",41171812,41196556,"NUMBL"
"13546","chr19",41197434,41222790,"ADCK4"
"13547","chr19",41223007,41246766,"ITPKC"
"13548","chr19",41246761,41256408,"C19orf54"
"13549","chr19",41256758,41271298,"SNRPA"
"13550","chr19",41277552,41302850,"MIA-RAB4B"
"13551","chr19",41281081,41283399,"MIA"
"13552","chr19",41305047,41314347,"EGLN2"
"13553","chr19",41314349,41316674,"AK097370"
"13554","chr19",41349443,41356352,"CYP2A6"
"13556","chr19",41396730,41406414,"CYP2G1P"
"13557","chr19",41430169,41456566,"CYP2B7P1"
"13558","chr19",41497203,41524302,"CYP2B6"
"13559","chr19",41594367,41602100,"CYP2A13"
"13560","chr19",41620352,41634282,"CYP2F1"
"13561","chr19",41641936,41641963,"DQ590318"
"13562","chr19",41699114,41713445,"CYP2S1"
"13563","chr19",41725107,41767672,"AXL"
"13564","chr19",41768390,41813812,"HNRNPUL1"
"13565","chr19",41816093,41830789,"CCDC97"
"13566","chr19",41856815,41889988,"TMEM91"
"13567","chr19",41836812,41859831,"TGFB1"
"13568","chr19",41860322,41870078,"B9D2"
"13569","chr19",41892276,41903256,"EXOSC5"
"13570","chr19",41903693,41930911,"BCKDHA"
"13571","chr19",41931264,41934635,"B3GNT8"
"13572","chr19",41931316,41933463,"BC128410"
"13573","chr19",41937223,41945843,"ATP5SL"
"13574","chr19",41949062,41950671,"C19orf69"
"13575","chr19",41960074,42006554,"LOC100505495"
"13576","chr19",42055885,42093198,"CEACAM21"
"13577","chr19",42125344,42133442,"CEACAM4"
"13578","chr19",42177235,42192096,"CEACAM7"
"13579","chr19",42212529,42234438,"CEACAM5"
"13580","chr19",42259397,42276114,"CEACAM6"
"13581","chr19",42300533,42315592,"CEACAM3"
"13582","chr19",42341150,42348508,"LYPD4"
"13583","chr19",42349023,42356398,"DMRTC2"
"13584","chr19",42363987,42375485,"RPS19"
"13585","chr19",42381189,42385440,"CD79A"
"13586","chr19",42387266,42434297,"ARHGEF1"
"13587","chr19",42460833,42463528,"RABAC1"
"13588","chr19",42470734,42498382,"ATP1A3"
"13589","chr19",42502473,42569957,"GRIK5"
"13590","chr19",42572628,42585721,"ZNF574"
"13591","chr19",42590262,42636625,"POU2F2"
"13592","chr19",42636780,42641252,"LOC100505622"
"13593","chr19",42637597,42637665,"MIR4323"
"13594","chr19",42656720,42661676,"AK024119"
"13595","chr19",42702752,42721813,"DEDD2"
"13596","chr19",42724491,42732354,"ZNF526"
"13597","chr19",42734338,42746736,"GSK3A"
"13598","chr19",42751717,42759309,"ERF"
"13599","chr19",42776563,42776592,"DQ597999"
"13600","chr19",42788816,42799950,"CIC"
"13601","chr19",42806283,42814974,"PRR19"
"13602","chr19",42801185,42806952,"PAFAH1B3"
"13603","chr19",42817476,42829215,"TMEM145"
"13604","chr19",42829760,42882922,"MEGF8"
"13605","chr19",42891171,42894444,"CNFN"
"13608","chr19",42905666,42931578,"LIPE"
"13609","chr19",42932695,42947136,"CXCL17"
"13610","chr19",43011458,43032661,"CEACAM1"
"13611","chr19",43084395,43099082,"CEACAM8"
"13613","chr19",43256839,43269831,"PSG8"
"13614","chr19",43326014,43331031,"LOC100289650"
"13615","chr19",43341149,43359870,"PSG10P"
"13618","chr19",43428284,43441330,"PSG7"
"13619","chr19",43511809,43530631,"PSG11"
"13620","chr19",43568362,43586893,"PSG2"
"13621","chr19",43671895,43690688,"PSG5"
"13622","chr19",43696854,43709790,"PSG4"
"13623","chr19",43715943,43752798,"LOC284344"
"13624","chr19",43757435,43773682,"PSG9"
"13625","chr19",43853207,43853701,"PRG1"
"13626","chr19",43857824,43867481,"CD177"
"13627","chr19",43892762,43922768,"TEX101"
"13628","chr19",43964946,43969831,"LYPD3"
"13629","chr19",43979255,44008985,"PHLDB3"
"13630","chr19",44029648,44040285,"ZNF575"
"13631","chr19",44010871,44031396,"ETHE1"
"13632","chr19",44047464,44079730,"XRCC1"
"13633","chr19",44080951,44088115,"LOC390940"
"13634","chr19",44088519,44100287,"IRGQ"
"13635","chr19",44100543,44104588,"ZNF576"
"13636","chr19",44116252,44118651,"SRRM5"
"13637","chr19",44111376,44124014,"ZNF428"
"13638","chr19",44126522,44143991,"CADM4"
"13639","chr19",44150247,44174498,"PLAUR"
"13640","chr19",44220213,44224170,"IRGC"
"13641","chr19",44235301,44259142,"SMG9"
"13642","chr19",44270685,44285409,"KCNN4"
"13643","chr19",44300079,44324808,"LYPD5"
"13644","chr19",44326209,44331358,"AK131520"
"13645","chr19",44331472,44353051,"ZNF283"
"13646","chr19",44376515,44384288,"ZNF404"
"13647","chr19",44395956,44405955,"LOC100505715"
"13648","chr19",44416776,44439411,"ZNF45"
"13649","chr19",44455396,44471753,"ZNF221"
"13650","chr19",44488354,44502478,"ZNF155"
"13651","chr19",44502551,44506988,"AK090553"
"13652","chr19",44507076,44518073,"ZNF230"
"13653","chr19",44529493,44537263,"ZNF222"
"13654","chr19",44556163,44591624,"ZNF223"
"13655","chr19",44598481,44612480,"ZNF224"
"13656","chr19",44609492,44617336,"LOC100379224"
"13657","chr19",44617547,44637256,"ZNF225"
"13658","chr19",44632606,44634854,"AX748287"
"13659","chr19",44645709,44664463,"ZNF234"
"13660","chr19",44669214,44681839,"ZNF226"
"13661","chr19",44716690,44741422,"ZNF227"
"13662","chr19",44764032,44779471,"ZNF233"
"13663","chr19",44732357,44809178,"ZNF235"
"13664","chr19",44830706,44905777,"ZFP112"
"13665","chr19",44889808,44901421,"ZNF285"
"13666","chr19",44930426,44952766,"ZNF229"
"13667","chr19",44979859,45004574,"ZNF180"
"13668","chr19",45010211,45033548,"CEACAM20"
"13669","chr19",45041045,45060150,"CEACAM22P"
"13670","chr19",45116939,45140082,"IGSF23"
"13671","chr19",45147097,45169429,"PVR"
"13672","chr19",45156956,45157002,"MIR4531"
"13673","chr19",45174723,45187628,"CEACAM19"
"13674","chr19",45202420,45213987,"CEACAM16"
"13675","chr19",45251977,45263302,"BCL3"
"13676","chr19",45281125,45303904,"CBLC"
"13677","chr19",45312337,45324679,"BCAM"
"13678","chr19",45349392,45392486,"PVRL2"
"13679","chr19",45394476,45406947,"TOMM40"
"13680","chr19",45409038,45412651,"APOE"
"13681","chr19",45417576,45422607,"APOC1"
"13682","chr19",45430059,45434644,"APOC1P1"
"13683","chr19",45445494,45452823,"APOC4"
"13684","chr19",45451541,45452653,"APOC2"
"13685","chr19",45457841,45496605,"CLPTM1"
"13686","chr19",45504706,45541457,"RELB"
"13687","chr19",45542297,45574215,"CLASRP"
"13688","chr19",45574758,45579688,"ZNF296"
"13689","chr19",45582517,45594783,"GEMIN7"
"13690","chr19",45596430,45650544,"PPP1R37"
"13691","chr19",45653008,45663408,"NKPD1"
"13692","chr19",45666186,45681495,"TRAPPC6A"
"13693","chr19",45682002,45685059,"BLOC1S3"
"13694","chr19",45715879,45737469,"EXOC3L2"
"13695","chr19",45754515,45808542,"MARK4"
"13696","chr19",45809671,45826233,"CKM"
"13697","chr19",45843997,45854779,"KLC3"
"13698","chr19",45854649,45873845,"ERCC2"
"13699","chr19",45882892,45909607,"PPP1R13L"
"13700","chr19",45909466,45914025,"CD3EAP"
"13701","chr19",45910591,45982086,"ERCC1"
"13702","chr19",45971252,45978438,"FOSB"
"13703","chr19",45988550,46000313,"RTN2"
"13704","chr19",46001730,46005765,"PPM1N"
"13705","chr19",46010687,46030241,"VASP"
"13706","chr19",46031025,46105466,"OPA3"
"13707","chr19",46093023,46095124,"GPR4"
"13708","chr19",46112658,46148775,"EML2"
"13709","chr19",46142252,46142345,"MIR330"
"13710","chr19",46144904,46146093,"LOC100287177"
"13711","chr19",46171501,46185718,"GIPR"
"13712","chr19",46178185,46178283,"MIR642A"
"13713","chr19",46178190,46178266,"MIR642B"
"13714","chr19",46190712,46195443,"SNRPD2"
"13715","chr19",46195740,46207249,"QPCTL"
"13716","chr19",46213887,46234151,"FBXO46"
"13717","chr19",46217645,46220639,"AX746967"
"13718","chr19",46242887,46262749,"LOC388553"
"13719","chr19",46268043,46272497,"SIX5"
"13720","chr19",46272976,46285815,"DMPK"
"13721","chr19",46286264,46296060,"DMWD"
"13722","chr19",46298968,46318605,"RSPH6A"
"13723","chr19",46318700,46366548,"SYMPK"
"13724","chr19",46367517,46377056,"FOXA3"
"13725","chr19",46386866,46389376,"IRF2BP1"
"13726","chr19",46393281,46405862,"MYPOP"
"13727","chr19",46416473,46418036,"NANOS2"
"13728","chr19",46442771,46476657,"NOVA2"
"13729","chr19",46498338,46521875,"CCDC61"
"13730","chr19",46522189,46522308,"MIR769"
"13731","chr19",46522412,46526556,"PGLYRP1"
"13732","chr19",46543006,46544274,"IGFL4"
"13733","chr19",46560932,46580887,"AK096622"
"13734","chr19",46623328,46627931,"IGFL3"
"13735","chr19",46651038,46664562,"IGFL2"
"13736","chr19",46692286,46706319,"BC062328"
"13737","chr19",46706682,46718095,"DKFZp434J0226"
"13738","chr19",46733008,46734501,"IGFL1"
"13739","chr19",46800302,46846691,"HIF3A"
"13740","chr19",46850250,46894233,"PPP5C"
"13741","chr19",46913586,46916919,"CCDC8"
"13742","chr19",46969748,46974820,"PNMAL1"
"13743","chr19",46997764,46999756,"BC132841"
"13744","chr19",46994448,46999169,"PNMAL2"
"13746","chr19",47123725,47128354,"PTGIR"
"13747","chr19",47137333,47137939,"GNG8"
"13748","chr19",47163620,47180714,"LOC100506068"
"13749","chr19",47150869,47164395,"DACT3"
"13750","chr19",47177573,47220384,"PRKD2"
"13751","chr19",47212550,47212602,"MIR320E"
"13752","chr19",47249302,47261833,"FKRP"
"13753","chr19",47222768,47250251,"STRN4"
"13754","chr19",47278140,47291842,"SLC1A5"
"13755","chr19",47333842,47333961,"SNAR-E"
"13756","chr19",47341423,47354203,"AP2S1"
"13757","chr19",47421932,47508334,"ARHGAP35"
"13758","chr19",47523100,47549018,"NPAS1"
"13759","chr19",47549167,47551882,"TMEM160"
"13760","chr19",47567447,47617009,"ZC3H4"
"13761","chr19",47634079,47713894,"SAE1"
"13762","chr19",47730198,47730279,"MIR3190"
"13763","chr19",47730201,47730276,"MIR3191"
"13764","chr19",47724079,47736023,"BBC3"
"13765","chr19",47759730,47775211,"CCDC9"
"13766","chr19",47777658,47778981,"PRR24"
"13767","chr19",47813103,47825328,"C5AR1"
"13768","chr19",47835403,47845273,"GPR77"
"13769","chr19",47852537,47885962,"DHX34"
"13770","chr19",47906381,47922785,"MEIS3"
"13771","chr19",47931279,47975307,"SLC8A2"
"13772","chr19",47978400,47987521,"KPTN"
"13773","chr19",47987538,48004855,"LOC100505681"
"13774","chr19",47990891,48018515,"NAPA"
"13775","chr19",48023947,48059113,"ZNF541"
"13776","chr19",48111452,48206535,"GLTSCR1"
"13777","chr19",48216600,48246392,"EHD2"
"13778","chr19",48248792,48274142,"GLTSCR2"
"13779","chr19",48259109,48259220,"SNORD23"
"13780","chr19",48281841,48287944,"SEPW1"
"13781","chr19",48285436,48287940,"AX747088"
"13782","chr19",48304500,48306930,"TPRX1"
"13783","chr19",48325098,48346587,"CRX"
"13784","chr19",48373723,48389654,"SULT2A1"
"13785","chr19",48410934,48448301,"SNAR-A12"
"13786","chr19",48416307,48459059,"SNAR-C2"
"13787","chr19",48421685,48437560,"SNAR-A1"
"13789","chr19",48442797,48442918,"SNAR-C4"
"13790","chr19",48453552,48453672,"SNAR-C3"
"13791","chr19",48471303,48495427,"BSPH1"
"13792","chr19",48497907,48528411,"ELSPBP1"
"13793","chr19",48532640,48547311,"CABP5"
"13794","chr19",48551100,48614109,"PLA2G4C"
"13795","chr19",48618703,48673560,"LIG1"
"13796","chr19",48673948,48700878,"C19orf68"
"13797","chr19",48706405,48759203,"CARD8"
"13798","chr19",48758931,48761451,"LOC100505812"
"13799","chr19",48773355,48790864,"ZNF114"
"13800","chr19",48799709,48825191,"CCDC114"
"13801","chr19",48828628,48833811,"EMP3"
"13802","chr19",48835146,48867186,"TMEM143"
"13803","chr19",48867650,48879635,"SYNGR4"
"13804","chr19",48885827,48894810,"KDELR1"
"13805","chr19",48898131,48948189,"GRIN2D"
"13806","chr19",48949029,48960279,"GRWD1"
"13807","chr19",48958765,48969368,"KCNJ14"
"13808","chr19",48972464,48985572,"CYTH2"
"13809","chr19",48968868,48972950,"BC042033"
"13810","chr19",48988528,49016446,"LMTK3"
"13811","chr19",49055428,49102685,"SULT2B1"
"13812","chr19",49109999,49110972,"SPACA4"
"13813","chr19",49103857,49116694,"FAM83E"
"13814","chr19",49118588,49122433,"RPL18"
"13815","chr19",49122547,49133975,"SPHK2"
"13816","chr19",49133817,49140639,"DBP"
"13817","chr19",49141295,49185503,"SEC1"
"13818","chr19",49141272,49149451,"CA11"
"13819","chr19",49164664,49176264,"NTN5"
"13820","chr19",49199227,49209192,"FUT2"
"13821","chr19",49216255,49222976,"MAMSTR"
"13822","chr19",49223842,49243970,"RASIP1"
"13823","chr19",49244145,49250166,"IZUMO1"
"13824","chr19",49251268,49258647,"FUT1"
"13825","chr19",49258815,49261583,"FGF21"
"13826","chr19",49298319,49314320,"BCAT2"
"13827","chr19",49316274,49339934,"HSD17B14"
"13828","chr19",49340354,49371884,"PLEKHA4"
"13829","chr19",49375648,49379320,"PPP1R15A"
"13830","chr19",49384222,49401996,"TULP2"
"13831","chr19",49403306,49426541,"NUCB1"
"13832","chr19",49436938,49448227,"DHDH"
"13833","chr19",49458116,49465056,"BAX"
"13834","chr19",49468565,49470137,"FTL"
"13835","chr19",49469842,49469871,"DQ591443"
"13836","chr19",49471382,49496610,"GYS1"
"13837","chr19",49497155,49519183,"RUVBL2"
"13838","chr19",49519237,49520347,"LHB"
"13839","chr19",49526126,49561002,"CGB"
"13840","chr19",49534926,49535044,"SNAR-G2"
"13841","chr19",49535129,49536496,"CGB2"
"13842","chr19",49538826,49540191,"CGB1"
"13843","chr19",49540276,49540405,"SNAR-G1"
"13844","chr19",49547101,49548569,"CGB5"
"13845","chr19",49550895,49559852,"CGB8"
"13846","chr19",49557531,49561008,"CGB7"
"13847","chr19",49564397,49568333,"NTF4"
"13848","chr19",49570675,49576198,"KCNA7"
"13849","chr19",49588464,49611871,"SNRNP70"
"13850","chr19",49617617,49621718,"LIN7B"
"13851","chr19",49621654,49622397,"C19orf73"
"13852","chr19",49622662,49654281,"PPFIA3"
"13853","chr19",49654456,49658681,"HRC"
"13854","chr19",49661015,49715099,"TRPM4"
"13855","chr19",49812054,49812125,"MIR4324"
"13856","chr19",49792892,49828474,"SLC6A16"
"13857","chr19",49838427,49843862,"CD37"
"13858","chr19",49834804,49843559,"AK097351"
"13859","chr19",49843855,49865714,"TEAD2"
"13860","chr19",49866986,49878374,"DKKL1"
"13861","chr19",49891474,49921257,"CCDC155"
"13862","chr19",49925671,49926698,"PTH2"
"13863","chr19",49929687,49932076,"LOC100507003"
"13864","chr19",49932655,49944808,"SLC17A7"
"13865","chr19",49946968,49947386,"BC128433"
"13866","chr19",49949550,49955115,"PIH1D1"
"13867","chr19",49956472,49974306,"ALDH16A1"
"13868","chr19",49977465,49990895,"FLT3LG"
"13869","chr19",49990864,49995565,"RPL13A"
"13870","chr19",49993222,49993305,"SNORD32A"
"13871","chr19",49993873,49993957,"SNORD33"
"13872","chr19",49994163,49994230,"SNORD34"
"13873","chr19",49994431,49994518,"SNORD35A"
"13874","chr19",49999633,50002945,"RPS11"
"13875","chr19",50000975,50001063,"SNORD35B"
"13876","chr19",50004042,50004125,"MIR150"
"13877","chr19",50015535,50029686,"FCGRT"
"13878","chr19",50030874,50046891,"RCN3"
"13879","chr19",50058968,50083803,"NOSIP"
"13880","chr19",50084586,50094266,"PRRG2"
"13881","chr19",50094911,50129697,"PRR12"
"13882","chr19",50138552,50143400,"RRAS"
"13883","chr19",50145381,50161907,"SCAF1"
"13884","chr19",50162826,50169132,"IRF3"
"13885","chr19",50168398,50177174,"BCL2L12"
"13886","chr19",50180408,50191708,"PRMT1"
"13887","chr19",50191941,50194248,"C19orf76"
"13888","chr19",50194364,50216989,"CPT1C"
"13889","chr19",50243011,50266515,"TSKS"
"13890","chr19",50270179,50310370,"AP2A1"
"13891","chr19",50310124,50316567,"FUZ"
"13892","chr19",50321535,50342037,"MED25"
"13893","chr19",50353991,50364000,"PTOV1"
"13894","chr19",50341903,50354933,"LOC100506033"
"13895","chr19",50357840,50357918,"MIR4749"
"13896","chr19",50364460,50370822,"PNKP"
"13897","chr19",50372297,50380644,"AKT1S1"
"13898","chr19",50380681,50392008,"TBC1D17"
"13899","chr19",50391427,50391495,"MIR4750"
"13900","chr19",50390639,50432988,"IL4I1"
"13901","chr19",50410084,50432799,"NUP62"
"13902","chr19",50431958,50437194,"ATF5"
"13903","chr19",50436320,50436395,"MIR4751"
"13904","chr19",50452250,50464429,"SIGLEC11"
"13905","chr19",50472911,50479077,"SIGLEC16"
"13906","chr19",50479724,50528805,"VRK3"
"13907","chr19",50529211,50552032,"ZNF473"
"13908","chr19",50553936,50570053,"FLJ26850"
"13909","chr19",50637002,50642494,"SNAR-B2"
"13910","chr19",50643459,50643577,"SNAR-D"
"13911","chr19",50655805,50666538,"IZUMO2"
"13913","chr19",50815199,50832634,"KCNC3"
"13914","chr19",50832948,50886268,"NR1H2"
"13915","chr19",50837057,50848005,"NAPSB"
"13916","chr19",50861734,50868931,"NAPSA"
"13917","chr19",50887592,50921272,"POLD1"
"13918","chr19",50922194,50934310,"SPIB"
"13919","chr19",50936159,50969584,"MYBPC2"
"13920","chr19",50979656,50986609,"C19orf63"
"13921","chr19",50970045,50980003,"FAM71E1"
"13922","chr19",50988163,50990121,"AX746478"
"13923","chr19",51009259,51014477,"JOSD2"
"13924","chr19",51014857,51017947,"ASPDH"
"13925","chr19",51020150,51071302,"LRRC4B"
"13926","chr19",51108219,51108343,"SNAR-F"
"13927","chr19",51125234,51143092,"SYT3"
"13928","chr19",51152701,51162568,"C19orf81"
"13929","chr19",51165084,51223040,"SHANK1"
"13930","chr19",51226604,51228982,"CLEC11A"
"13931","chr19",51273857,51274929,"GPR32"
"13932","chr19",51288985,51289467,"GQ868703"
"13933","chr19",51293671,51298482,"ACPT"
"13934","chr19",51300961,51307974,"C19orf48"
"13935","chr19",51302286,51302382,"SNORD88B"
"13936","chr19",51302696,51302792,"SNORD88A"
"13937","chr19",51305582,51305678,"SNORD88C"
"13938","chr19",51320936,51322135,"MGC45922"
"13939","chr19",51322404,51327043,"KLK1"
"13940","chr19",51328545,51334779,"KLK15"
"13941","chr19",51358170,51364021,"KLK3"
"13942","chr19",51376688,51383824,"KLK2"
"13943","chr19",51385352,51399654,"KLKP1"
"13944","chr19",51409608,51413994,"KLK4"
"13945","chr19",51446559,51456344,"KLK5"
"13946","chr19",51461887,51472929,"KLK6"
"13947","chr19",51479735,51487320,"KLK7"
"13948","chr19",51499264,51506516,"KLK8"
"13949","chr19",51503680,51512890,"KLK9"
"13950","chr19",51516000,51523431,"KLK10"
"13951","chr19",51525487,51531290,"KLK11"
"13952","chr19",51532348,51538148,"KLK12"
"13953","chr19",51559463,51568367,"KLK13"
"13954","chr19",51580752,51587502,"KLK14"
"13955","chr19",51600863,51611647,"CTU1"
"13956","chr19",51628136,51639521,"SIGLEC9"
"13957","chr19",51645557,51656784,"SIGLEC7"
"13958","chr19",51670584,51676781,"SIGLECP3"
"13959","chr19",51728334,51747116,"CD33"
"13960","chr19",51754331,51772583,"C19orf75"
"13961","chr19",51815101,51834103,"IGLON5"
"13962","chr19",51834795,51845378,"VSIG10L"
"13963","chr19",51848409,51869672,"ETFB"
"13964","chr19",51870352,51872257,"CLDND2"
"13965","chr19",51874874,51875960,"NKG7"
"13966","chr19",51883163,51891210,"LIM2"
"13967","chr19",51891543,51893828,"LOC147646"
"13968","chr19",51919159,51920680,"LOC100129083"
"13969","chr19",51913275,51921057,"SIGLEC10"
"13970","chr19",51954101,51961708,"SIGLEC8"
"13971","chr19",51979837,51986612,"CEACAM18"
"13972","chr19",51994613,52005043,"SIGLEC12"
"13973","chr19",52022784,52035110,"SIGLEC6"
"13974","chr19",52074530,52092992,"ZNF175"
"13975","chr19",52094258,52095762,"AX748312"
"13976","chr19",52095036,52097633,"FLJ30403"
"13977","chr19",52114781,52133727,"SIGLEC5"
"13978","chr19",52145806,52150132,"SIGLEC14"
"13979","chr19",52195864,52195935,"MIR99B"
"13980","chr19",52196038,52196118,"MIRLET7E"
"13981","chr19",52196506,52196593,"MIR125A"
"13982","chr19",52196592,52208444,"LINC00085"
"13983","chr19",52216365,52227221,"HAS1"
"13984","chr19",52249023,52255150,"FPR1"
"13985","chr19",52264452,52273780,"FPR2"
"13986","chr19",52298410,52329335,"FPR3"
"13987","chr19",52359056,52394145,"ZNF577"
"13988","chr19",52392488,52408305,"ZNF649"
"13989","chr19",52430687,52449012,"ZNF613"
"13990","chr19",52452414,52484616,"BC014606"
"13991","chr19",52467593,52490079,"ZNF350"
"13992","chr19",52494586,52496450,"AK128361"
"13993","chr19",52494587,52511483,"ZNF615"
"13994","chr19",52516018,52531680,"ZNF614"
"13995","chr19",52536677,52552073,"ZNF432"
"13996","chr19",52567719,52599018,"ZNF841"
"13997","chr19",52617653,52643191,"ZNF616"
"13998","chr19",52658125,52674896,"ZNF836"
"13999","chr19",52693054,52729679,"PPP2R1A"
"14000","chr19",52772823,52795978,"ZNF766"
"14001","chr19",52785049,52785144,"MIR643"
"14002","chr19",52800425,52829175,"ZNF480"
"14003","chr19",52839497,52870377,"ZNF610"
"14004","chr19",52803946,52848482,"AK097759"
"14005","chr19",52873169,52893598,"ZNF880"
"14006","chr19",52888036,52889045,"AF086165"
"14007","chr19",52892095,52901010,"AK097590"
"14008","chr19",52901120,52921658,"ZNF528"
"14009","chr19",52932439,52955569,"ZNF534"
"14010","chr19",52956828,53020132,"ZNF578"
"14011","chr19",53030908,53067718,"ZNF808"
"14012","chr19",53073525,53090428,"ZNF701"
"14013","chr19",53099936,53103406,"ZNF137P"
"14014","chr19",53115618,53193886,"ZNF83"
"14015","chr19",53206066,53238307,"ZNF611"
"14016","chr19",53268748,53290034,"ZNF600"
"14017","chr19",53300661,53324922,"ZNF28"
"14018","chr19",53341785,53360902,"ZNF468"
"14019","chr19",53367119,53400946,"ZNF320"
"14020","chr19",53430388,53466164,"ZNF816-ZNF321P"
"14021","chr19",53471504,53496784,"ZNF702P"
"14022","chr19",53510764,53516425,"AK127846"
"14023","chr19",53517343,53519834,"ERVV-1"
"14024","chr19",53547990,53554381,"ERVV-2"
"14025","chr19",53569867,53606687,"ZNF160"
"14026","chr19",53611132,53636173,"ZNF415"
"14027","chr19",53641957,53662322,"ZNF347"
"14028","chr19",53666552,53696619,"ZNF665"
"14029","chr19",53738638,53758111,"ZNF677"
"14030","chr19",53761544,53762856,"VN1R2"
"14031","chr19",53770013,53770918,"VN1R4"
"14032","chr19",53784810,53788201,"LOC646508"
"14033","chr19",53792854,53794875,"BIRC8"
"14034","chr19",53837001,53858123,"ZNF845"
"14035","chr19",53868967,53889842,"ZNF525"
"14036","chr19",53898396,53930575,"ZNF765"
"14037","chr19",53935226,53947926,"LOC147804"
"14038","chr19",53948253,53961516,"ZNF761"
"14039","chr19",53970988,54006949,"ZNF813"
"14040","chr19",54024176,54083524,"ZNF331"
"14041","chr19",54102885,54106751,"LOC284379"
"14042","chr19",54135309,54140264,"DPRX"
"14043","chr19",54169926,54172509,"MIR512-2"
"14044","chr19",54175221,54175295,"MIR1323"
"14045","chr19",54177450,54177575,"MIR498"
"14046","chr19",54178964,54179052,"MIR520E"
"14047","chr19",54182256,54188346,"MIR515-1"
"14048","chr19",54183193,54183278,"MIR519E"
"14049","chr19",54185412,54185500,"MIR520F"
"14050","chr19",54189722,54189810,"MIR519C"
"14051","chr19",54191734,54191822,"MIR1283-1"
"14052","chr19",54194134,54194220,"MIR520A"
"14053","chr19",54197646,54197730,"MIR526B"
"14054","chr19",54198466,54198548,"MIR519B"
"14055","chr19",54200786,54200872,"MIR525"
"14056","chr19",54201638,54201726,"MIR523"
"14057","chr19",54203268,54203356,"MIR518F"
"14058","chr19",54204480,54204542,"MIR520B"
"14059","chr19",54205990,54206074,"MIR518B"
"14060","chr19",54209505,54209591,"MIR526A1"
"14061","chr19",54210706,54210794,"MIR520C"
"14062","chr19",54211988,54212090,"MIR518C"
"14063","chr19",54214255,54214343,"MIR524"
"14064","chr19",54215521,54215609,"MIR517A"
"14065","chr19",54216600,54216689,"MIR519D"
"14066","chr19",54219847,54219935,"MIR521-2"
"14067","chr19",54223349,54223437,"MIR520D"
"14068","chr19",54224329,54224397,"MIR517B"
"14069","chr19",54225419,54225510,"MIR520G"
"14070","chr19",54228695,54228781,"MIR516B2"
"14071","chr19",54230175,54230241,"MIR526A2"
"14072","chr19",54233091,54233180,"MIR518E"
"14073","chr19",54234259,54234345,"MIR518A1"
"14074","chr19",54238130,54238218,"MIR518D"
"14075","chr19",54240098,54240189,"MIR516B1"
"14076","chr19",54242586,54242674,"MIR518A2"
"14077","chr19",54244566,54244662,"MIR517C"
"14078","chr19",54245765,54245854,"MIR520H"
"14079","chr19",54251889,54251977,"MIR521-1"
"14080","chr19",54254464,54254552,"MIR522"
"14081","chr19",54255650,54255736,"MIR519A1"
"14082","chr19",54257271,54257357,"MIR527"
"14083","chr19",54259994,54260085,"MIR516A1"
"14084","chr19",54261485,54261573,"MIR1283-2"
"14085","chr19",54264386,54264477,"MIR516A2"
"14086","chr19",54265597,54265685,"MIR519A2"
"14087","chr19",54290928,54291211,"MIR371A"
"14088","chr19",54290931,54290996,"MIR371B"
"14089","chr19",54291958,54292028,"MIR373"
"14090","chr19",54296855,54327648,"NLRP12"
"14091","chr19",54369610,54379690,"MYADM"
"14092","chr19",54385466,54410902,"PRKCG"
"14093","chr19",54415990,54446970,"CACNG7"
"14094","chr19",54466289,54493470,"CACNG8"
"14095","chr19",54485560,54485652,"MIR935"
"14096","chr19",54495541,54515921,"CACNG6"
"14097","chr19",54544080,54567207,"VSTM1"
"14098","chr19",54573201,54584634,"TARM1"
"14099","chr19",54597933,54605994,"OSCAR"
"14100","chr19",54606159,54610282,"NDUFA3"
"14101","chr19",54618789,54635151,"PRPF31"
"14102","chr19",54610320,54619055,"TFPT"
"14103","chr19",54641435,54659447,"CNOT3"
"14104","chr19",54659379,54663446,"LENG1"
"14105","chr19",54663834,54676944,"TMC4"
"14106","chr19",54677106,54693733,"MBOAT7"
"14107","chr19",54694118,54698395,"TSEN34"
"14108","chr19",54704725,54711516,"RPS9"
"14109","chr19",54720147,54726959,"LILRB3"
"14110","chr19",54723711,54804265,"LILRA6"
"14111","chr19",54754269,54761167,"LILRB5"
"14112","chr19",54777675,54785033,"LILRB2"
"14113","chr19",54785963,54786036,"MIR4752"
"14114","chr19",54818353,54824409,"LILRA5"
"14115","chr19",54844692,54850421,"LILRA4"
"14116","chr19",54865235,54882165,"LAIR1"
"14117","chr19",54926604,54947900,"TTYH1"
"14118","chr19",54960064,54973197,"LENG8"
"14119","chr19",54972140,54973196,"KIAA1932"
"14120","chr19",54972979,54974894,"LENG9"
"14121","chr19",54976210,54984422,"CDC42EP5"
"14122","chr19",55009099,55021901,"LAIR2"
"14123","chr19",55043908,55055196,"KIR3DX1"
"14124","chr19",55084481,55107957,"LILRA2"
"14125","chr19",55105112,55112541,"LILRA1"
"14126","chr19",55128628,55149005,"LILRB1"
"14127","chr19",55155339,55161050,"BC032342"
"14128","chr19",55174123,55179847,"LILRB4"
"14129","chr19",55219600,55224888,"LILRP2"
"14130","chr19",55219699,55224843,"BC131616"
"14131","chr19",55235983,55248004,"KIR3DL3"
"14132","chr19",55249973,55295779,"KIR2DL3"
"14134","chr19",55280874,55282516,"GQ422373"
"14135","chr19",55297773,55325973,"KIR2DL4"
"14136","chr19",55327892,55378671,"KIR3DL1"
"14137","chr19",55385548,55401839,"FCAR"
"14138","chr19",55417507,55424440,"NCR1"
"14139","chr19",55434877,55477611,"NLRP7"
"14140","chr19",55476651,55512511,"NLRP2"
"14141","chr19",55525075,55549632,"GP6"
"14142","chr19",55551816,55553382,"AL833150"
"14143","chr19",55538946,55580914,"RDH13"
"14144","chr19",55574415,55575201,"AK122764"
"14145","chr19",55583387,55599292,"EPS8L1"
"14146","chr19",55602281,55628927,"PPP1R12C"
"14147","chr19",55644161,55660606,"TNNT1"
"14148","chr19",55663136,55669100,"TNNI3"
"14149","chr19",55670031,55678018,"C19orf51"
"14150","chr19",55684469,55691720,"SYT5"
"14151","chr19",55701075,55704598,"BC034929"
"14152","chr19",55692615,55720874,"PTPRH"
"14153","chr19",55738002,55740632,"TMEM86B"
"14154","chr19",55741147,55770038,"PPP6R1"
"14155","chr19",55775353,55775745,"X05128"
"14156","chr19",55773591,55791751,"HSPBP1"
"14157","chr19",55793439,55823904,"BRSK1"
"14158","chr19",55824227,55845416,"TMEM150B"
"14159","chr19",55851220,55859490,"SUV420H2"
"14160","chr19",55861070,55866463,"COX6B2"
"14161","chr19",55866018,55874620,"FAM71E2"
"14162","chr19",55875757,55881814,"IL11"
"14163","chr19",55888203,55889613,"TMEM190"
"14164","chr19",55890612,55895627,"TMEM238"
"14165","chr19",55897299,55903452,"RPL28"
"14166","chr19",55919266,55920831,"BC047644"
"14167","chr19",55912650,55919325,"UBE2S"
"14168","chr19",55940105,55954230,"SHISA7"
"14169","chr19",55964346,55973049,"ISOC2"
"14170","chr19",55987698,55995855,"ZNF628"
"14171","chr19",55996556,55998936,"NAT14"
"14172","chr19",55999869,56030467,"SSC5D"
"14173","chr19",56041100,56048435,"SBK2"
"14174","chr19",56052023,56056909,"SGK110"
"14175","chr19",56088891,56092211,"ZNF579"
"14176","chr19",56102737,56113336,"FIZ1"
"14177","chr19",56111729,56114505,"ZNF524"
"14178","chr19",56124958,56129908,"ZNF865"
"14179","chr19",56132107,56135941,"ZNF784"
"14180","chr19",56146824,56156990,"ZNF581"
"14181","chr19",56152391,56154837,"ZNF580"
"14182","chr19",56158953,56164527,"CCDC106"
"14183","chr19",56165415,56186083,"U2AF2"
"14184","chr19",56186560,56207134,"EPN1"
"14185","chr19",56219798,56249768,"NLRP9"
"14186","chr19",56270506,56274542,"RFPL4A"
"14187","chr19",56296763,56348128,"NLRP11"
"14188","chr19",56347943,56393221,"NLRP4"
"14189","chr19",56407311,56443702,"NLRP13"
"14190","chr19",56459197,56499996,"NLRP8"
"14191","chr19",56511091,56573175,"NLRP5"
"14192","chr19",56598732,56632649,"ZNF787"
"14193","chr19",56652534,56672263,"ZNF444"
"14194","chr19",56687388,56697145,"GALP"
"14195","chr19",56701058,56704421,"ZSCAN5B"
"14197","chr19",56879467,56891197,"ZNF542"
"14198","chr19",56894648,56904894,"ZNF582"
"14199","chr19",56905044,56910545,"LOC386758"
"14200","chr19",56915382,56936401,"ZNF583"
"14201","chr19",56950693,56988770,"ZNF667"
"14202","chr19",56989242,57006806,"LOC100128252"
"14203","chr19",57019211,57040270,"ZNF471"
"14204","chr19",57050316,57068171,"ZFP28"
"14205","chr19",57056935,57078780,"BX647249"
"14206","chr19",57078889,57100279,"ZNF470"
"14207","chr19",57106663,57135545,"ZNF71"
"14208","chr19",57154526,57168615,"LOC147670"
"14209","chr19",57174020,57183123,"ZNF835"
"14210","chr19",57221170,57302676,"FJ997633"
"14211","chr19",57276711,57311015,"BC036412"
"14212","chr19",57323847,57325162,"PEG3-AS1"
"14213","chr19",57321445,57336374,"PEG3"
"14214","chr19",57285923,57352097,"ZIM2"
"14215","chr19",57352269,57359923,"MIMT1"
"14216","chr19",57631508,57643294,"USP29"
"14217","chr19",57645464,57656570,"ZIM3"
"14218","chr19",57663094,57678856,"DUXA"
"14219","chr19",57702867,57734215,"ZNF264"
"14220","chr19",57742376,57746917,"AURKC"
"14221","chr19",57752052,57774107,"ZNF805"
"14222","chr19",57791418,57805437,"ZNF460"
"14223","chr19",57831864,57842145,"ZNF543"
"14224","chr19",57862644,57871266,"ZNF304"
"14225","chr19",57901217,57913920,"ZNF548"
"14226","chr19",57922528,57933308,"ZNF17"
"14227","chr19",57946692,57957192,"ZNF749"
"14228","chr19",57966542,57968107,"VN1R1"
"14229","chr19",57980954,57988938,"ZNF772"
"14230","chr19",57999078,58006049,"ZNF419"
"14231","chr19",58011308,58029773,"ZNF773"
"14232","chr19",58038692,58052245,"ZNF549"
"14233","chr19",58053206,58071216,"ZNF550"
"14234","chr19",58082934,58090243,"ZNF416"
"14235","chr19",58095627,58103759,"ZIK1"
"14236","chr19",58111252,58124090,"ZNF530"
"14237","chr19",58125829,58133637,"ZNF134"
"14238","chr19",58131793,58154148,"ZNF211"
"14239","chr19",58180302,58190521,"ZSCAN4"
"14240","chr19",58193356,58201170,"ZNF551"
"14241","chr19",58208735,58220579,"ZNF154"
"14242","chr19",58231119,58238995,"ZNF671"
"14243","chr19",58258163,58269528,"ZNF776"
"14244","chr19",58281019,58311963,"ZNF586"
"14245","chr19",58318450,58326281,"ZNF552"
"14246","chr19",58331098,58357607,"LOC100293516"
"14247","chr19",58336667,58338830,"FKBP1AP1"
"14248","chr19",58361180,58376492,"ZNF587"
"14249","chr19",58373300,58374655,"DL490846"
"14250","chr19",58379176,58380141,"BC011243"
"14251","chr19",58360099,58400442,"ZNF814"
"14252","chr19",58417142,58427978,"ZNF417"
"14253","chr19",58433252,58446740,"ZNF418"
"14254","chr19",58452201,58459077,"ZNF256"
"14255","chr19",58469805,58485902,"C19orf18"
"14256","chr19",58514261,58518575,"LOC100128398"
"14257","chr19",58488441,58514714,"ZNF606"
"14258","chr19",58545433,58566000,"ZSCAN1"
"14259","chr19",58570606,58581111,"ZNF135"
"14260","chr19",58595209,58629793,"ZSCAN18"
"14261","chr19",58637619,58666477,"ZNF329"
"14262","chr19",58694395,58724928,"ZNF274"
"14263","chr19",58740069,58775009,"ZNF544"
"14264","chr19",58769782,58790174,"BC063675"
"14265","chr19",58790317,58827014,"ZNF8"
"14266","chr19",58838384,58853713,"ZSCAN22"
"14267","chr19",58859116,58866550,"A1BG-AS1"
"14268","chr19",58858172,58874214,"A1BG"
"14269","chr19",58868265,58870970,"BC023201"
"14270","chr19",58865723,58869001,"ZNF497"
"14271","chr19",58878990,58892389,"ZNF837"
"14272","chr19",58898137,58898225,"MIR4754"
"14273","chr19",58898635,58906172,"RPS5"
"14274","chr19",58907456,58908447,"LOC646862"
"14275","chr19",58920062,58929693,"ZNF584"
"14276","chr19",58943743,58943787,"DQ581862"
"14277","chr19",58944181,58951589,"ZNF132"
"14278","chr19",58962970,58969200,"ZNF324B"
"14279","chr19",58978411,58984946,"ZNF324"
"14280","chr19",58987794,58992598,"ZNF446"
"14281","chr19",58990879,59023432,"SLC27A5"
"14282","chr19",59024897,59031188,"ZBTB45"
"14283","chr19",59055835,59062083,"TRIM28"
"14284","chr19",59062933,59066486,"CHMP2A"
"14285","chr19",59067079,59070343,"UBE2M"
"14286","chr19",59070552,59086165,"LOC100131691"
"14287","chr19",59073284,59084942,"MZF1"
"14288","chr19",59086765,59110853,"MGC2752"
"14289","chr2",38814,46588,"FAM110C"
"14290","chr2",218136,264810,"SH3YL1"
"14291","chr2",264868,278283,"ACP1"
"14292","chr2",279561,288308,"FAM150B"
"14293","chr2",667973,677439,"TMEM18"
"14294","chr2",779837,864112,"LOC339822"
"14299","chr2",2323003,2330881,"LOC730811"
"14303","chr2",3501690,3523350,"ADI1"
"14304","chr2",3592691,3605940,"RNASEH1"
"14305","chr2",3605975,3609341,"LOC100506054"
"14306","chr2",3622852,3628510,"RPS7"
"14307","chr2",3642636,3692048,"COLEC11"
"14308","chr2",3664890,3665294,"BC113076"
"14309","chr2",3705785,3750261,"ALLC"
"14310","chr2",4005245,4021622,"LOC100505964"
"14311","chr2",4271220,4271241,"JA429818"
"14312","chr2",4675808,4703812,"LOC727982"
"14313","chr2",5832798,5841518,"SOX11"
"14314","chr2",6072818,6120351,"LOC150622"
"14315","chr2",6122109,6128365,"LOC400940"
"14316","chr2",6869300,6910442,"LINC00487"
"14317","chr2",6980503,7005936,"CMPK2"
"14318","chr2",7017795,7038364,"RSAD2"
"14320","chr2",7052407,7058813,"LOC386597"
"14321","chr2",7561391,7590382,"LOC100506274"
"14322","chr2",8062556,8116977,"LOC339788"
"14324","chr2",8822112,8824584,"ID2"
"14328","chr2",9545815,9563643,"ITGB1BP1"
"14329","chr2",9563867,9613228,"CPSF3"
"14330","chr2",9614669,9636673,"IAH1"
"14331","chr2",9629411,9695917,"ADAM17"
"14332","chr2",9724106,9771106,"YWHAQ"
"14333","chr2",9983570,10074546,"TAF1B"
"14334","chr2",10091791,10142413,"GRHL1"
"14335","chr2",10092866,10096058,"BC051708"
"14336","chr2",10183681,10194964,"KLF11"
"14337","chr2",10196926,10220538,"CYS1"
"14338","chr2",10262694,10271547,"RRM2"
"14339","chr2",10281980,10350943,"C2orf48"
"14340","chr2",10332740,10332797,"MIR4261"
"14342","chr2",10586840,10586975,"SNORA80B"
"14343","chr2",10580508,10588453,"ODC1"
"14345","chr2",10861774,10925237,"ATP6V1C2"
"14346","chr2",10923517,10978103,"PDIA6"
"14347","chr2",11052062,11054352,"KCNF1"
"14348","chr2",11239126,11240188,"AX746649"
"14349","chr2",11239977,11272347,"FLJ33534"
"14350","chr2",11273178,11286917,"C2orf50"
"14351","chr2",11295539,11318999,"PQLC3"
"14353","chr2",11584501,11606297,"E2F6"
"14355","chr2",11680731,11680803,"MIR4429"
"14356","chr2",11798304,11810329,"NTSR2"
"14358","chr2",11977059,11977112,"MIR4262"
"14360","chr2",12170429,12170498,"SNORD18"
"14361","chr2",12856997,12882859,"TRIB2"
"14362","chr2",12877492,12877571,"MIR3125"
"14363","chr2",13106908,13147138,"LOC100506474"
"14365","chr2",14772809,14780169,"FAM84A"
"14366","chr2",14775214,14790934,"AX747684"
"14368","chr2",15731769,15771226,"DDX1"
"14369","chr2",15830905,15859086,"AK093525"
"14370","chr2",16080682,16087130,"MYCN"
"14371","chr2",16080020,16081845,"MYCNOS"
"14373","chr2",17691986,17711681,"RAD51AP2"
"14376","chr2",17935161,17937774,"AX748233"
"14377","chr2",17935176,17966633,"GEN1"
"14378","chr2",17997785,17998368,"MSGN1"
"14379","chr2",18059113,18114226,"KCNS3"
"14380","chr2",18735989,18741959,"RDH14"
"14381","chr2",18744137,18770824,"NT5C1B"
"14382","chr2",19548189,19548267,"MIR4757"
"14383","chr2",19551246,19558372,"OSR1"
"14384","chr2",20068614,20084809,"FLJ12334"
"14385","chr2",20096514,20101744,"TTC32"
"14386","chr2",20110029,20189884,"WDR35"
"14387","chr2",20191813,20212455,"MATN3"
"14388","chr2",20232411,20251789,"LAPTM4A"
"14389","chr2",20400558,20425194,"SDC1"
"14391","chr2",20646834,20649202,"RHOB"
"14392","chr2",20817564,20850864,"HS1BP3"
"14393","chr2",20866423,20871251,"GDF7"
"14395","chr2",21224301,21266945,"APOB"
"14396","chr2",21910306,21933524,"LOC645949"
"14399","chr2",24150154,24223694,"UBXN2A"
"14400","chr2",24232952,24247146,"MFSD2B"
"14401","chr2",24252206,24270296,"C2orf44"
"14402","chr2",24272583,24286551,"FKBP1B"
"14403","chr2",24290454,24299314,"SF3B14"
"14404","chr2",24299727,24397520,"LOC375190"
"14405","chr2",24300303,24308085,"TP53I3"
"14406","chr2",24338244,24346151,"PFN4"
"14407","chr2",24397530,24414568,"C2orf84"
"14408","chr2",24425735,24427824,"AX747227"
"14411","chr2",25016174,25045246,"CENPO"
"14412","chr2",25013136,25016251,"PTRHD1"
"14414","chr2",25166505,25194963,"DNAJC27"
"14415","chr2",25194980,25262564,"DNAJC27-AS1"
"14417","chr2",25383722,25391559,"POMC"
"14419","chr2",25551509,25551590,"MIR1301"
"14422","chr2",26149455,26205443,"KIF3C"
"14424","chr2",26395959,26412533,"FAM59B"
"14425","chr2",26413504,26467594,"HADHA"
"14426","chr2",26467615,26513334,"HADHB"
"14427","chr2",26531041,26569685,"GPR113"
"14428","chr2",26568953,26618760,"EPT1"
"14429","chr2",26624783,26679580,"CCDC164"
"14431","chr2",26785480,26802396,"C2orf70"
"14432","chr2",26804073,26864211,"CIB4"
"14433","chr2",26915580,26954067,"KCNK3"
"14434","chr2",26928413,26931549,"AX746487"
"14435","chr2",26987141,27004100,"C2orf18"
"14436","chr2",27008881,27023935,"CENPA"
"14438","chr2",27193524,27250088,"MAPRE3"
"14439","chr2",27234637,27237480,"AK125769"
"14440","chr2",27255773,27264566,"TMEM214"
"14441","chr2",27274490,27293491,"AGBL5"
"14442","chr2",27293342,27294567,"OST4"
"14443","chr2",27301434,27309266,"EMILIN1"
"14444","chr2",27309610,27323620,"KHK"
"14445","chr2",27322221,27341995,"CGREF1"
"14446","chr2",27346656,27353681,"ABHD1"
"14447","chr2",27346722,27349816,"AK074615"
"14448","chr2",27353625,27357542,"PREB"
"14449","chr2",27359715,27362332,"C2orf53"
"14450","chr2",27371944,27375820,"TCF23"
"14451","chr2",27422455,27435175,"SLC5A6"
"14452","chr2",27434898,27440047,"C2orf28"
"14453","chr2",27440257,27466655,"CAD"
"14454","chr2",27477440,27498188,"SLC30A3"
"14455","chr2",27498288,27504297,"DNAJC5G"
"14456","chr2",27505296,27530308,"TRIM54"
"14457","chr2",27530265,27531130,"UCN"
"14458","chr2",27532360,27548547,"MPV17"
"14459","chr2",27548721,27579868,"GTF3C2"
"14460","chr2",27558408,27560671,"LOC100505624"
"14461","chr2",27587219,27593324,"EIF2B4"
"14462","chr2",27593362,27599995,"SNX17"
"14463","chr2",27600098,27603611,"ZNF513"
"14464","chr2",27615490,27616443,"FTH1P3"
"14465","chr2",27604061,27632496,"PPM1G"
"14466","chr2",27650656,27665125,"NRBP1"
"14467","chr2",27665232,27669349,"KRTCAP3"
"14468","chr2",27667240,27712571,"IFT172"
"14469","chr2",27714750,27718126,"FNDC4"
"14470","chr2",27719705,27746551,"GCKR"
"14471","chr2",27799388,27805590,"C2orf16"
"14472","chr2",27805892,27858102,"ZNF512"
"14473","chr2",27848506,27851898,"CCDC121"
"14474","chr2",27851514,27873714,"GPN1"
"14475","chr2",27886337,27917848,"SLC4A1AP"
"14476","chr2",27873679,27886449,"SUPT7L"
"14477","chr2",27929630,27938599,"AK124439"
"14478","chr2",27994583,28002609,"MRPL33"
"14481","chr2",28112323,28113981,"LOC100302650"
"14482","chr2",28206826,28207893,"BC048132"
"14483","chr2",28219233,28219317,"MIR4263"
"14484","chr2",28530558,28533326,"LOC100505716"
"14485","chr2",28615668,28639446,"FOSL2"
"14486","chr2",28607276,28617539,"AK055918"
"14488","chr2",28974611,29025807,"PPP1CB"
"14489","chr2",29005382,29073476,"SPDYA"
"14490","chr2",29072688,29093175,"TRMT61B"
"14491","chr2",29117532,29171081,"WDR43"
"14492","chr2",29136527,29136617,"SNORD92"
"14493","chr2",29149932,29150009,"SNORD53"
"14494","chr2",29150848,29150927,"SNORD53_SNORD92"
"14495","chr2",29204163,29275097,"FAM179A"
"14496","chr2",29284556,29297127,"C2orf71"
"14497","chr2",29320570,29406680,"CLIP4"
"14499","chr2",30369749,30383400,"YPEL5"
"14500","chr2",30454396,30482900,"LBH"
"14501","chr2",30569524,30575298,"AK123934"
"14502","chr2",30631035,30631213,"L07266"
"14504","chr2",30945638,31030311,"CAPN13"
"14506","chr2",31395922,31456724,"CAPN14"
"14507","chr2",31456879,31491261,"EHD3"
"14508","chr2",31557188,31637611,"XDH"
"14509","chr2",31749656,31806040,"SRD5A2"
"14511","chr2",32248972,32264844,"DPY30"
"14512","chr2",32288679,32382707,"SPAST"
"14513","chr2",32390909,32449182,"SLC30A6"
"14514","chr2",32449518,32490812,"NLRC4"
"14515","chr2",32502957,32531659,"YIPF4"
"14517","chr2",32757219,32757314,"MIR558"
"14519","chr2",32860321,32860399,"MIR4765"
"14521","chr2",33152193,33171203,"LOC100271832"
"14524","chr2",33808729,33824362,"FAM98A"
"14525","chr2",33951128,33953284,"MYADML"
"14526","chr2",36581892,36582713,"LOC100288911"
"14528","chr2",36779404,36825332,"FEZ2"
"14532","chr2",37311593,37323739,"CCDC75"
"14533","chr2",37332284,37384190,"EIF2AK2"
"14534","chr2",37394963,37423741,"SULT6B1"
"14535","chr2",37423634,37431887,"LOC100505876"
"14536","chr2",37428775,37458740,"CEBPZ"
"14537","chr2",37458773,37476304,"C2orf56"
"14538","chr2",37477646,37544222,"PRKD3"
"14539","chr2",37571752,37600466,"QPCT"
"14540","chr2",37870743,37899326,"CDC42EP3"
"14541","chr2",38053390,38056541,"AK057187"
"14543","chr2",38294746,38303323,"CYP1B1"
"14544","chr2",38358246,38408994,"CYP1B1-AS1"
"14545","chr2",38522029,38604432,"ATL2"
"14546","chr2",38790328,38830178,"HNRPLL"
"14547","chr2",38893051,38961910,"GALM"
"14548","chr2",38970741,38978636,"SRSF7"
"14549","chr2",38978675,39009107,"GEMIN6"
"14550","chr2",39024876,39103021,"DHX57"
"14551","chr2",39103102,39109851,"MORN2"
"14552","chr2",39146503,39202591,"ARHGEF33"
"14553","chr2",39186429,39187485,"LOC375196"
"14555","chr2",39405688,39456673,"CDKL4"
"14558","chr2",39892637,39945105,"TMEM178"
"14559","chr2",39963200,40006416,"THUMPD2"
"14562","chr2",42104694,42121187,"LOC388942"
"14563","chr2",42162508,42180943,"LOC400950"
"14564","chr2",42275160,42285669,"PKDCC"
"14566","chr2",42577645,42596150,"COX7A2L"
"14567","chr2",42669157,42721237,"KCNG3"
"14569","chr2",42989639,42991401,"OXER1"
"14570","chr2",42994229,43019751,"HAAO"
"14571","chr2",43449541,43453745,"ZFP36L2"
"14572","chr2",43454349,43455995,"LOC100129726"
"14575","chr2",43902292,43903461,"LOC728819"
"14576","chr2",44001177,44037150,"DYNC2LI1"
"14577","chr2",44039611,44066004,"ABCG5"
"14578","chr2",44066102,44105606,"ABCG8"
"14580","chr2",44395999,44471524,"PPM1B"
"14581","chr2",44502596,44547963,"SLC3A1"
"14582","chr2",44544748,44589001,"PREPL"
"14584","chr2",44776630,44776659,"MIR548AD"
"14585","chr2",45169036,45173217,"SIX3"
"14586","chr2",45232324,45236542,"SIX2"
"14587","chr2",45401480,45482080,"UNQ6975"
"14590","chr2",46524540,46613843,"EPAS1"
"14591","chr2",46656333,46668973,"BC031304"
"14592","chr2",46706703,46711565,"LOC388946"
"14593","chr2",46738986,46747096,"ATP6V1E2"
"14594","chr2",46755025,46769141,"AF086285"
"14595","chr2",46769866,46811828,"RHOQ"
"14596","chr2",46795396,46807374,"BC048424"
"14597","chr2",46808413,46844251,"PIGF"
"14598","chr2",46844324,46852882,"CRIPT"
"14599","chr2",46926098,46989928,"SOCS5"
"14600","chr2",47043806,47049800,"LOC388948"
"14601","chr2",47055002,47086146,"LOC100134259"
"14602","chr2",47129009,47168994,"MCFD2"
"14605","chr2",47536172,47538026,"AX747384"
"14607","chr2",47596286,47614168,"EPCAM"
"14608","chr2",47604813,47604910,"MIR559"
"14610","chr2",47713160,47715691,"AK056077"
"14611","chr2",47747915,47797470,"KCNK12"
"14612","chr2",48010220,48034093,"MSH6"
"14613","chr2",48034059,48132932,"FBXO11"
"14614","chr2",48541794,48606435,"FOXN2"
"14615","chr2",48667907,48742532,"PPP1R21"
"14617","chr2",48757307,48825655,"STON1"
"14618","chr2",48913913,48982880,"LHCGR"
"14622","chr2",53990098,53992017,"AX747197"
"14623","chr2",53994928,54002288,"CHAC2"
"14624","chr2",54014067,54045957,"ERLEC1"
"14625","chr2",54076259,54076342,"MIR3682"
"14626","chr2",54080050,54081893,"GPR75"
"14629","chr2",54480315,54483409,"TSPYL6"
"14630","chr2",54558070,54588715,"C2orf73"
"14632","chr2",54752736,54755839,"BC067268"
"14633","chr2",54756358,54756979,"RPL23AP32"
"14635","chr2",55199327,55277734,"RTN4"
"14636","chr2",55459038,55462990,"RPS27A"
"14637","chr2",55399687,55459699,"C2orf63"
"14638","chr2",55463756,55496384,"MTIF2"
"14639","chr2",55509454,55511608,"PRORSD1P"
"14641","chr2",55746739,55772217,"CCDC104"
"14642","chr2",55775514,55845113,"SMEK2"
"14643","chr2",55861198,55921011,"PNPT1"
"14644","chr2",56093097,56151298,"EFEMP1"
"14646","chr2",56210102,56210211,"MIR217"
"14647","chr2",56216085,56216194,"MIR216A"
"14648","chr2",56227849,56227930,"MIR216B"
"14649","chr2",56301789,56317511,"BC040311"
"14651","chr2",56400669,56412048,"AK295617"
"14653","chr2",58386378,58468515,"FANCL"
"14656","chr2",60614497,60614580,"MIR4432"
"14657","chr2",60751624,60755350,"AL833181"
"14659","chr2",60983364,61029222,"PAPOLG"
"14660","chr2",61074895,61108449,"FLJ16341"
"14661","chr2",61108751,61150179,"REL"
"14662","chr2",61167548,61245365,"PUS10"
"14663","chr2",61244696,61279126,"PEX13"
"14664","chr2",61293005,61365170,"KIAA1841"
"14665","chr2",61368727,61372110,"LOC339803"
"14666","chr2",61372242,61391965,"C2orf74"
"14667","chr2",61404552,61414687,"AHSA2"
"14669","chr2",61644379,61644512,"SNORA70B"
"14670","chr2",61705069,61765418,"XPO1"
"14671","chr2",62051983,62081278,"FAM161A"
"14672","chr2",62095262,62115791,"CCT4"
"14674","chr2",62296588,62374016,"BC071802"
"14675","chr2",62423261,62451867,"B3GNT2"
"14676","chr2",62727356,62762780,"TMEM17"
"14677","chr2",62839007,62889763,"BC038779"
"14679","chr2",63271100,63275656,"LOC100132215"
"14680","chr2",63277191,63284967,"OTX1"
"14681","chr2",63344986,63346677,"DBIL5P2"
"14683","chr2",63815742,63834331,"MDH1"
"14684","chr2",64068097,64118697,"UGP2"
"14686","chr2",64319786,64371605,"PELI1"
"14687","chr2",64331835,64333714,"AK026714"
"14688","chr2",64412213,64432619,"LINC00309"
"14689","chr2",64681326,64688518,"LGALSL"
"14690","chr2",64751438,64820139,"AFTPH"
"14691","chr2",64752646,64752700,"MIR4434"
"14692","chr2",64834445,64843617,"LOC339807"
"14693","chr2",64858755,64881046,"SERTAD2"
"14694","chr2",65073264,65090760,"AK097952"
"14695","chr2",65128974,65159581,"LOC400958"
"14696","chr2",65215578,65251001,"SLC1A4"
"14697","chr2",65283494,65314143,"CEP68"
"14698","chr2",65313988,65357435,"RAB1A"
"14699","chr2",65454828,65498391,"ACTR2"
"14702","chr2",65953723,65982038,"BC038723"
"14703","chr2",66305393,66311773,"AK131224"
"14704","chr2",66585381,66585460,"MIR4778"
"14707","chr2",67350489,67442451,"LOC644838"
"14708","chr2",67624441,67637534,"ETAA1"
"14709","chr2",68269332,68290159,"C1D"
"14710","chr2",68350068,68384678,"WDR92"
"14711","chr2",68385004,68403095,"PNO1"
"14712","chr2",68405989,68479651,"PPP3R1"
"14713","chr2",68520143,68524306,"BC035125"
"14714","chr2",68511303,68547183,"CNRIP1"
"14715","chr2",68592321,68624586,"PLEK"
"14716","chr2",68689505,68694390,"FBXO48"
"14718","chr2",68813903,68882709,"PROKR1"
"14720","chr2",69092613,69098649,"BMP10"
"14721","chr2",69172364,69180102,"GKN2"
"14722","chr2",69201704,69208113,"GKN1"
"14724","chr2",69330813,69330888,"MIR3126"
"14725","chr2",69546901,69614386,"GFPT1"
"14726","chr2",69623245,69664760,"NFU1"
"14727","chr2",69747177,69747303,"SNORA36C"
"14729","chr2",69969126,70053597,"ANXA4"
"14730","chr2",70016684,70026080,"AK125871"
"14731","chr2",70056817,70106728,"GMCL1"
"14732","chr2",70121074,70132369,"SNRNP27"
"14733","chr2",70142172,70170077,"MXD1"
"14734","chr2",70157399,70167776,"FW340055"
"14735","chr2",70187224,70189397,"ASPRV1"
"14737","chr2",70314584,70316335,"PCBP1"
"14738","chr2",70351168,70352448,"LOC100133985"
"14739","chr2",70377017,70418151,"C2orf42"
"14740","chr2",70436576,70475779,"TIA1"
"14741","chr2",70484841,70508318,"PCYOX1"
"14742","chr2",70508506,70520869,"SNRPG"
"14743","chr2",70523108,70529220,"FAM136A"
"14746","chr2",71004442,71017775,"FIGLA"
"14747","chr2",71035777,71047732,"CLEC4F"
"14748","chr2",71057343,71062953,"CD207"
"14749","chr2",71127719,71160576,"VAX2"
"14750","chr2",71162997,71192562,"ATP6V1B1"
"14751","chr2",71205574,71212630,"ANKRD53"
"14752","chr2",71213068,71222001,"TEX261"
"14753","chr2",71251204,71257061,"OR7E91P"
"14754","chr2",71295407,71305999,"NAGK"
"14755","chr2",71336806,71357394,"MCEE"
"14756","chr2",71357443,71377233,"MPHOSPH10"
"14757","chr2",71410052,71411509,"AF090102"
"14758","chr2",71409868,71454233,"PAIP2B"
"14761","chr2",72356367,72374963,"CYP26B1"
"14763","chr2",73114511,73119290,"SPR"
"14764","chr2",73144603,73162021,"EMX1"
"14766","chr2",73300510,73340146,"RAB11FIP5"
"14767","chr2",73307790,73307828,"DQ580250"
"14768","chr2",73429385,73438341,"NOTO"
"14769","chr2",73441365,73454356,"SMYD5"
"14770","chr2",73455134,73460356,"PRADC1"
"14771","chr2",73461363,73480151,"CCT7"
"14772","chr2",73481810,73496848,"FBXO41"
"14773","chr2",73511661,73518114,"AK125051"
"14774","chr2",73518057,73520829,"EGR4"
"14776","chr2",73867850,73869537,"NAT8"
"14777","chr2",73872045,73912695,"ALMS1P"
"14778","chr2",73927636,73928467,"NAT8B"
"14779","chr2",73956957,73964517,"TPRKB"
"14780","chr2",73989325,74007284,"DUSP11"
"14781","chr2",74011315,74044275,"C2orf78"
"14782","chr2",74056042,74094296,"STAMBP"
"14783","chr2",74120092,74146781,"ACTG2"
"14784","chr2",74153952,74186089,"DGUOK"
"14785","chr2",74273449,74335303,"TET3"
"14786","chr2",74362528,74375039,"BOLA3"
"14787","chr2",74375107,74379517,"BOLA3-AS1"
"14788","chr2",74383211,74405995,"MOB1A"
"14789","chr2",74425689,74442425,"MTHFD2"
"14791","chr2",74588281,74619214,"DCTN1"
"14792","chr2",74612844,74621009,"LOC100189589"
"14793","chr2",74642573,74643695,"DQ588163"
"14794","chr2",74641303,74644844,"C2orf81"
"14795","chr2",74648884,74652883,"WDR54"
"14796","chr2",74652988,74669060,"RTKN"
"14797","chr2",74682149,74688019,"INO80B"
"14798","chr2",74688184,74692537,"MOGS"
"14799","chr2",74699085,74699942,"MRPL53"
"14800","chr2",74710199,74721692,"TTC31"
"14801","chr2",74699959,74710357,"CCDC142"
"14802","chr2",74724644,74730443,"LBX2"
"14803","chr2",74729743,74732193,"LOC151534"
"14804","chr2",74732170,74734821,"PCGF1"
"14805","chr2",74740685,74744276,"TLX2"
"14806","chr2",74745258,74753408,"DQX1"
"14807","chr2",74753775,74756974,"AUP1"
"14808","chr2",74756531,74760684,"HTRA2"
"14809","chr2",74776146,74784679,"DOK1"
"14810","chr2",74759946,74781062,"LOXL3"
"14811","chr2",74785010,74875457,"C2orf65"
"14812","chr2",74881392,74909186,"SEMA4F"
"14813","chr2",75059781,75120482,"HK2"
"14814","chr2",75155365,75160152,"AK125960"
"14815","chr2",75185774,75196860,"POLE4"
"14817","chr2",75719444,75796848,"FAM176A"
"14818","chr2",75873908,75889335,"MRPL19"
"14819","chr2",75889832,75938111,"GCFC2"
"14821","chr2",78182033,78182152,"SNAR-H"
"14824","chr2",79252825,79255632,"REG3G"
"14825","chr2",79312149,79315150,"REG1B"
"14826","chr2",79347583,79350546,"REG1A"
"14827","chr2",79362629,79365528,"D56495"
"14828","chr2",79384132,79386880,"REG3A"
"14830","chr2",79876420,79876485,"MIR4264"
"14831","chr2",80515481,80531487,"LRRTM1"
"14832","chr2",83083926,83084894,"LOC1720"
"14833","chr2",84517805,84519325,"FUNDC2P2"
"14834","chr2",84650647,84686586,"SUCLG1"
"14836","chr2",85048796,85108252,"C2orf89"
"14837","chr2",85132762,85133800,"TMSB10"
"14838","chr2",85198230,85286596,"KCMF1"
"14840","chr2",85545141,85555419,"TGOLN2"
"14841","chr2",85569078,85581821,"RETSAT"
"14842","chr2",85581842,85618876,"ELMOD3"
"14843","chr2",85621871,85641170,"CAPG"
"14844","chr2",85646053,85664153,"SH2D6"
"14845","chr2",85764590,85766009,"LOC100630918"
"14846","chr2",85766100,85772404,"MAT2A"
"14847","chr2",85771978,85788657,"GGCX"
"14848","chr2",85804613,85809157,"VAMP8"
"14849","chr2",85811530,85820512,"VAMP5"
"14850","chr2",85822836,85824832,"RNF181"
"14851","chr2",85825670,85829822,"TMEM150A"
"14852","chr2",85829985,85876407,"USP39"
"14853","chr2",85832376,85839179,"C2orf68"
"14854","chr2",85884440,85895864,"SFTPB"
"14855","chr2",85921413,85925876,"GNLY"
"14856","chr2",85980908,86018507,"ATOH8"
"14857","chr2",86042252,86053912,"LOC284950"
"14858","chr2",86066271,86116157,"ST3GAL5"
"14859","chr2",86116402,86119376,"BC036617"
"14860","chr2",86247339,86250991,"LOC90784"
"14861","chr2",86253451,86333278,"POLR1A"
"14862","chr2",86333304,86369281,"PTCD3"
"14863","chr2",86362992,86363130,"SNORD94"
"14864","chr2",86371055,86422893,"IMMT"
"14865","chr2",86420149,86420231,"MIR4779"
"14866","chr2",86426555,86440478,"MRPL35"
"14868","chr2",86668270,86719840,"KDM3A"
"14869","chr2",86730553,86790620,"CHMP3"
"14870","chr2",86831129,86845888,"BC066991"
"14871","chr2",86830516,86851000,"RNF103"
"14873","chr2",87011728,87035519,"CD8A"
"14874","chr2",87088947,87122166,"LOC100286979"
"14875","chr2",87042460,87089047,"CD8B"
"14878","chr2",87237588,87248973,"PLGLB2"
"14879","chr2",87257798,87303536,"LOC285074"
"14882","chr2",87754973,87821031,"LINC00152"
"14884","chr2",88047605,88058995,"PLGLB1"
"14885","chr2",88326724,88355248,"KRCC1"
"14886","chr2",88367298,88412903,"SMYD1"
"14887","chr2",88382038,88382118,"MIR4780"
"14888","chr2",88422508,88427650,"FABP1"
"14889","chr2",88469813,88486157,"THNSL2"
"14890","chr2",88747726,88752053,"FOXI3"
"14891","chr2",88824168,88829104,"C2orf51"
"14892","chr2",88856259,88927094,"EIF2AK3"
"14893","chr2",88927346,88931338,"BC046476"
"14894","chr2",88991175,89050453,"RPIA"
"14895","chr2",89065418,89106127,"ANKRD36BP2"
"14896","chr2",89111883,89111969,"MIR4436A"
"14897","chr2",89156676,89160274,"AK128525"
"14898","chr2",89156709,89165653,"Ig kappa"
"14899","chr2",89197030,89197302,"IGKV"
"14900","chr2",89986779,89987081,"IGVK-A2"
"14901","chr2",90458384,90458474,"E07735"
"14902","chr2",91805188,91847975,"LOC654342"
"14903","chr2",91963367,91970154,"GGT8P"
"14904","chr2",92129158,92130497,"ACTR3BP2"
"14905","chr2",95421071,95426929,"LOC90499"
"14906","chr2",95426673,95522820,"ANKRD20A8P"
"14907","chr2",95537231,95542569,"TEKT4"
"14908","chr2",95534422,95613087,"LOC442028"
"14909","chr2",95691478,95719736,"MAL"
"14910","chr2",95752952,95787754,"MRPS5"
"14911","chr2",95813400,95825263,"ZNF514"
"14912","chr2",95831182,95850065,"ZNF2"
"14913","chr2",95940200,95957056,"PROM2"
"14914","chr2",95963071,96051826,"KCNIP3"
"14915","chr2",96068447,96078880,"FAHD2A"
"14916","chr2",96080755,96082346,"AX747836"
"14917","chr2",96142715,96150479,"TRIM43B"
"14918","chr2",96192398,96198154,"AK055967"
"14919","chr2",96257765,96265470,"TRIM43"
"14920","chr2",96331831,96334464,"BC016831"
"14922","chr2",96480122,96482481,"BC126153"
"14923","chr2",96472813,96482510,"AK057596"
"14925","chr2",96676298,96688885,"LOC729234"
"14926","chr2",96778623,96781888,"ADRA2B"
"14927","chr2",96789589,96804175,"ASTL"
"14928","chr2",96808908,96811179,"DUSP2"
"14929","chr2",96850602,96852296,"CR749695"
"14930","chr2",96850603,96874573,"STARD7"
"14931","chr2",96874140,96907702,"LOC285033"
"14932","chr2",96915946,96931751,"TMEM127"
"14933","chr2",96931883,96939901,"CIAO1"
"14934","chr2",96940074,96971307,"SNRNP200"
"14935","chr2",96991061,96994092,"ITPRIPL1"
"14936","chr2",97001483,97041275,"NCAPH"
"14937","chr2",97163383,97173846,"NEURL3"
"14938","chr2",97202463,97218372,"ARID5A"
"14939","chr2",97258907,97304115,"KANSL3"
"14940","chr2",97308573,97370625,"FER1L5"
"14941","chr2",97371667,97405813,"LMAN2L"
"14942","chr2",97426638,97477629,"CNNM4"
"14943","chr2",97464014,97464091,"MIR3127"
"14944","chr2",97481990,97501122,"CNNM3"
"14945","chr2",97503651,97509758,"ANKRD23"
"14946","chr2",97513724,97523756,"ANKRD39"
"14947","chr2",97525473,97535735,"SEMA4C"
"14949","chr2",97749323,97760582,"FAHD2B"
"14952","chr2",98109130,98206428,"ANKRD36B"
"14953","chr2",98262520,98264658,"COX5B"
"14954","chr2",98272402,98280561,"ACTR1B"
"14955","chr2",98286205,98319530,"LOC728537"
"14956","chr2",98330030,98356324,"ZAP70"
"14959","chr2",98962617,99015065,"CNGA3"
"14961","chr2",99215786,99224981,"COA5"
"14962","chr2",99225041,99234978,"UNC50"
"14966","chr2",99758184,99767929,"C2orf15"
"14967","chr2",99771417,99779614,"LIPT1"
"14968","chr2",99785726,99797492,"MITD1"
"14970","chr2",99858711,99871570,"LYG2"
"14971","chr2",99900701,99921218,"LYG1"
"14972","chr2",99923088,99957165,"TXNDC9"
"14973","chr2",99953833,100016729,"EIF5B"
"14974","chr2",100016938,100106480,"REV1"
"14976","chr2",100824715,100867947,"BC105019"
"14977","chr2",100889753,100939195,"LONRF2"
"14978","chr2",101008322,101034130,"CHST10"
"14979","chr2",101086943,101099743,"NMS"
"14980","chr2",101179417,101193202,"PDCL3"
"14982","chr2",101618690,101636156,"RPL31"
"14984","chr2",101768121,101771875,"BC077729"
"14985","chr2",101869344,101886779,"C2orf29"
"14986","chr2",101889398,101889511,"SNORD89"
"14987","chr2",101887684,101925178,"RNF149"
"14988","chr2",101964816,102003965,"CREG2"
"14989","chr2",102013823,102091165,"RFX8"
"14991","chr2",102608305,102644885,"IL1R2"
"14993","chr2",102803432,102855812,"IL1RL2"
"14994","chr2",102927961,102968498,"IL1RL1"
"14995","chr2",102979092,103015218,"IL18R1"
"14996","chr2",103035253,103069025,"IL18RAP"
"14997","chr2",103048748,103048827,"MIR4772"
"14998","chr2",103089761,103150432,"SLC9A4"
"14999","chr2",103236165,103327810,"SLC9A2"
"15000","chr2",103333666,103353347,"MFSD9"
"15001","chr2",103353393,103434139,"TMEM182"
"15002","chr2",103486032,103486051,"DD413674"
"15003","chr2",104995308,105024790,"LOC100287010"
"15004","chr2",105050804,105129216,"LOC150568"
"15005","chr2",105363095,105374177,"LOC284998"
"15006","chr2",105421883,105467934,"LOC100506421"
"15007","chr2",105471968,105473472,"POU3F3"
"15008","chr2",105481955,105488840,"AK095498"
"15009","chr2",105654482,105716419,"MRPS9"
"15010","chr2",105858199,105859925,"GPR45"
"15011","chr2",105880847,105882690,"LOC644617"
"15012","chr2",105883540,105946148,"TGFBRAP1"
"15013","chr2",105954012,105961985,"C2orf49"
"15014","chr2",105977283,106055230,"FHL2"
"15015","chr2",106209554,106227016,"LOC285000"
"15017","chr2",106682112,106694610,"C2orf40"
"15019","chr2",107002768,107007852,"PLGLA"
"15020","chr2",107021136,107084801,"RGPD3"
"15021","chr2",107418056,107503563,"ST6GAL2"
"15022","chr2",108439520,108443285,"LOC729121"
"15023","chr2",108443387,108509001,"RGPD4"
"15024","chr2",108602994,108630444,"SLC5A7"
"15025","chr2",108863650,108881808,"SULT1C3"
"15026","chr2",108905094,108926372,"SULT1C2"
"15027","chr2",108938693,108970255,"SULT1C2P1"
"15028","chr2",108994420,109004271,"SULT1C4"
"15029","chr2",109065576,109125855,"GCC2"
"15030","chr2",109123997,109150675,"FLJ38668"
"15032","chr2",109335936,109402268,"RANBP2"
"15033","chr2",109403218,109492848,"CCDC138"
"15034","chr2",109510927,109605828,"EDAR"
"15036","chr2",109743784,109746575,"LOC100287216"
"15037","chr2",109757946,109758044,"MIR4265"
"15038","chr2",109930027,109930081,"MIR4266"
"15039","chr2",110300374,110371783,"SEPT10"
"15040","chr2",110339915,110342057,"AX747172"
"15041","chr2",110371910,110376565,"SOWAHC"
"15046","chr2",110744639,110752148,"AK056084"
"15047","chr2",110827538,110827619,"MIR4267"
"15048","chr2",110841447,110874143,"MALL"
"15049","chr2",110880914,110962639,"NPHP1"
"15050","chr2",110969106,110980516,"LINC00116"
"15051","chr2",111003214,111024136,"LOC100507334"
"15052","chr2",111032525,111032565,"DQ595602"
"15053","chr2",111033230,111033271,"DQ587734"
"15054","chr2",111132686,111142113,"LOC151009"
"15058","chr2",111395409,111435684,"BUB1"
"15059","chr2",111443670,111443703,"DQ594093"
"15060","chr2",111447395,111447451,"DQ573754"
"15061","chr2",111447819,111447857,"DQ593945"
"15062","chr2",111453577,111453620,"DQ574014"
"15063","chr2",111454283,111454325,"DQ592678"
"15064","chr2",111457037,111457102,"DQ599706"
"15065","chr2",111457602,111457639,"DQ586378"
"15066","chr2",111457826,111457861,"DQ573409"
"15067","chr2",111457980,111458016,"DQ586966"
"15068","chr2",111458324,111458356,"DQ586506"
"15069","chr2",111471361,111471392,"DQ579470"
"15071","chr2",111855922,111871762,"AK125994"
"15072","chr2",111878490,111926023,"BCL2L11"
"15073","chr2",112249106,112258586,"AX747531"
"15076","chr2",112812799,112876896,"TMEM87B"
"15077","chr2",112895961,112945792,"FBLN7"
"15078","chr2",112973439,113012664,"ZC3H8"
"15079","chr2",113033177,113097641,"ZC3H6"
"15080","chr2",113299491,113334728,"POLR1B"
"15081","chr2",113342035,113346851,"CHCHD5"
"15082","chr2",113399407,113401757,"FLJ42351"
"15083","chr2",113403433,113421401,"SLC20A1"
"15084","chr2",113479062,113500455,"NT5DC4"
"15085","chr2",113495444,113522254,"CKAP2L"
"15086","chr2",113531492,113542971,"IL1A"
"15087","chr2",113587337,113594356,"IL1B"
"15088","chr2",113670547,113676459,"IL37"
"15089","chr2",113735605,113743228,"IL36G"
"15090","chr2",113763448,113765622,"IL36A"
"15091","chr2",113779668,113810440,"IL36B"
"15092","chr2",113816214,113822321,"IL36RN"
"15093","chr2",113825546,113833428,"IL1F10"
"15094","chr2",113856936,113891594,"IL1RN"
"15095","chr2",113931559,113960678,"PSD4"
"15096","chr2",113963502,113966974,"AK123617"
"15097","chr2",113993106,113998403,"DKFZp686E10196"
"15098","chr2",113993845,114024581,"LOC654433"
"15099","chr2",113973574,114036498,"PAX8"
"15100","chr2",114256660,114258728,"FOXD4L1"
"15101","chr2",114297632,114300242,"AY343891"
"15102","chr2",114320850,114320878,"DQ598479"
"15103","chr2",114334958,114336430,"FAM138B"
"15104","chr2",114341229,114356614,"WASH2P"
"15105","chr2",114356606,114359153,"DDX11L2"
"15106","chr2",114368816,114384715,"RPL23AP7"
"15107","chr2",114384816,114400976,"RABL2A"
"15108","chr2",114478867,114478945,"MIR4782"
"15109","chr2",114471930,114514400,"SLC35F5"
"15110","chr2",114647536,114716168,"ACTR3"
"15111","chr2",114737145,114764888,"LOC440900"
"15112","chr2",114735246,114737561,"LOC100499194"
"15114","chr2",115901625,115918920,"LOC389023"
"15115","chr2",118572254,118589954,"DDX18"
"15116","chr2",118673054,118771739,"CCDC93"
"15117","chr2",118846049,118867598,"INSIG2"
"15118","chr2",119599747,119605759,"EN1"
"15119","chr2",119699744,119752237,"MARCO"
"15120","chr2",119913819,119916471,"C1QL2"
"15121","chr2",119981383,120023228,"STEAP3"
"15122","chr2",120060020,120124404,"C2orf76"
"15123","chr2",120124503,120130123,"DBI"
"15124","chr2",120125842,120125910,"DL492217"
"15125","chr2",120189445,120196097,"TMEM37"
"15126","chr2",120197419,120282028,"SCTR"
"15128","chr2",120436742,120481192,"TMEM177"
"15131","chr2",120975047,120980984,"TMEM185B"
"15132","chr2",120997639,121052287,"RALB"
"15133","chr2",121103718,121109384,"INHBB"
"15134","chr2",121221911,121223925,"LOC84931"
"15136","chr2",121974164,122042778,"TFCP2L1"
"15138","chr2",122288455,122288586,"RNU4ATAC"
"15139","chr2",122407229,122486137,"LOC254128"
"15140","chr2",122484521,122494503,"MKI67IP"
"15141","chr2",122513120,122525429,"TSN"
"15142","chr2",124769622,124771990,"AX747402"
"15144","chr2",127413683,127454247,"GYPC"
"15145","chr2",127805599,127864903,"BIN1"
"15146","chr2",127941412,127977654,"CYP27C1"
"15147","chr2",128014866,128051752,"ERCC3"
"15148","chr2",128056245,128100805,"MAP3K2"
"15149","chr2",128175995,128186823,"PROC"
"15150","chr2",128181113,128181194,"MIR4783"
"15151","chr2",128258673,128259739,"BC022892"
"15152","chr2",128238383,128284087,"IWS1"
"15154","chr2",128395996,128439360,"LIMS2"
"15155","chr2",128403438,128410214,"GPR17"
"15156","chr2",128458596,128461408,"SFT2D3"
"15158","chr2",128603840,128615729,"POLR2D"
"15159","chr2",128619207,128643514,"AMMECR1L"
"15160","chr2",128643659,128643749,"DL490450"
"15161","chr2",128698791,128785633,"SAP130"
"15163","chr2",129023054,129076171,"HS6ST1"
"15164","chr2",129622178,129626302,"AK311291"
"15165","chr2",129999746,130031421,"LOC151121"
"15166","chr2",130680435,130691890,"LOC389033"
"15167","chr2",130737234,130740312,"RAB6C"
"15168","chr2",130724165,130738045,"LOC100131320"
"15169","chr2",130783572,130808704,"LOC440905"
"15171","chr2",130831108,130886795,"POTEF"
"15172","chr2",130887195,130896987,"LOC285103"
"15173","chr2",130896862,130902631,"CCDC74B"
"15174","chr2",130908965,130940323,"SMPD4"
"15175","chr2",130939500,130948301,"MZT2B"
"15176","chr2",130940897,130942577,"FLJ14346"
"15177","chr2",130949318,130956034,"TUBA3E"
"15178","chr2",131095816,131099922,"CCDC115"
"15179","chr2",131100488,131104198,"IMP4"
"15180","chr2",131113579,131132983,"PTPN18"
"15182","chr2",131193235,131198988,"BC069809"
"15183","chr2",131278666,131285584,"CFC1"
"15184","chr2",131294143,131331849,"TISP43"
"15185","chr2",131296669,131328401,"LOC646743"
"15186","chr2",131350335,131357251,"CFC1B"
"15190","chr2",131437622,131449263,"CYP4F30P"
"15191","chr2",131486642,131487910,"GPR148"
"15192","chr2",131513076,131525708,"FAM123C"
"15193","chr2",131588551,131594567,"AX746725"
"15194","chr2",131595027,131672772,"AK127124"
"15196","chr2",131805449,131851004,"FAM168B"
"15198","chr2",131975923,132022417,"POTEE"
"15199","chr2",132033004,132033041,"DQ570062"
"15200","chr2",132035460,132035496,"DQ587054"
"15201","chr2",132036862,132057393,"LOC440910"
"15202","chr2",132050804,132050831,"DQ601639"
"15203","chr2",132118065,132121731,"WTH3DI"
"15204","chr2",132160473,132165802,"LOC389043"
"15205","chr2",132199734,132202467,"LOC401010"
"15206","chr2",132233579,132240508,"TUBA3D"
"15207","chr2",132248733,132248809,"MIR4784"
"15208","chr2",132241533,132250064,"MZT2A"
"15209","chr2",132250385,132279150,"LOC150776"
"15210","chr2",132285491,132291240,"CCDC74A"
"15211","chr2",132349267,132385000,"POTEKP"
"15212","chr2",132394283,132394316,"DQ583165"
"15213","chr2",132442469,132457443,"BX648270"
"15214","chr2",132480063,132524978,"C2orf27A"
"15215","chr2",132552534,132559234,"C2orf27B"
"15217","chr2",133014539,133014653,"MIR663B"
"15218","chr2",133015501,133015595,"JA668105"
"15219","chr2",133062358,133080310,"AK094599"
"15221","chr2",133402337,133429070,"LYPD1"
"15222","chr2",133673155,133689068,"BC031872"
"15223","chr2",134023813,134026614,"BC008215"
"15225","chr2",134884695,134884764,"MIR3679"
"15228","chr2",135596185,135659603,"ACMSD"
"15229","chr2",135624203,135676176,"LOC100129961"
"15230","chr2",135676391,135716916,"CCNT2"
"15231","chr2",135722273,135805038,"YSK4"
"15235","chr2",136422966,136423049,"MIR128-1"
"15236","chr2",136499188,136542634,"UBXN4"
"15237","chr2",136577760,136580658,"LOC100507600"
"15238","chr2",136545415,136594750,"LCT"
"15239","chr2",136597196,136634011,"MCM6"
"15240","chr2",136664254,136743222,"DARS"
"15241","chr2",136871919,136875725,"CXCR4"
"15243","chr2",138721807,138773935,"HNMT"
"15244","chr2",139259349,139330806,"SPOPL"
"15246","chr2",139654893,139656745,"LOC647012"
"15251","chr2",145268958,145272018,"AK124806"
"15253","chr2",145276013,145276142,"ZEB2_AS1_1"
"15254","chr2",145278021,145278123,"ZEB2_AS1_3"
"15255","chr2",145277181,145278466,"ZEB2-AS1"
"15256","chr2",145278605,145278684,"ZEB2_AS1_4"
"15258","chr2",145462783,145462987,"VIS1"
"15260","chr2",147344624,147348559,"PABPC1P2"
"15261","chr2",148602085,148688394,"ACVR2A"
"15262","chr2",148692828,148694932,"AK055257"
"15263","chr2",148687966,148779173,"ORC4"
"15265","chr2",149227068,149228685,"AK001975"
"15270","chr2",150426147,150444330,"MMADHC"
"15271","chr2",151324707,151344209,"RND3"
"15272","chr2",152104728,152118389,"RBM43"
"15273","chr2",152126982,152146430,"NMI"
"15274","chr2",152214105,152236563,"TNFAIP6"
"15275","chr2",152224847,152224926,"MIR4773-1"
"15276","chr2",152224848,152224925,"MIR4773-2"
"15277","chr2",152194342,152235885,"FW340097"
"15278","chr2",152266396,152364528,"RIF1"
"15280","chr2",152645592,152685009,"ARL5A"
"15282","chr2",152973315,153032506,"STAM2"
"15284","chr2",153508107,153573975,"PRPF40A"
"15285","chr2",153574406,153617768,"ARL6IP6"
"15286","chr2",154333852,154335322,"RPRM"
"15288","chr2",155292365,155313950,"AX746678"
"15291","chr2",157180944,157189287,"NR4A2"
"15292","chr2",157193084,157198172,"AK128708"
"15294","chr2",157439735,157442915,"AK027840"
"15295","chr2",158114339,158167914,"GALNT5"
"15296","chr2",158175125,158184146,"ERMN"
"15297","chr2",158271131,158345473,"CYTIP"
"15301","chr2",159023161,159092682,"LOC554201"
"15304","chr2",159390711,159390797,"SnoZ5"
"15305","chr2",159514849,159591514,"AK126351"
"15306","chr2",159651828,159672497,"DAPL1"
"15308","chr2",160092304,160143236,"WDSUB1"
"15309","chr2",160175490,160177834,"AK023566"
"15311","chr2",160569009,160625085,"MARCH7"
"15312","chr2",160625139,160654766,"CD302"
"15314","chr2",160956182,160958258,"AK026736"
"15316","chr2",161264321,161264393,"MIR4785"
"15318","chr2",161993465,162092684,"TANK"
"15319","chr2",162101249,162105242,"AK027541"
"15321","chr2",162196027,162196646,"BC073897"
"15322","chr2",162272619,162281574,"TBR1"
"15324","chr2",162848755,162931052,"DPP4"
"15325","chr2",162999385,163008914,"GCG"
"15326","chr2",163027200,163100045,"FAP"
"15327","chr2",163123589,163175039,"IFIH1"
"15328","chr2",163200582,163219149,"GCA"
"15329","chr2",163625448,163654483,"BC042876"
"15333","chr2",165544153,165544287,"SNORA70F"
"15335","chr2",165754709,165812035,"SLC38A11"
"15339","chr2",166604313,166651169,"GALNT3"
"15340","chr2",166713986,166728451,"LOC100506124"
"15341","chr2",166729872,166810348,"TTC21B"
"15342","chr2",166790366,166804832,"LOC100506134"
"15346","chr2",167260083,167350717,"SCN7A"
"15348","chr2",168675181,168727367,"B3GALT1"
"15351","chr2",169439452,169439529,"MIR4774"
"15352","chr2",169629258,169631640,"AL080192"
"15353","chr2",169628463,169642936,"BC035245"
"15354","chr2",169643048,169721850,"NOSTRIN"
"15355","chr2",169727401,169746944,"SPC25"
"15356","chr2",169757749,169766511,"G6PC2"
"15358","chr2",169921298,169952678,"DHRS9"
"15360","chr2",170336005,170382773,"BBS5"
"15361","chr2",170386263,170430424,"FASTKD1"
"15362","chr2",170440849,170494255,"PPIG"
"15363","chr2",170501935,170550931,"C2orf77"
"15364","chr2",170550963,170558219,"PHOSPHO2"
"15365","chr2",170655321,170668572,"SSB"
"15366","chr2",170668268,170681420,"METTL5"
"15369","chr2",171496889,171551884,"AK127400"
"15370","chr2",171568949,171571077,"LOC440925"
"15371","chr2",171571856,171574499,"SP5"
"15372","chr2",171579719,171627276,"AK023515"
"15373","chr2",171640295,171655477,"LOC285141"
"15374","chr2",171673199,171717660,"GAD1"
"15375","chr2",171784947,171823644,"GORASP2"
"15378","chr2",172290726,172341563,"DCAF17"
"15379","chr2",172378865,172414644,"CYBRD1"
"15380","chr2",172543981,172604922,"DYNC1I2"
"15382","chr2",172778934,172848601,"HAT1"
"15383","chr2",172864803,172945588,"METAP1D"
"15384","chr2",172950207,172954402,"DLX1"
"15385","chr2",172964166,172967478,"DLX2"
"15386","chr2",173292081,173371182,"ITGA6"
"15387","chr2",173420100,173489824,"PDK1"
"15389","chr2",173587918,173600934,"LOC91149"
"15391","chr2",174062441,174146764,"MLK7-AS1"
"15392","chr2",174219560,174233719,"CDCA7"
"15393","chr2",174771187,174830430,"SP3"
"15395","chr2",175190754,175195371,"LOC285084"
"15396","chr2",175199820,175202269,"SP9"
"15397","chr2",175212878,175260443,"CIR1"
"15398","chr2",175260456,175294304,"SCRN3"
"15399","chr2",175296375,175351811,"GPR155"
"15403","chr2",175612323,175629200,"CHRNA1"
"15405","chr2",175936978,175938772,"AF283776"
"15406","chr2",176032361,176032437,"MIR933"
"15407","chr2",175939006,176032897,"ATF2"
"15408","chr2",176040986,176046490,"ATP5G3"
"15409","chr2",176790410,176867514,"KIAA1715"
"15410","chr2",176944835,176948690,"EVX2"
"15411","chr2",176957531,176960667,"HOXD13"
"15412","chr2",176964529,176965489,"HOXD12"
"15413","chr2",176969249,176974317,"HOXD11"
"15414","chr2",176981491,176984671,"HOXD10"
"15415","chr2",176987412,176989646,"HOXD9"
"15416","chr2",176992555,176994493,"AX747372"
"15417","chr2",176994421,176997424,"HOXD8"
"15418","chr2",177001339,177005120,"BC047605"
"15419","chr2",176999569,177001826,"LOC100506783"
"15420","chr2",177015030,177015141,"MIR10B"
"15421","chr2",177016112,177017950,"HOXD4"
"15422","chr2",177028804,177037827,"HOXD3"
"15423","chr2",177037924,177053686,"LOC401022"
"15424","chr2",177053306,177055636,"HOXD1"
"15425","chr2",177134122,177202754,"MTX2"
"15426","chr2",177465708,177465780,"MIR1246"
"15427","chr2",177494309,177502302,"LOC375295"
"15428","chr2",178077421,178088686,"HNRNPA3"
"15429","chr2",178120673,178120738,"MIR3128"
"15431","chr2",178148242,178188124,"LOC100130691"
"15433","chr2",178414881,178417524,"TTC30B"
"15434","chr2",178479026,178483694,"TTC30A"
"15436","chr2",178977181,178994383,"RBM45"
"15439","chr2",179278389,179298395,"BX538254"
"15440","chr2",179296272,179298257,"AX747806"
"15441","chr2",179296141,179315958,"PRKRA"
"15442","chr2",179316162,179326111,"DFNB59"
"15443","chr2",179328391,179343355,"FKBP7"
"15444","chr2",179345198,179369783,"PLEKHA3"
"15445","chr2",179387553,179484945,"LOC100506866"
"15447","chr2",179443516,179445634,"AX746670"
"15448","chr2",179607321,179614055,"DKFZp451N061"
"15449","chr2",179641652,179644690,"AK123298"
"15453","chr2",180725607,180725629,"JA660644"
"15454","chr2",180725563,180725635,"MIR1258"
"15455","chr2",180809604,180871840,"CWC22"
"15456","chr2",181845111,181928151,"UBE2E3"
"15458","chr2",182170320,182170379,"MIR4437"
"15459","chr2",182321618,182402469,"ITGA4"
"15461","chr2",182540833,182545392,"NEUROD1"
"15462","chr2",182756471,182795465,"SSFA2"
"15465","chr2",183580998,183643256,"DNAJC10"
"15466","chr2",183698005,183731498,"FRZB"
"15468","chr2",183943286,183964723,"DUSP19"
"15469","chr2",183984749,184026409,"NUP35"
"15471","chr2",186603354,186698017,"FSIP2"
"15472","chr2",186584601,186603441,"BC039382"
"15473","chr2",187350884,187374088,"ZC3H15"
"15474","chr2",187454789,187545629,"ITGAV"
"15475","chr2",187558788,187630685,"FAM171B"
"15476","chr2",187692207,187713897,"ZSWIM2"
"15478","chr2",188328958,188419219,"TFPI"
"15480","chr2",189162218,189162316,"MIR561"
"15481","chr2",189598465,189654831,"DIRC1"
"15482","chr2",189839098,189877473,"COL3A1"
"15483","chr2",189842817,189842887,"MIR1245A"
"15484","chr2",189842820,189842887,"MIR1245B"
"15485","chr2",189860355,189860419,"MIR3606"
"15487","chr2",189997762,189997837,"MIR3129"
"15488","chr2",190306158,190340265,"WDR75"
"15489","chr2",190425316,190448484,"SLC40A1"
"15490","chr2",190526124,190535558,"ASNSD1"
"15491","chr2",190539218,190611377,"ANKAR"
"15492","chr2",190611386,190627953,"OSGEPL1"
"15493","chr2",190634993,190649097,"ORMDL1"
"15494","chr2",190648810,190742356,"PMS1"
"15495","chr2",190920426,190927455,"MSTN"
"15496","chr2",191002485,191068211,"C2orf88"
"15498","chr2",191208195,191236392,"INPP1"
"15499","chr2",191273080,191367042,"MFSD6"
"15500","chr2",191371619,191399468,"TMEM194B"
"15501","chr2",191513847,191557493,"NAB1"
"15502","chr2",191745546,191829777,"GLS"
"15503","chr2",191797526,191800016,"AF097494"
"15504","chr2",191833762,191878976,"STAT1"
"15507","chr2",192542797,192553249,"OBFC2A"
"15508","chr2",192699032,192712006,"SDPR"
"15510","chr2",193614570,193641626,"PCGEM1"
"15511","chr2",195209005,195284356,"BC038548"
"15512","chr2",196521531,196602427,"SLC39A10"
"15513","chr2",196998307,197041227,"STK17B"
"15514","chr2",197124837,197128923,"BC062769"
"15516","chr2",197504355,197597531,"CCDC150"
"15517","chr2",197565359,197577736,"LOC100130452"
"15518","chr2",197627756,197664492,"GTF3C3"
"15519","chr2",197669139,197675000,"C2orf66"
"15520","chr2",197697728,197792519,"PGAP1"
"15522","chr2",198266281,198266316,"SnR39B"
"15523","chr2",198256698,198299771,"SF3B1"
"15524","chr2",198318230,198339852,"COQ10B"
"15525","chr2",198351308,198364998,"HSPD1"
"15526","chr2",198364720,198368188,"HSPE1"
"15528","chr2",198557829,198639548,"BC021693"
"15529","chr2",198570027,198573115,"MARS2"
"15530","chr2",198591603,198650938,"BOLL"
"15532","chr2",199164087,199239273,"AK096499"
"15533","chr2",200212251,200213896,"AK025127"
"15535","chr2",200323124,200324485,"AK125157"
"15536","chr2",200332820,200337482,"FLJ32063"
"15537","chr2",200334618,200341659,"AK056625"
"15538","chr2",200489253,200523856,"BC035629"
"15539","chr2",200625259,200715896,"FONG"
"15540","chr2",200775978,200792997,"C2orf69"
"15541","chr2",200820039,200828848,"C2orf47"
"15542","chr2",200793634,200820459,"TYW5"
"15544","chr2",201353684,201374792,"KCTD18"
"15545","chr2",201390864,201448819,"SGOL2"
"15546","chr2",201450730,201536218,"AOX1"
"15547","chr2",201560445,201658942,"AOX2P"
"15548","chr2",201577028,201599900,"LOC100507140"
"15549","chr2",201676268,201688570,"BZW1"
"15550","chr2",201717732,201729467,"CLK1"
"15551","chr2",201735679,201753849,"PPIL3"
"15552","chr2",201754049,201768656,"NIF3L1"
"15553","chr2",201774894,201828424,"ORC2"
"15554","chr2",201838441,201936392,"FAM126B"
"15555","chr2",201936461,201950474,"NDUFB3"
"15556","chr2",201980876,202037412,"CFLAR"
"15557","chr2",202005012,202022515,"CFLAR-AS1"
"15558","chr2",202047620,202094130,"CASP10"
"15559","chr2",202098165,202152435,"CASP8"
"15560","chr2",202153147,202222101,"ALS2CR12"
"15561","chr2",202241930,202316319,"TRAK2"
"15562","chr2",202316391,202345575,"STRADB"
"15564","chr2",202484907,202508224,"TMEM237"
"15565","chr2",202509597,202563417,"MPP4"
"15566","chr2",202564986,202645895,"ALS2"
"15568","chr2",202899309,202903161,"FZD7"
"15569","chr2",202937977,202974513,"AK096380"
"15570","chr2",203000438,203062586,"KIAA2012"
"15571","chr2",203070903,203103322,"SUMO1"
"15572","chr2",203130514,203168385,"NOP58"
"15573","chr2",203141153,203142916,"SNORD70"
"15574","chr2",203156039,203156152,"SNORD11B"
"15575","chr2",203157773,203157858,"SNORD11"
"15578","chr2",203637873,203736371,"ICA1L"
"15579","chr2",203745323,203776949,"WDR12"
"15580","chr2",203776977,203851061,"ALS2CR8"
"15582","chr2",204103163,204170564,"CYP20A1"
"15585","chr2",204571197,204603637,"CD28"
"15586","chr2",204732510,204738684,"CTLA4"
"15587","chr2",204801470,204826299,"ICOS"
"15590","chr2",206950355,206951577,"BC047484"
"15591","chr2",206858445,206950906,"INO80D"
"15592","chr2",206980297,206981296,"LOC100329109"
"15593","chr2",206983255,206984146,"AX747742"
"15594","chr2",206987803,207024243,"NDUFS1"
"15595","chr2",207024317,207027654,"EEF1B2"
"15596","chr2",207026604,207026675,"SNORD51"
"15597","chr2",207026951,207027084,"SNORA41"
"15598","chr2",207040042,207082771,"GPR1"
"15599","chr2",207117170,207118498,"AX748049"
"15600","chr2",207128707,207130051,"BC028329"
"15601","chr2",207139522,207179149,"ZDBF2"
"15603","chr2",207507141,207514174,"LOC200726"
"15604","chr2",207516345,207583120,"DYTN"
"15605","chr2",207598942,207630050,"MDH1B"
"15606","chr2",207630111,207660912,"FASTKD2"
"15607","chr2",207647957,207648033,"MIR3130-2"
"15608","chr2",207647958,207648032,"MIR3130-1"
"15609","chr2",207804277,207834199,"CPO"
"15610","chr2",207974711,207974797,"MIR2355"
"15611","chr2",207945529,208031571,"KLF7"
"15612","chr2",208084388,208100789,"BC038530"
"15613","chr2",208394615,208470285,"CREB1"
"15614","chr2",208446077,208490065,"METTL21A"
"15615","chr2",208576263,208620897,"CCNYL1"
"15616","chr2",208619530,208619606,"MIR4775"
"15617","chr2",208627310,208634143,"FZD5"
"15619","chr2",208983852,209021487,"LOC100507443"
"15620","chr2",208986331,209028297,"CRYGD"
"15621","chr2",208992861,208994554,"CRYGC"
"15622","chr2",209007297,209010877,"CRYGB"
"15623","chr2",209030071,209054773,"C2orf80"
"15624","chr2",209100953,209119806,"IDH1"
"15625","chr2",209130990,209223476,"PIKFYVE"
"15629","chr2",210867351,210886292,"RPE"
"15630","chr2",210895456,210929081,"AK093026"
"15632","chr2",211052716,211090215,"ACADL"
"15633","chr2",211097415,211098703,"BC130595"
"15634","chr2",211154868,211179895,"MYL1"
"15635","chr2",211295973,211341499,"LANCL1"
"15637","chr2",211482294,211484600,"CPS1-IT1"
"15638","chr2",213290987,213291084,"MIR548F2"
"15640","chr2",213790980,213791061,"MIR4776-1"
"15641","chr2",213790981,213791060,"MIR4776-2"
"15643","chr2",214141277,214148929,"LOC100130451"
"15646","chr2",215593275,215674428,"BARD1"
"15648","chr2",216176678,216214497,"ATIC"
"15649","chr2",216225179,216300791,"FN1"
"15651","chr2",216807314,216878346,"MREG"
"15652","chr2",216861029,216946539,"PECR"
"15653","chr2",216946588,216967507,"TMEM169"
"15654","chr2",216974019,217071017,"XRCC5"
"15655","chr2",217079049,217081398,"AX747067"
"15656","chr2",217081611,217084916,"PKI55"
"15658","chr2",217277136,217347775,"SMARCAL1"
"15659","chr2",217363519,217366189,"RPL37A"
"15660","chr2",217498126,217529159,"IGFBP2"
"15661","chr2",217536828,217560272,"IGFBP5"
"15662","chr2",217724182,217724782,"TNP1"
"15663","chr2",217731055,217732536,"BC031974"
"15664","chr2",217735494,217736363,"hCG_1816075"
"15665","chr2",218148092,218148247,"Pinc"
"15668","chr2",218899656,218955305,"RUFY4"
"15669","chr2",218923878,218926013,"CXCR2P1"
"15670","chr2",218990012,219001977,"CXCR2"
"15671","chr2",219029390,219029415,"HV303425"
"15672","chr2",219027568,219031716,"CXCR1"
"15673","chr2",219081873,219119072,"ARPC2"
"15674","chr2",219125737,219128583,"GPBAR1"
"15675","chr2",219128852,219134893,"AAMP"
"15676","chr2",219135114,219211517,"PNKD"
"15677","chr2",219138917,219157280,"TMBIM1"
"15678","chr2",219221578,219232818,"C2orf62"
"15679","chr2",219231388,219232558,"BC038211"
"15680","chr2",219246751,219261618,"SLC11A1"
"15681","chr2",219263060,219270665,"CTDSP1"
"15682","chr2",219267368,219267446,"MIR26B"
"15683","chr2",219283837,219314249,"VIL1"
"15685","chr2",219433677,219459000,"RQCD1"
"15686","chr2",219472487,219501910,"PLCD4"
"15687","chr2",219502640,219524261,"ZNF142"
"15688","chr2",219524378,219528167,"BCS1L"
"15689","chr2",219536748,219567441,"STK36"
"15690","chr2",219528587,219536781,"RNF25"
"15691","chr2",219575567,219620139,"TTLL4"
"15692","chr2",219646471,219680017,"CYP27A1"
"15693","chr2",219684883,219687243,"AX748340"
"15694","chr2",219687106,219696512,"PRKAG3"
"15695","chr2",219724545,219738955,"WNT6"
"15696","chr2",219745254,219758652,"WNT10A"
"15697","chr2",219765536,219795358,"BC038542"
"15698","chr2",219824397,219826878,"CDK5R2"
"15699","chr2",219841005,219842645,"LOC151300"
"15700","chr2",219845809,219850379,"FEV"
"15701","chr2",219854912,219858127,"CRYBA2"
"15702","chr2",219866367,219866430,"MIR375"
"15703","chr2",219867576,219906245,"CCDC108"
"15704","chr2",219923410,219923472,"MIR3131"
"15705","chr2",219919142,219925238,"IHH"
"15706","chr2",219940046,220034817,"NHEJ1"
"15707","chr2",220026181,220034128,"SLC23A3"
"15708","chr2",220036619,220042732,"CNPPD1"
"15709","chr2",220042938,220050198,"FAM134A"
"15710","chr2",220071528,220074371,"ZFAND2B"
"15711","chr2",220074488,220085174,"ABCB6"
"15712","chr2",220082847,220094361,"ATG9A"
"15713","chr2",220094478,220101392,"ANKZF1"
"15714","chr2",220101503,220110131,"GLB1L"
"15715","chr2",220110191,220115060,"STK16"
"15716","chr2",220117964,220136911,"TUBA4B"
"15717","chr2",220115001,220119330,"TUBA4A"
"15718","chr2",220144039,220151623,"DNAJB2"
"15719","chr2",220158833,220158922,"MIR153-1"
"15720","chr2",220154345,220174295,"PTPRN"
"15721","chr2",220192131,220197899,"RESP18"
"15722","chr2",220238180,220264729,"DNPEP"
"15723","chr2",220283098,220291462,"DES"
"15724","chr2",220299699,220358355,"SPEG"
"15725","chr2",220363586,220371719,"GMPPA"
"15726","chr2",220378891,220403495,"ACCN4"
"15727","chr2",220403669,220408487,"CHPF"
"15728","chr2",220408384,220415318,"TMEM198"
"15729","chr2",220413795,220413869,"MIR3132"
"15730","chr2",220415450,220436268,"OBSL1"
"15731","chr2",220436953,220440436,"INHA"
"15732","chr2",220462595,220481174,"STK11IP"
"15733","chr2",220492291,220506703,"SLC4A3"
"15734","chr2",220771223,220771286,"MIR4268"
"15736","chr2",222437225,222439175,"AX747413"
"15737","chr2",223162865,223169937,"CCDC140"
"15738","chr2",223162961,223162982,"DD413687"
"15739","chr2",223064606,223163715,"PAX3"
"15740","chr2",223185412,223186442,"LOC440934"
"15742","chr2",223436162,223520827,"FARSB"
"15743","chr2",223536456,223574650,"MOGAT1"
"15744","chr2",223725731,223808120,"ACSL3"
"15745","chr2",223916861,223920356,"KCNE4"
"15746","chr2",224461658,224467217,"SCG2"
"15747","chr2",224620047,224702319,"AP1S3"
"15748","chr2",224740065,224810052,"WDFY1"
"15749","chr2",224822120,224832432,"MRPL44"
"15750","chr2",224839765,224904036,"SERPINE2"
"15751","chr2",225243415,225266711,"FAM124B"
"15754","chr2",225875178,225875257,"MIR4439"
"15756","chr2",227007509,227044779,"BC017935"
"15757","chr2",227596033,227663506,"IRS1"
"15759","chr2",227859553,227861592,"AX748395"
"15762","chr2",228092486,228189880,"BC035052"
"15763","chr2",228110426,228189902,"AK056332"
"15764","chr2",228189983,228222550,"MFF"
"15765","chr2",228226874,228244022,"TM4SF20"
"15766","chr2",228336887,228425939,"AGFG1"
"15767","chr2",228474806,228498036,"C2orf83"
"15768","chr2",228573101,228575446,"AX746677"
"15769","chr2",228549926,228582745,"SLC19A3"
"15770","chr2",228678557,228682281,"CCL20"
"15771","chr2",228736326,228789027,"WDR69"
"15777","chr2",230899690,230933715,"SLC16A14"
"15778","chr2",231033645,231090444,"SP110"
"15779","chr2",231191893,231268446,"SP140L"
"15781","chr2",231555636,231565244,"LOC151475"
"15783","chr2",231729620,231743964,"ITM2C"
"15784","chr2",231751260,231769233,"LOC151484"
"15785","chr2",231772033,231825691,"GPR55"
"15786","chr2",231849083,231860747,"LOC348761"
"15787","chr2",231860838,231889771,"SPATA3"
"15788","chr2",231902280,231914428,"C2orf72"
"15790","chr2",231972950,231989824,"HTR2B"
"15792","chr2",232227418,232227505,"MIR4777"
"15793","chr2",232260334,232265876,"B3GNT7"
"15794","chr2",232321155,232321234,"SNORD20"
"15795","chr2",232325079,232325153,"SNORD82"
"15796","chr2",232319459,232329205,"NCL"
"15797","chr2",232373137,232379050,"LINC00471"
"15798","chr2",232387871,232395182,"NMUR1"
"15799","chr2",232457574,232458995,"C2orf57"
"15800","chr2",232570399,232571710,"BC069004"
"15801","chr2",232573234,232578251,"PTMA"
"15802","chr2",232597147,232645974,"PDE6D"
"15803","chr2",232646444,232673435,"COPS7B"
"15804","chr2",232756952,232757008,"MIR1471"
"15805","chr2",232786805,232791038,"NPPC"
"15807","chr2",233243347,233247600,"ALPP"
"15808","chr2",233250460,233251754,"ECEL1P2"
"15809","chr2",233271551,233275425,"ALPPL2"
"15810","chr2",233320832,233324743,"ALPI"
"15811","chr2",233344537,233352532,"ECEL1"
"15812","chr2",233385172,233390426,"PRSS56"
"15813","chr2",233390921,233400206,"CHRND"
"15814","chr2",233404436,233411114,"CHRNG"
"15815","chr2",233412779,233415226,"TIGD1"
"15816","chr2",233415356,233448350,"EIF4E2"
"15817","chr2",233470766,233547492,"EFHD1"
"15819","chr2",233593257,233595608,"AX748196"
"15820","chr2",233630512,233641275,"KCNJ13"
"15821","chr2",233734993,233741108,"C2orf82"
"15823","chr2",233897381,233899768,"NEU2"
"15825","chr2",234160216,234204321,"ATG16L1"
"15826","chr2",234184371,234184650,"SCARNA5"
"15827","chr2",234197321,234197588,"SCARNA6"
"15828","chr2",234216308,234255702,"SAG"
"15830","chr2",234384165,234475428,"USP40"
"15833","chr2",234651396,234652661,"DNAJB3"
"15834","chr2",234662962,234663991,"LOC100286922"
"15835","chr2",234684369,234688429,"DQ655968"
"15836","chr2",234737200,234742065,"HEATR7B1"
"15837","chr2",234745486,234763212,"HJURP"
"15838","chr2",234774090,234777055,"MSL3P1"
"15840","chr2",234959345,234985777,"SPP2"
"15841","chr2",235361543,235363353,"AX748264"
"15842","chr2",235401686,235405693,"ARL4C"
"15843","chr2",235791852,235797446,"AF279775"
"15845","chr2",235904746,235905262,"BC148242"
"15847","chr2",236916211,236918762,"AK000798"
"15848","chr2",237074307,237076652,"GBX2"
"15849","chr2",237103515,237172988,"ASB18"
"15851","chr2",237469423,237490995,"CXCR7"
"15852","chr2",237478467,237480262,"AK023507"
"15853","chr2",237994083,238007490,"COPS8"
"15854","chr2",237968077,237994460,"AK056246"
"15855","chr2",238232655,238322850,"COL6A3"
"15856","chr2",238395052,238463962,"MLPH"
"15857","chr2",238475216,238475819,"PRLH"
"15858","chr2",238482965,238499769,"RAB17"
"15860","chr2",238707387,238751452,"RBM44"
"15861","chr2",238768186,238820756,"RAMP1"
"15862","chr2",238875586,238951424,"UBE2F"
"15863","chr2",238969564,239008055,"SCLY"
"15864","chr2",239008950,239041929,"ESPNL"
"15865","chr2",239047362,239061548,"KLHL30"
"15866","chr2",239072632,239077516,"FAM132B"
"15867","chr2",239079043,239112324,"ILKAP"
"15868","chr2",239133754,239140318,"LOC151174"
"15869","chr2",239140326,239142986,"LOC643387"
"15870","chr2",239146908,239148681,"HES6"
"15871","chr2",239152679,239198743,"PER2"
"15872","chr2",239229184,239309542,"TRAF3IP1"
"15873","chr2",239335625,239360892,"ASB1"
"15874","chr2",239359013,239360880,"AF055024"
"15875","chr2",239419331,239464140,"LOC151171"
"15876","chr2",239756672,239795894,"TWIST2"
"15877","chr2",239840998,239847965,"FLJ43879"
"15878","chr2",239990513,239990610,"MIR4440"
"15879","chr2",240007523,240007622,"MIR4441"
"15881","chr2",240115027,240117153,"MGC16025"
"15882","chr2",240227156,240227241,"MIR4269"
"15883","chr2",240273419,240273499,"MIR2467"
"15884","chr2",240499994,240507789,"BC132948"
"15885","chr2",240684553,240722357,"LOC150935"
"15886","chr2",240882432,240882511,"MIR4786"
"15887","chr2",240896789,240964819,"NDUFA10"
"15888","chr2",240968382,240972330,"OR6B2"
"15889","chr2",240981230,240982399,"PRR21"
"15890","chr2",240984494,240985489,"OR6B3"
"15891","chr2",241065980,241075764,"MYEOV2"
"15892","chr2",241078446,241080073,"OTOS"
"15893","chr2",241375114,241407496,"GPC1"
"15894","chr2",241395417,241395507,"MIR149"
"15895","chr2",241388836,241396117,"PP14571"
"15896","chr2",241418839,241500275,"ANKMY1"
"15897","chr2",241499470,241503432,"DUSP28"
"15898","chr2",241508003,241518150,"RNPEPL1"
"15899","chr2",241526132,241557123,"CAPN10"
"15900","chr2",241544824,241570677,"GPR35"
"15901","chr2",241615835,241622323,"AQP12B"
"15902","chr2",241631261,241637901,"AQP12A"
"15904","chr2",241808161,241818537,"AGXT"
"15905","chr2",241825465,241835573,"C2orf54"
"15906","chr2",241894036,241906868,"LOC200772"
"15907","chr2",241920932,241925489,"AK055890"
"15908","chr2",241938254,242033644,"SNED1"
"15909","chr2",242034545,242041747,"MTERFD2"
"15910","chr2",242045514,242089394,"PASK"
"15911","chr2",242089023,242122440,"PPP1R7"
"15912","chr2",242127923,242164792,"ANO7"
"15913","chr2",242198935,242201083,"DKFZp686L08115"
"15914","chr2",242166682,242255115,"HDLBP"
"15915","chr2",242254722,242293442,"SEPT2"
"15917","chr2",242381568,242384662,"AK055601"
"15918","chr2",242434432,242448960,"STK25"
"15919","chr2",242498145,242513554,"BOK"
"15920","chr2",242483801,242498558,"BOK-AS1"
"15921","chr2",242511969,242513547,"BC017214"
"15922","chr2",242523820,242576725,"THAP4"
"15923","chr2",242577026,242613272,"ATG4B"
"15924","chr2",242611594,242613273,"AK027332"
"15925","chr2",242615159,242617529,"AK126180"
"15926","chr2",242615157,242626383,"DTYMK"
"15927","chr2",242641455,242668897,"ING5"
"15928","chr2",242674029,242708232,"D2HGDH"
"15929","chr2",242716239,242743703,"GAL3ST2"
"15930","chr2",242750159,242758740,"NEU4"
"15931","chr2",242749407,242751722,"PABL"
"15932","chr2",242792033,242801058,"PDCD1"
"15933","chr2",242811885,242815483,"CXXC11"
"15934","chr2",242912833,242919428,"AK097934"
"15935","chr2",242945877,242948161,"BC101234"
"15936","chr2",243030843,243102470,"LOC728323"
"15937","chr20",68350,77297,"DEFB125"
"15938","chr20",123251,126393,"DEFB126"
"15939","chr20",138185,139805,"DEFB127"
"15940","chr20",168527,170264,"DEFB128"
"15941","chr20",207898,210528,"DEFB129"
"15942","chr20",238376,241737,"DEFB132"
"15943","chr20",251504,271419,"C20orf96"
"15944","chr20",278203,280964,"ZCCHC3"
"15945","chr20",306238,310868,"SOX12"
"15946","chr20",327369,335513,"NRSN2"
"15947","chr20",361307,378204,"TRIB3"
"15948","chr20",388708,411611,"RBCK1"
"15949","chr20",416126,417600,"DQ588114"
"15950","chr20",416124,443187,"TBC1D20"
"15951","chr20",584637,590910,"TCF15"
"15952","chr20",627268,656823,"SRXN1"
"15953","chr20",740724,749228,"C20orf54"
"15954","chr20",814355,826923,"FAM110A"
"15955","chr20",853297,896960,"ANGPT4"
"15956","chr20",939096,982907,"RSPO4"
"15957","chr20",1093905,1148427,"PSMF1"
"15958","chr20",1161215,1165117,"TMEM74B"
"15959","chr20",1184097,1188919,"C20orf202"
"15960","chr20",1206763,1235146,"RAD21L1"
"15961","chr20",1246959,1289972,"SNPH"
"15962","chr20",1290555,1373816,"SDCBP2"
"15963","chr20",1305986,1359380,"LOC100507495"
"15964","chr20",1422807,1448337,"NSFL1C"
"15965","chr20",1455236,1472233,"SIRPB2"
"15966","chr20",1514897,1538343,"SIRPD"
"15967","chr20",1545029,1600689,"SIRPB1"
"15968","chr20",1611582,1629119,"AK093519"
"15969","chr20",1609798,1638425,"SIRPG"
"15970","chr20",1754011,1760392,"LOC100289473"
"15971","chr20",1874812,1920541,"SIRPA"
"15972","chr20",1927891,1988164,"AK090681"
"15973","chr20",1959402,1974931,"PDYN"
"15974","chr20",2082527,2129199,"STK35"
"15975","chr20",2276612,2321726,"TGM3"
"15976","chr20",2361553,2413400,"TGM6"
"15977","chr20",2443598,2443693,"SNORD119"
"15978","chr20",2442281,2451499,"SNRPB"
"15979","chr20",2454889,2455853,"AK126717"
"15980","chr20",2462467,2505165,"ZNF343"
"15982","chr20",2633177,2639040,"NOP56"
"15983","chr20",2633422,2633489,"MIR1292"
"15984","chr20",2634857,2634933,"SNORD110"
"15985","chr20",2639041,2644843,"IDH3B"
"15986","chr20",2673523,2740755,"EBF4"
"15987","chr20",2774715,2781292,"CPXM1"
"15988","chr20",2795613,2796477,"C20orf141"
"15989","chr20",2796975,2797805,"TMEM239"
"15990","chr20",2815971,2821797,"FAM113A"
"15991","chr20",2821372,2847379,"VPS16"
"15993","chr20",3024267,3026392,"GNRH2"
"15994","chr20",3026674,3028897,"MRPS26"
"15995","chr20",3052265,3053163,"OXT"
"15996","chr20",3063202,3065370,"AVP"
"15997","chr20",3087556,3131514,"LOC100134015"
"15998","chr20",3127165,3129716,"FASTKD5"
"15999","chr20",3088219,3140540,"UBOX5"
"16000","chr20",3143273,3154192,"ProSAPiP1"
"16001","chr20",3171012,3185295,"DDRGK1"
"16002","chr20",3190055,3204507,"ITPA"
"16003","chr20",3208063,3219887,"SLC4A11"
"16006","chr20",3639939,3644046,"GFRA4"
"16007","chr20",3648618,3662738,"ADAM33"
"16008","chr20",3650542,3651272,"AX748440"
"16009","chr20",3667617,3687775,"SIGLEC1"
"16010","chr20",3713316,3733759,"HSPA12B"
"16011","chr20",3734156,3748452,"C20orf27"
"16012","chr20",3758151,3762102,"SPEF1"
"16013","chr20",3764498,3767337,"CENPB"
"16014","chr20",3767577,3786762,"CDC25B"
"16015","chr20",3789140,3793082,"BC042140"
"16016","chr20",3801170,3805955,"C20orf29"
"16017","chr20",3827445,3856771,"MAVS"
"16018","chr20",3867916,3869724,"BC012193"
"16019","chr20",3869485,3904503,"PANK2"
"16020","chr20",3898140,3898219,"MIR103A2"
"16021","chr20",3898149,3898210,"MIR103B2"
"16022","chr20",3912069,3996216,"RNF24"
"16023","chr20",4100588,4124837,"BC027448"
"16024","chr20",4129449,4168370,"SMOX"
"16025","chr20",4173736,4176601,"LOC728228"
"16026","chr20",4201278,4229659,"ADRA1D"
"16027","chr20",4409711,4412358,"BC039673"
"16028","chr20",4666796,4682235,"PRNP"
"16029","chr20",4702555,4709107,"PRND"
"16030","chr20",4711928,4721314,"PRNT"
"16031","chr20",4760669,4804291,"RASSF2"
"16033","chr20",5049129,5093733,"C20orf30"
"16034","chr20",5100231,5100616,"PCNA-AS1"
"16035","chr20",5095599,5107268,"PCNA"
"16036","chr20",5107406,5178534,"CDS2"
"16037","chr20",5282686,5297378,"PROKR2"
"16038","chr20",5296221,5298370,"AX746654"
"16039","chr20",5412603,5426394,"LOC100507629"
"16040","chr20",5451841,5457781,"LOC643406"
"16041","chr20",5479218,5485242,"LOC149837"
"16042","chr20",5525080,5591672,"GPCPD1"
"16044","chr20",5891973,5906006,"CHGB"
"16045","chr20",5918486,5931173,"TRMT6"
"16046","chr20",5931297,5975832,"MCM8"
"16047","chr20",5986738,6020698,"CRLS1"
"16048","chr20",6021425,6034694,"LRRN4"
"16049","chr20",6055492,6104191,"FERMT1"
"16050","chr20",6748744,6760911,"BMP2"
"16051","chr20",7328113,7349147,"BC043288"
"16052","chr20",7863631,7921093,"HAO1"
"16053","chr20",7961716,8000393,"TMX4"
"16054","chr20",8000548,8008604,"AK097836"
"16057","chr20",9495004,9511172,"LAMP5"
"16058","chr20",9748764,9751753,"AX747070"
"16060","chr20",10015696,10037408,"ANKRD5"
"16061","chr20",10199476,10288067,"SNAP25"
"16063","chr20",10385833,10414866,"MKKS"
"16065","chr20",10618332,10654694,"JAG1"
"16066","chr20",11247307,11254031,"LOC339593"
"16067","chr20",11871476,11907244,"BTBD3"
"16069","chr20",13200349,13200971,"AY927515"
"16070","chr20",13202417,13281298,"ISM1"
"16071","chr20",13218067,13220334,"LOC100505536"
"16073","chr20",13694969,13765565,"ESF1"
"16074","chr20",13765671,13799068,"C20orf7"
"16077","chr20",14304639,14318313,"FLRT3"
"16078","chr20",14864899,14910142,"MACROD2-AS1"
"16079","chr20",15872979,15903959,"AK125594"
"16081","chr20",16710608,16722418,"SNRPB2"
"16082","chr20",16729002,16732810,"OTOR"
"16084","chr20",17474550,17549865,"BFSP1"
"16085","chr20",17550598,17588653,"DSTN"
"16086","chr20",17594323,17662928,"RRBP1"
"16087","chr20",17674319,17716518,"BANF2"
"16088","chr20",17922244,17949490,"SNX5"
"16089","chr20",17943353,17943589,"SNORD17"
"16090","chr20",17948333,17949436,"AK296947"
"16091","chr20",17949761,17971763,"C20orf72"
"16092","chr20",18004796,18038521,"OVOL2"
"16093","chr20",18118498,18123813,"PET117"
"16094","chr20",18122867,18169032,"CSRP2BP"
"16095","chr20",18269120,18297641,"ZNF133"
"16096","chr20",18303196,18339944,"BC043266"
"16097","chr20",18359692,18362128,"DZANK1-AS1"
"16098","chr20",18364011,18447829,"DZANK1"
"16099","chr20",18448032,18465287,"POLR3F"
"16100","chr20",18451258,18451336,"MIR3192"
"16101","chr20",18467188,18477887,"RBBP9"
"16102","chr20",18488187,18542060,"SEC23B"
"16103","chr20",18548072,18550204,"LINC00493"
"16105","chr20",18768615,18775228,"HSPC072"
"16106","chr20",18774692,18776710,"LOC100270804"
"16107","chr20",18794369,18795036,"C20orf79"
"16108","chr20",18790372,18810839,"LOC100128496"
"16110","chr20",19222946,19265240,"LOC100130264"
"16111","chr20",19780217,19790938,"BC090059"
"16112","chr20",19789172,19789201,"DQ594620"
"16114","chr20",19997933,20014274,"NAA20"
"16116","chr20",20015012,20036690,"CRNKL1"
"16117","chr20",20348764,20351593,"INSM1"
"16120","chr20",21134667,21198927,"BC042893"
"16121","chr20",21283941,21370464,"XRN2"
"16122","chr20",21376005,21378047,"NKX2-4"
"16123","chr20",21491660,21494664,"NKX2-2"
"16124","chr20",21595615,21596074,"Nkx2_2as"
"16125","chr20",21686296,21696621,"PAX1"
"16126","chr20",22034727,22055293,"LOC100270679"
"16127","chr20",22255046,22263124,"CR627206"
"16128","chr20",22380971,22401281,"LOC284788"
"16129","chr20",22541192,22559280,"LINC00261"
"16130","chr20",22561642,22566101,"FOXA2"
"16131","chr20",22656710,22665514,"AK055550"
"16132","chr20",22989742,23011422,"BC045663"
"16133","chr20",23016056,23017315,"SSTR4"
"16134","chr20",23026628,23028780,"AX747264"
"16135","chr20",23026270,23030301,"THBD"
"16136","chr20",23059993,23066977,"CD93"
"16137","chr20",23105705,23113273,"LOC200261"
"16138","chr20",23168597,23170943,"AX747171"
"16139","chr20",23331372,23335409,"NXT1"
"16140","chr20",23342818,23353684,"GZF1"
"16141","chr20",23355156,23402156,"NAPB"
"16142","chr20",23420321,23425568,"CSTL1"
"16143","chr20",23431041,23433482,"CST11"
"16144","chr20",23471765,23476656,"CST8"
"16145","chr20",23499782,23522656,"CSTT"
"16146","chr20",23545370,23549386,"CST9L"
"16147","chr20",23583047,23586610,"CST9"
"16148","chr20",23608534,23618574,"CST3"
"16149","chr20",23666277,23669662,"CST4"
"16150","chr20",23728190,23731574,"CST1"
"16151","chr20",23804404,23807312,"CST2"
"16152","chr20",23856572,23860380,"CST5"
"16153","chr20",23965690,23969416,"GGTLC1"
"16154","chr20",23969722,23969754,"DQ583395"
"16155","chr20",24180402,24205225,"FLJ33581"
"16157","chr20",24929865,24940565,"CST7"
"16158","chr20",24943580,24973425,"C20orf3"
"16159","chr20",24986866,25038818,"ACSS1"
"16160","chr20",25052130,25062767,"VSX1"
"16161","chr20",25121434,25129426,"LOC284798"
"16162","chr20",25176338,25207361,"ENTPD6"
"16163","chr20",25165308,25177508,"AX747658"
"16164","chr20",25228705,25278649,"PYGB"
"16165","chr20",25268551,25269403,"BC128043"
"16166","chr20",25275379,25371618,"ABHD12"
"16167","chr20",25388322,25429192,"GINS1"
"16169","chr20",25593573,25604648,"NANP"
"16170","chr20",25604680,25658709,"ZNF337"
"16172","chr20",25936452,25949925,"BC052952"
"16173","chr20",25990434,26002431,"LOC100134868"
"16174","chr20",26035249,26067554,"FAM182A"
"16175","chr20",26084052,26094677,"NCOR1P1"
"16176","chr20",26188822,26188914,"MIR663A"
"16177","chr20",26167655,26189869,"LOC284801"
"16178","chr20",29611878,29653909,"FRG1B"
"16179","chr20",29637584,29638138,"MLLT10P1"
"16180","chr20",29845466,29847436,"DEFB115"
"16181","chr20",29891015,29896388,"DEFB116"
"16182","chr20",29956420,29961706,"DEFB118"
"16183","chr20",29964967,29978406,"DEFB119"
"16184","chr20",29992648,30000641,"DEFB121"
"16185","chr20",30009241,30016978,"NR_002577"
"16186","chr20",30009242,30016983,"DEFB122"
"16187","chr20",30028410,30038061,"DEFB123"
"16188","chr20",30053309,30060816,"DEFB124"
"16189","chr20",30063104,30072709,"REM1"
"16190","chr20",30073580,30075378,"LINC00028"
"16191","chr20",30102240,30157371,"HM13"
"16192","chr20",30135184,30136020,"PSIMCT-1"
"16193","chr20",30193085,30194318,"ID1"
"16194","chr20",30194988,30195044,"MIR3193"
"16195","chr20",30225690,30232801,"COX4I2"
"16196","chr20",30252261,30311729,"BCL2L1"
"16197","chr20",30326903,30389604,"TPX2"
"16198","chr20",30407177,30422501,"MYLK2"
"16199","chr20",30432103,30433420,"FOXS1"
"16200","chr20",30435441,30458479,"DUSP15"
"16201","chr20",30458504,30532765,"TTLL9"
"16202","chr20",30532758,30539883,"PDRG1"
"16203","chr20",30555804,30586257,"XKR7"
"16204","chr20",30598244,30619985,"C20orf160"
"16205","chr20",30639990,30689658,"HCK"
"16206","chr20",30697308,30755062,"TM9SF4"
"16207","chr20",30776949,30778163,"TSPY26P"
"16208","chr20",30780307,30795546,"PLAGL2"
"16209","chr20",30795695,30826468,"POFUT1"
"16210","chr20",30865453,30922812,"KIF3B"
"16211","chr20",30946146,31027123,"ASXL1"
"16212","chr20",31030862,31124200,"C20orf112"
"16213","chr20",31136309,31172875,"LOC284804"
"16214","chr20",31175280,31196695,"LOC149950"
"16215","chr20",31219427,31261743,"C20orf203"
"16216","chr20",31290493,31331814,"COMMD7"
"16217","chr20",31350190,31397163,"DNMT3B"
"16218","chr20",31407698,31438212,"MAPRE1"
"16219","chr20",31571581,31592239,"SUN5"
"16220","chr20",31595406,31611516,"BPIFB2"
"16221","chr20",31619453,31631854,"BPIFB6"
"16222","chr20",31643229,31661435,"BPIFB3"
"16223","chr20",31669317,31699558,"BPIFB4"
"16224","chr20",31755959,31769224,"BPIFA2"
"16225","chr20",31781410,31798269,"BPIFA4P"
"16226","chr20",31805134,31815560,"BPIFA3"
"16227","chr20",31823801,31831116,"BPIFA1"
"16228","chr20",31870940,31897685,"BPIFB1"
"16229","chr20",31946645,31989337,"CDK5RAP1"
"16230","chr20",31995763,32031698,"SNTA1"
"16232","chr20",32250091,32251722,"C20orf144"
"16233","chr20",32244893,32262264,"NECAB3"
"16234","chr20",32254303,32256332,"ACTL10"
"16235","chr20",32263292,32274210,"E2F1"
"16236","chr20",32290550,32308136,"PXMP4"
"16237","chr20",32319807,32380076,"ZNF341"
"16238","chr20",32399109,32442174,"CHMP4B"
"16239","chr20",32581457,32670992,"RALY"
"16240","chr20",32636924,32636997,"MIR4755"
"16241","chr20",32676115,32700085,"EIF2S2"
"16242","chr20",32848170,32857149,"ASIP"
"16243","chr20",32868071,32899608,"AHCY"
"16245","chr20",33054129,33054224,"MIR644A"
"16246","chr20",33104203,33128763,"DYNLRB1"
"16247","chr20",33134691,33148150,"MAP1LC3A"
"16249","chr20",33292147,33301238,"TP53INP2"
"16250","chr20",33299315,33301239,"AL122050"
"16252","chr20",33421378,33422265,"HMGB3P1"
"16253","chr20",33432523,33460661,"GGT7"
"16254","chr20",33462765,33515770,"ACSS2"
"16255","chr20",33516236,33543601,"GSS"
"16256","chr20",33543703,33590241,"MYH7B"
"16257","chr20",33578178,33578301,"MIR499A"
"16258","chr20",33578203,33578275,"MIR499B"
"16259","chr20",33590207,33680618,"TRPC4AP"
"16261","chr20",33759773,33765166,"PROCR"
"16262","chr20",33814538,33864805,"MMP24"
"16263","chr20",33866725,33872594,"EIF6"
"16264","chr20",33873534,33880225,"FAM83C"
"16265","chr20",33890383,33893057,"AK128252"
"16267","chr20",34020826,34023251,"GDF5OS"
"16269","chr20",34042995,34099804,"CEP250"
"16270","chr20",34108570,34117481,"C20orf173"
"16271","chr20",34129777,34145406,"ERGIC3"
"16272","chr20",34146507,34195484,"FER1L4"
"16273","chr20",34203808,34208966,"SPAG4"
"16274","chr20",34213953,34262539,"CPNE1"
"16275","chr20",34236847,34243244,"RBM12"
"16276","chr20",34256610,34287287,"NFS1"
"16277","chr20",34287231,34288903,"ROMO1"
"16278","chr20",34291531,34330258,"RBM39"
"16280","chr20",34498421,34501232,"AX746620"
"16281","chr20",34541539,34547394,"SCAND1"
"16282","chr20",34556528,34618623,"C20orf152"
"16283","chr20",34633540,34638882,"LOC647979"
"16285","chr20",34738335,34743655,"AX746683"
"16286","chr20",34824399,34844854,"C20orf4"
"16288","chr20",35169896,35178227,"MYL9"
"16289","chr20",35136105,35201678,"BC039668"
"16290","chr20",35201875,35222356,"TGIF2"
"16291","chr20",35240924,35274619,"SLA2"
"16292","chr20",35280169,35374541,"NDRG3"
"16293","chr20",35380194,35402230,"DSN1"
"16294","chr20",35405845,35492087,"KIAA0889"
"16295","chr20",35504569,35522633,"C20orf118"
"16296","chr20",35520227,35580246,"SAMHD1"
"16297","chr20",35629596,35630032,"FKSG51"
"16298","chr20",35626178,35724410,"RBL1"
"16299","chr20",35729629,35807974,"C20orf132"
"16300","chr20",35807455,35870026,"RPN2"
"16301","chr20",35879490,35890238,"GHRH"
"16302","chr20",35918050,35945664,"MANBAL"
"16303","chr20",35973087,36033822,"SRC"
"16304","chr20",36031513,36033818,"AX747164"
"16305","chr20",36145819,36156333,"BLCAP"
"16306","chr20",36149606,36152091,"NNAT"
"16307","chr20",36305311,36311637,"LOC100287792"
"16309","chr20",36531498,36573748,"VSTM2L"
"16310","chr20",36613296,36615884,"AK123872"
"16311","chr20",36611423,36661833,"TTI1"
"16312","chr20",36661947,36720767,"RPRD1B"
"16313","chr20",36756864,36793700,"TGM2"
"16314","chr20",36769765,36769788,"DJ417906"
"16315","chr20",36784275,36784298,"DJ417913"
"16316","chr20",36838907,36889174,"KIAA1755"
"16317","chr20",36888576,36922295,"AK055854"
"16318","chr20",36932551,36965906,"BPI"
"16319","chr20",36974884,37005654,"LBP"
"16320","chr20",37034660,37045444,"AX746690"
"16321","chr20",37053843,37053978,"SNORA71B"
"16322","chr20",37055949,37056086,"SNORA71A"
"16323","chr20",37049239,37064018,"LOC388796"
"16324","chr20",37058310,37058447,"SNORA71C"
"16325","chr20",37062505,37062642,"SNORA71D"
"16326","chr20",37075296,37079565,"SNHG11"
"16327","chr20",37076725,37078148,"SNORA39"
"16329","chr20",37209837,37217105,"ADIG"
"16330","chr20",37230576,37279296,"ARHGAP40"
"16331","chr20",37353104,37358016,"SLC32A1"
"16332","chr20",37377096,37401090,"ACTR5"
"16334","chr20",37554954,37581704,"FAM83D"
"16335","chr20",37590980,37668367,"DHX35"
"16336","chr20",37734394,37734416,"miR-449b-3P"
"16337","chr20",37842424,37853391,"LOC339568"
"16338","chr20",39314517,39317876,"MAFB"
"16339","chr20",39634673,39654016,"AK023614"
"16340","chr20",39657461,39753127,"TOP1"
"16341","chr20",39766160,39804358,"PLCG1"
"16342","chr20",39726969,39766640,"BC035080"
"16344","chr20",39969559,39989223,"LPIN3"
"16345","chr20",39988606,39995498,"EMILIN3"
"16348","chr20",41314122,41317203,"BC040166"
"16349","chr20",42086503,42092245,"SRSF6"
"16350","chr20",42136319,42179594,"L3MBTL1"
"16351","chr20",42168790,42214274,"SGK2"
"16352","chr20",42219578,42275863,"IFT52"
"16353","chr20",42295708,42345123,"MYBL2"
"16354","chr20",42354801,42355642,"GTSF1L"
"16356","chr20",42740336,42742643,"AK098303"
"16357","chr20",42740337,42816218,"JPH2"
"16358","chr20",42824581,42839546,"C20orf111"
"16359","chr20",42839599,42854668,"LOC100505783"
"16360","chr20",42846121,42852333,"BC036500"
"16361","chr20",42875907,42909014,"GDAP1L1"
"16362","chr20",42935197,42939889,"FITM2"
"16363","chr20",42965625,42979876,"R3HDML"
"16364","chr20",42984440,43060031,"HNF4A"
"16365","chr20",43006383,43024346,"AF143870"
"16366","chr20",43001507,43031509,"BC071794"
"16367","chr20",43036759,43036844,"MIR3646"
"16368","chr20",43090403,43093984,"C20orf62"
"16369","chr20",43104546,43123245,"TTPAL"
"16370","chr20",43124864,43150726,"SERINC3"
"16371","chr20",43160435,43247679,"PKIG"
"16372","chr20",43248163,43280376,"ADA"
"16373","chr20",43285092,43367608,"LOC79015"
"16374","chr20",43343884,43356453,"WISP2"
"16375","chr20",43374487,43380955,"KCNK15"
"16376","chr20",43380445,43438979,"RIMS4"
"16377","chr20",43514343,43537162,"YWHAB"
"16378","chr20",43538702,43587800,"PABPC1L"
"16379","chr20",43570771,43589114,"TOMM34"
"16380","chr20",43592440,43595099,"LOC100505826"
"16382","chr20",43706691,43708619,"AB209315"
"16383","chr20",43720950,43729753,"KCNS1"
"16384","chr20",43738093,43743813,"WFDC5"
"16385","chr20",43752067,43753106,"WFDC12"
"16386","chr20",43803539,43805186,"PI3"
"16387","chr20",43835637,43838415,"SEMG1"
"16388","chr20",43850009,43853100,"SEMG2"
"16389","chr20",43880879,43883206,"SLPI"
"16390","chr20",43922087,43937169,"MATN4"
"16391","chr20",43935490,43946465,"RBPJL"
"16392","chr20",43953929,43977064,"SDC4"
"16393","chr20",43990576,44005443,"SYS1"
"16394","chr20",44002520,44006957,"TP53TG5"
"16395","chr20",44034632,44039251,"DBNDD2"
"16396","chr20",44044706,44054885,"PIGT"
"16397","chr20",44098393,44110173,"WFDC2"
"16398","chr20",44141101,44144264,"SPINT3"
"16399","chr20",44162836,44168134,"WFDC6"
"16400","chr20",44164919,44176065,"SPINLW1-WFDC6"
"16401","chr20",44179791,44207965,"WFDC8"
"16402","chr20",44258384,44259832,"WFDC10A"
"16403","chr20",44236578,44259907,"WFDC9"
"16404","chr20",44277202,44298878,"WFDC11"
"16405","chr20",44330654,44337457,"WFDC13"
"16406","chr20",44313290,44333658,"WFDC10B"
"16407","chr20",44350987,44354336,"SPINT4"
"16408","chr20",44402847,44420547,"WFDC3"
"16409","chr20",44420575,44440067,"DNTTIP1"
"16410","chr20",44441254,44445597,"UBE2C"
"16411","chr20",44451855,44455953,"TNNC2"
"16412","chr20",44462469,44471915,"SNX21"
"16413","chr20",44470360,44486048,"ACOT8"
"16414","chr20",44486219,44507770,"ZSWIM3"
"16415","chr20",44509847,44513906,"ZSWIM1"
"16416","chr20",44515130,44516238,"SPATA25"
"16417","chr20",44519590,44527459,"CTSA"
"16418","chr20",44517267,44519901,"NEURL2"
"16419","chr20",44527259,44541003,"PLTP"
"16420","chr20",44563316,44576663,"PCIF1"
"16421","chr20",44577292,44600833,"ZNF335"
"16422","chr20",44637546,44645201,"MMP9"
"16423","chr20",44650328,44688790,"SLC12A5"
"16424","chr20",44689626,44718580,"NCOA5"
"16425","chr20",44746905,44758385,"CD40"
"16427","chr20",44987234,44987262,"DQ587006"
"16428","chr20",44978177,44993064,"SLC35C2"
"16429","chr20",44994690,45061704,"ELMO2"
"16430","chr20",45085131,45086282,"BC100777"
"16431","chr20",45092299,45093931,"MKRN7P"
"16432","chr20",45129707,45142194,"ZNF334"
"16433","chr20",45169585,45179213,"C20orf123"
"16435","chr20",45313004,45318276,"TP53RK"
"16436","chr20",45338278,45364986,"SLC2A10"
"16438","chr20",45795608,45795701,"MIR3616"
"16440","chr20",45947245,45949499,"LOC100131496"
"16441","chr20",45981304,45983377,"BC047609"
"16442","chr20",45979228,45982111,"AK098067"
"16444","chr20",46130674,46133203,"BC036778"
"16446","chr20",46585042,46589680,"BX648826"
"16447","chr20",46988653,46999382,"LINC00494"
"16448","chr20",47240793,47243446,"AX746653"
"16450","chr20",47551777,47552228,"FKSG56"
"16451","chr20",47662837,47713487,"CSE1L"
"16452","chr20",47729876,47805288,"STAU1"
"16453","chr20",47835831,47860615,"DDX27"
"16454","chr20",47894714,47905796,"ZNFX1-AS1"
"16455","chr20",47862439,47894756,"ZNFX1"
"16456","chr20",47895481,47895561,"SNORD12C"
"16457","chr20",47896849,47896953,"SNORD12B"
"16458","chr20",47897219,47897310,"SNORD12"
"16459","chr20",47980423,47983826,"AK055386"
"16461","chr20",48120411,48184707,"PTGIS"
"16462","chr20",48249483,48330421,"B4GALT5"
"16463","chr20",48429249,48508773,"SLC9A8"
"16464","chr20",48519929,48532080,"SPATA2"
"16465","chr20",48552913,48570423,"RNF114"
"16466","chr20",48599512,48605421,"SNAI1"
"16467","chr20",48697661,48732494,"UBE2V1"
"16468","chr20",48740274,48747673,"TMEM189"
"16469","chr20",48807119,48809228,"CEBPB"
"16470","chr20",48884034,48895369,"AK307192"
"16471","chr20",48909256,48931457,"LOC284751"
"16472","chr20",49126890,49201087,"PTPN1"
"16473","chr20",49202322,49202417,"MIR645"
"16475","chr20",49348080,49370279,"PARD6B"
"16476","chr20",49411466,49493715,"BCAS4"
"16477","chr20",49506883,49547527,"ADNP"
"16478","chr20",49551405,49575060,"DPM1"
"16479","chr20",49575362,49577821,"MOCS3"
"16480","chr20",49620193,49639675,"KCNG1"
"16481","chr20",50069442,50069514,"MIR3194"
"16484","chr20",50400583,50419048,"SALL4"
"16488","chr20",52183610,52210801,"ZNF217"
"16489","chr20",52491040,52492248,"SUMO1P1"
"16491","chr20",52684947,52685024,"MIR4756"
"16492","chr20",52769988,52790516,"CYP24A1"
"16493","chr20",52824501,52836493,"PFDN4"
"16495","chr20",54572496,54580012,"CBLN4"
"16496","chr20",54823787,54824872,"MC3R"
"16497","chr20",54933982,54943719,"FAM210B"
"16498","chr20",54944445,54967351,"AURKA"
"16499","chr20",54967426,54979583,"CSTF1"
"16500","chr20",54987167,55034397,"CASS4"
"16501","chr20",55043646,55093943,"C20orf43"
"16502","chr20",55099784,55101209,"FAM209A"
"16503","chr20",55066548,55100981,"GCNT7"
"16504","chr20",55108301,55111577,"FAM209B"
"16505","chr20",55204357,55214339,"TFAP2C"
"16506","chr20",55743809,55841707,"BMP7"
"16507","chr20",55841852,55858054,"BC037891"
"16508","chr20",55896558,55896647,"MIR4325"
"16509","chr20",55904830,55919050,"SPO11"
"16510","chr20",55913212,55998279,"MIR5095"
"16511","chr20",55926144,55953520,"RAE1"
"16512","chr20",55933496,55934878,"MTRNR2L3"
"16513","chr20",55966453,55984387,"RBM38"
"16514","chr20",56063879,56100708,"CTCFL"
"16515","chr20",56136136,56141514,"PCK1"
"16516","chr20",56178902,56195632,"ZBP1"
"16517","chr20",56223452,56286541,"PMEPA1"
"16518","chr20",56285238,56287809,"AK056098"
"16519","chr20",56470449,56470501,"MIR4532"
"16520","chr20",56725982,56736184,"C20orf85"
"16521","chr20",56806188,56884495,"PPP4R1L"
"16522","chr20",56884770,56942564,"RAB22A"
"16523","chr20",56964174,57026157,"VAPB"
"16524","chr20",57034426,57089949,"APCDD1L"
"16526","chr20",57226308,57254583,"STX16"
"16527","chr20",57264186,57291368,"NPEPL1"
"16528","chr20",57329405,57331892,"BC007940"
"16529","chr20",57392670,57392749,"MIR296"
"16530","chr20",57393281,57393368,"MIR298"
"16531","chr20",57414794,57486251,"GNAS"
"16532","chr20",57393973,57425958,"GNAS-AS1"
"16533","chr20",57470251,57470740,"AK093534"
"16534","chr20",57556310,57570189,"TH1L"
"16535","chr20",57572658,57573051,"AK310046"
"16536","chr20",57570242,57582309,"CTSZ"
"16537","chr20",57594308,57601710,"TUBB1"
"16538","chr20",57603733,57607422,"ATP5E"
"16539","chr20",57608200,57617901,"SLMO2"
"16540","chr20",57766074,57834168,"ZNF831"
"16541","chr20",57875498,57901048,"EDN3"
"16543","chr20",58201519,58203344,"LOC100506384"
"16544","chr20",58438618,58507209,"SYCP2"
"16545","chr20",58508818,58523703,"C20orf177"
"16546","chr20",58511887,58515352,"PPP1R3D"
"16547","chr20",58533470,58608830,"CDH26"
"16548","chr20",58630979,58648009,"C20orf197"
"16550","chr20",59053168,59053240,"MIR4533"
"16552","chr20",60292562,60294804,"AK097866"
"16553","chr20",60528602,60528718,"MIR1257"
"16554","chr20",60549854,60640866,"TAF4"
"16555","chr20",60697516,60710435,"LSM14B"
"16556","chr20",60711791,60718474,"PSMA7"
"16557","chr20",60718821,60757567,"SS18L1"
"16558","chr20",60758080,60777811,"GTPBP5"
"16559","chr20",60790017,60795323,"HRH3"
"16560","chr20",60807015,60811356,"AK126744"
"16561","chr20",60813579,60871270,"OSBPL2"
"16562","chr20",60878026,60883919,"ADRM1"
"16563","chr20",60907529,60907616,"MIR4758"
"16564","chr20",60884121,60942368,"LAMA5"
"16565","chr20",60962120,60963577,"RPS21"
"16566","chr20",60963686,60982339,"CABLES2"
"16567","chr20",60985293,61002629,"C20orf151"
"16568","chr20",61038553,61051026,"GATA5"
"16569","chr20",61143423,61143882,"C20orf200"
"16570","chr20",61147659,61167972,"C20orf166"
"16571","chr20",61141438,61148768,"C20orf166-AS1"
"16572","chr20",61151512,61151584,"MIR1-1"
"16573","chr20",61162118,61162221,"MIR133A2"
"16574","chr20",61273796,61303648,"SLCO4A1"
"16575","chr20",61294379,61297973,"LOC100127888"
"16576","chr20",61340188,61394124,"NTSR1"
"16577","chr20",61404868,61407370,"AX747649"
"16578","chr20",61405787,61406753,"BC141903"
"16579","chr20",61427804,61431946,"C20orf20"
"16580","chr20",61436176,61445353,"OGFR"
"16581","chr20",61448413,61472512,"COL9A3"
"16582","chr20",61476475,61477544,"DPH3P1"
"16583","chr20",61472467,61493115,"TCFL5"
"16584","chr20",61509090,61569304,"DIDO1"
"16585","chr20",61569440,61579828,"C20orf11"
"16586","chr20",61583998,61599950,"SLC17A9"
"16587","chr20",61637331,61638387,"BHLHE23"
"16588","chr20",61640734,61716424,"LOC63930"
"16589","chr20",61665569,61668380,"LINC00029"
"16590","chr20",61669362,61685216,"LOC100144597"
"16591","chr20",61732643,61735738,"HAR1A"
"16592","chr20",61726845,61733671,"HAR1B"
"16593","chr20",61809851,61809939,"MIR124-3"
"16594","chr20",61826782,61847538,"YTHDF1"
"16595","chr20",61867275,61871855,"BIRC7"
"16596","chr20",61870130,61870195,"MIR3196"
"16597","chr20",61872136,61885892,"NKAIN4"
"16598","chr20",61885329,61892968,"FLJ16779"
"16599","chr20",61904164,61921143,"ARFGAP1"
"16600","chr20",61918159,61918219,"MIR4326"
"16601","chr20",61924537,61962286,"COL20A1"
"16602","chr20",61974665,62009489,"CHRNA4"
"16603","chr20",62023923,62026961,"AK056267"
"16604","chr20",62031567,62103993,"KCNQ2"
"16605","chr20",62119366,62130505,"EEF1A2"
"16606","chr20",62152132,62153525,"PPDPF"
"16607","chr20",62159776,62168707,"PTK6"
"16608","chr20",62172163,62178857,"SRMS"
"16609","chr20",62184372,62188036,"C20orf195"
"16610","chr20",62189439,62205592,"PRIC285"
"16611","chr20",62218955,62258381,"GMEB2"
"16612","chr20",62271061,62284780,"STMN3"
"16613","chr20",62289162,62330052,"RTEL1"
"16614","chr20",62338793,62370461,"ZGPAT"
"16615","chr20",62329995,62339355,"ARFRP1"
"16616","chr20",62371210,62375404,"SLC2A4RG"
"16617","chr20",62375021,62462597,"ZBTB46"
"16618","chr20",62439441,62454361,"BC002534"
"16619","chr20",62492565,62494342,"ABHD16B"
"16620","chr20",62496580,62522899,"TPD52L2"
"16621","chr20",62507483,62512244,"LOC100505815"
"16622","chr20",62526454,62567385,"DNAJC5"
"16623","chr20",62550777,62551007,"MIR941-1"
"16624","chr20",62551084,62551314,"MIR941-3"
"16625","chr20",62572818,62572897,"MIR1914"
"16626","chr20",62573984,62574079,"MIR647"
"16627","chr20",62571182,62587800,"UCKL1"
"16628","chr20",62584736,62588339,"UCKL1-AS1"
"16629","chr20",62588055,62601218,"ZNF512B"
"16630","chr20",62605466,62611362,"SAMD10"
"16631","chr20",62612430,62664454,"PRPF6"
"16632","chr20",62665696,62671316,"LINC00176"
"16633","chr20",62679079,62680979,"SOX18"
"16634","chr20",62688174,62703701,"TCEA2"
"16635","chr20",62694543,62695477,"BC056407"
"16636","chr20",62704535,62711324,"RGS19"
"16637","chr20",62711470,62731997,"OPRL1"
"16638","chr20",62714733,62715712,"C20orf201"
"16639","chr20",62737183,62738184,"NPBWR2"
"16640","chr20",62783143,62873607,"MYT1"
"16641","chr20",62887047,62907580,"PCMTD2"
"16642","chr20",62921737,62934708,"LINC00266-1"
"16643","chr21",9825459,9825482,"JA660803"
"16644","chr21",9825831,9826012,"MIR3648"
"16645","chr21",9826202,9826264,"MIR3687"
"16646","chr21",9907189,9968593,"TEKT4P2"
"16649","chr21",11057796,11059816,"BAGE"
"16650","chr21",11020813,11098925,"BAGE2"
"16651","chr21",14410486,14490572,"ANKRD30BP2"
"16652","chr21",14778705,14778781,"MIR3156-3"
"16653","chr21",14982497,15013907,"POTED"
"16654","chr21",15215454,15220685,"C21orf15"
"16655","chr21",15316096,15352765,"ANKRD20A11P"
"16658","chr21",15588465,15600694,"RBM11"
"16659","chr21",15646119,15710338,"ABCC13"
"16660","chr21",15743437,15755509,"HSPA13"
"16661","chr21",15857549,15955723,"SAMSN1"
"16665","chr21",17911408,17911490,"MIR99A"
"16666","chr21",17912147,17912232,"MIRLET7C"
"16667","chr21",17962556,17962646,"MIR125B2"
"16668","chr21",18811207,18821504,"C21orf37"
"16669","chr21",18885223,18965898,"CXADR"
"16670","chr21",18965968,18985268,"BTG3"
"16671","chr21",19149721,19164826,"C21orf91-OT1"
"16672","chr21",19161284,19191703,"C21orf91"
"16673","chr21",19207989,19257925,"CHODL-AS1"
"16677","chr21",22114913,22175426,"LINC00320"
"16679","chr21",23095613,23109639,"LINC00317"
"16680","chr21",23119304,23169736,"BC035642"
"16681","chr21",23381477,23470778,"BC039377"
"16682","chr21",23470935,23488848,"LINC00308"
"16683","chr21",23539507,23539985,"Z49981"
"16684","chr21",23540288,23540734,"Z49979"
"16685","chr21",24733426,24757156,"D21S2088E"
"16686","chr21",25801053,25862622,"AK124194"
"16687","chr21",26758133,26804013,"LINC00158"
"16688","chr21",26934456,26947481,"MIR155HG"
"16689","chr21",26946291,26946357,"MIR155"
"16690","chr21",26955087,26955536,"LINC00515"
"16691","chr21",26957968,26979801,"MRPL39"
"16692","chr21",27011588,27087236,"JAM2"
"16693","chr21",27107257,27144772,"GABPA"
"16694","chr21",27096791,27107965,"ATP5J"
"16696","chr21",27538215,27539642,"AK074469"
"16698","chr21",28208606,28217728,"ADAMTS1"
"16699","chr21",28326279,28326363,"MIR4759"
"16700","chr21",28290231,28339439,"ADAMTS5"
"16701","chr21",28731204,28820898,"BC043580"
"16702","chr21",29094697,29123553,"LINC00113"
"16703","chr21",29385681,29395529,"LINC00314"
"16704","chr21",29420732,29509929,"AX747935"
"16706","chr21",29911639,29911952,"BC101420"
"16707","chr21",30244513,30257693,"N6AMT1"
"16708","chr21",30300466,30365277,"LTN1"
"16709","chr21",30378080,30391685,"RWDD2B"
"16710","chr21",30396937,30426808,"USP16"
"16711","chr21",30428648,30446010,"CCT8"
"16712","chr21",30449811,30548203,"C21orf7"
"16713","chr21",30565800,30660527,"LINC00189"
"16714","chr21",30671219,30734218,"BACH1"
"16715","chr21",30968359,31003068,"GRIK1-AS2"
"16716","chr21",31120493,31136326,"GRIK1-AS1"
"16718","chr21",31538241,31538971,"CLDN17"
"16719","chr21",31581469,31584101,"LINC00307"
"16720","chr21",31586324,31588469,"CLDN8"
"16721","chr21",31653627,31655276,"KRTAP24-1"
"16722","chr21",31661463,31661832,"KRTAP25-1"
"16723","chr21",31691450,31692607,"KRTAP26-1"
"16724","chr21",31709331,31710012,"KRTAP27-1"
"16725","chr21",31720717,31720924,"KRTAP23-1"
"16726","chr21",31743709,31744557,"KRTAP13-2"
"16727","chr21",31747612,31747696,"MIR4327"
"16728","chr21",31768391,31769139,"KRTAP13-1"
"16729","chr21",31797711,31798230,"KRTAP13-3"
"16730","chr21",31802593,31803077,"KRTAP13-4"
"16731","chr21",31812645,31813099,"KRTAP15-1"
"16732","chr21",31852364,31852636,"KRTAP19-1"
"16733","chr21",31859509,31859667,"KRTAP19-2"
"16734","chr21",31863782,31864275,"KRTAP19-3"
"16735","chr21",31869174,31869428,"KRTAP19-4"
"16736","chr21",31874190,31874408,"KRTAP19-5"
"16737","chr21",31913854,31914181,"KRTAP19-6"
"16738","chr21",31933417,31933608,"KRTAP19-7"
"16739","chr21",31962424,31962716,"KRTAP22-2"
"16740","chr21",31964758,31965375,"KRTAP6-3"
"16741","chr21",31971005,31971193,"KRTAP6-2"
"16742","chr21",31973439,31973587,"KRTAP22-1"
"16743","chr21",31986005,31986223,"KRTAP6-1"
"16744","chr21",31988773,31988945,"KRTAP20-1"
"16745","chr21",31992945,31993170,"KRTAP20-4"
"16746","chr21",32007582,32007781,"KRTAP20-2"
"16747","chr21",32015182,32015456,"KRTAP20-3"
"16748","chr21",32090843,32091095,"KRTAP21-3"
"16749","chr21",32119269,32119520,"KRTAP21-2"
"16750","chr21",32127457,32127696,"KRTAP21-1"
"16751","chr21",32185015,32185570,"KRTAP8-1"
"16752","chr21",32201358,32202051,"KRTAP7-1"
"16753","chr21",32252964,32253874,"KRTAP11-1"
"16754","chr21",32410478,32410795,"KRTAP19-8"
"16756","chr21",32931557,32932602,"BC014150"
"16757","chr21",33026871,33031813,"BC041449"
"16758","chr21",33031934,33041244,"SOD1"
"16759","chr21",33043313,33104431,"SCAF4"
"16761","chr21",33452794,33458608,"LINC00159"
"16762","chr21",33640530,33651376,"MIS18A"
"16763","chr21",33664123,33687095,"MRAP"
"16764","chr21",33678775,33681045,"BC034802"
"16765","chr21",33749496,33749631,"SNORA80"
"16766","chr21",33683330,33765312,"URB1"
"16767","chr21",33765441,33766267,"C21orf119"
"16769","chr21",33947151,33980026,"TCP10L"
"16770","chr21",33973984,33984918,"C21orf59"
"16771","chr21",34001069,34100351,"SYNJ1"
"16772","chr21",34100424,34115434,"GCFC1-AS1"
"16773","chr21",34106210,34144169,"GCFC1"
"16774","chr21",34144410,34170017,"C21orf49"
"16775","chr21",34162984,34186053,"C21orf62"
"16776","chr21",34398215,34401504,"OLIG2"
"16777","chr21",34442449,34444729,"OLIG1"
"16778","chr21",34537776,34542541,"C21orf54"
"16779","chr21",34602230,34636821,"IFNAR2"
"16780","chr21",34621013,34669521,"IL10RB"
"16781","chr21",34637937,34638565,"LOC100288432"
"16782","chr21",34696733,34732129,"IFNAR1"
"16783","chr21",34775201,34809829,"IFNGR2"
"16784","chr21",34804793,34852316,"TMEM50B"
"16785","chr21",34860238,34864023,"DNAJC28"
"16786","chr21",34876238,34915198,"GART"
"16787","chr21",34915349,34949813,"SON"
"16789","chr21",34966966,34967922,"AK057604"
"16790","chr21",34961648,35014160,"CRYZL1"
"16792","chr21",35269910,35272164,"intersectin 1 long form"
"16793","chr21",35275757,35288158,"ATP5O"
"16794","chr21",35303515,35343488,"LOC100506334"
"16795","chr21",35445822,35478562,"SLC5A3"
"16796","chr21",35552977,35562221,"LINC00310"
"16797","chr21",35736322,35743441,"KCNE2"
"16798","chr21",35747748,35775075,"FAM165B"
"16799","chr21",35791013,35796264,"BC049386"
"16800","chr21",35818988,35884573,"KCNE1"
"16801","chr21",35888784,35987382,"RCAN1"
"16802","chr21",36041687,36090520,"CLIC6"
"16803","chr21",36096104,36109480,"LINC00160"
"16804","chr21",36118121,36157169,"LOC100506385"
"16805","chr21",36195761,36198703,"AX746823"
"16807","chr21",36231770,36231872,"AX813477"
"16808","chr21",36410233,36411723,"RUNX1-IT1"
"16809","chr21",37093012,37093107,"MIR802"
"16810","chr21",37406839,37451687,"SETD4"
"16811","chr21",37442284,37445465,"CBR1"
"16812","chr21",37441940,37498938,"LOC100133286"
"16813","chr21",37507262,37518861,"CBR3"
"16814","chr21",37504065,37528606,"LOC100506428"
"16816","chr21",37692486,37748945,"MORC3"
"16817","chr21",37711071,37711802,"BC058002"
"16818","chr21",37757688,37789126,"CHAF1B"
"16820","chr21",38071990,38122511,"SIM2"
"16822","chr21",38378449,38391959,"DSCR6"
"16823","chr21",38437664,38445458,"PIGP"
"16825","chr21",38580803,38594037,"DSCR9"
"16826","chr21",38595726,38639833,"DSCR3"
"16828","chr21",38979766,38982665,"AL109792"
"16830","chr21",39426313,39493454,"DSCR4"
"16831","chr21",39493544,39528606,"DSCR8"
"16832","chr21",39578249,39580739,"DSCR10"
"16833","chr21",39628663,39673747,"KCNJ15"
"16834","chr21",39645397,39647444,"AK027145"
"16836","chr21",40110879,40145401,"LINC00114"
"16837","chr21",40177230,40196879,"ETS2"
"16838","chr21",40547384,40555440,"PSMG1"
"16840","chr21",40685861,40686888,"BRWD1-IT2"
"16841","chr21",40714241,40721047,"HMGN1"
"16842","chr21",40752212,40769816,"WRB"
"16843","chr21",40777770,40817670,"LCA5L"
"16844","chr21",40817796,40887434,"SH3BGR"
"16846","chr21",40969075,40984749,"C21orf88"
"16847","chr21",41117333,41174024,"IGSF5"
"16848","chr21",41239346,41301323,"PCP4"
"16849","chr21",41584279,41584358,"MIR4760"
"16850","chr21",41755009,41757286,"DSCAM-AS1"
"16852","chr21",42513427,42519991,"LINC00323"
"16853","chr21",42539483,42539557,"MIR3197"
"16855","chr21",42547158,42557166,"PLAC4"
"16856","chr21",42676176,42729655,"FAM3B"
"16857","chr21",42733949,42780870,"MX2"
"16858","chr21",42792519,42831142,"MX1"
"16859","chr21",42836483,42839015,"pp9284"
"16860","chr21",42836478,42903043,"TMPRSS2"
"16861","chr21",43099461,43117497,"LINC00111"
"16862","chr21",43131680,43135935,"LINC00479"
"16863","chr21",43136595,43137743,"LINC00112"
"16864","chr21",43159529,43187249,"RIPK4"
"16865","chr21",43218385,43299591,"PRDM15"
"16866","chr21",43305219,43373999,"C2CD2"
"16867","chr21",43406940,43430496,"ZNF295"
"16868","chr21",43442112,43445061,"ZNF295-AS1"
"16869","chr21",43483067,43563106,"UMODL1"
"16870","chr21",43495004,43496973,"AX748362"
"16871","chr21",43522244,43528644,"C21orf128"
"16872","chr21",43619798,43717355,"ABCG1"
"16873","chr21",43719103,43720920,"AL355711"
"16874","chr21",43731777,43735706,"TFF3"
"16875","chr21",43766467,43771208,"TFF2"
"16876","chr21",43782391,43786644,"TFF1"
"16877","chr21",43791996,43816200,"TMPRSS3"
"16878","chr21",43823970,43867791,"UBASH3A"
"16879","chr21",43892597,43916401,"RSPH1"
"16880","chr21",43919741,44001551,"SLC37A1"
"16881","chr21",44019514,44035168,"BC041455"
"16882","chr21",44068404,44071354,"BC033260"
"16884","chr21",44263543,44266080,"AX747730"
"16885","chr21",44263204,44299699,"WDR4"
"16886","chr21",44313377,44329774,"NDUFV3"
"16887","chr21",44336913,44345728,"C21orf105"
"16888","chr21",44394642,44453689,"PKNOX1"
"16889","chr21",44473301,44496472,"CBS"
"16890","chr21",44513066,44527688,"U2AF1"
"16891","chr21",44589140,44592914,"CRYAA"
"16892","chr21",44834398,44847002,"SIK1"
"16893","chr21",44869903,44873772,"LINC00319"
"16894","chr21",44881974,44898103,"LINC00313"
"16895","chr21",44985069,44985530,"DQ577420"
"16897","chr21",45079431,45115961,"RRP1B"
"16898","chr21",45138977,45182189,"PDXK"
"16899","chr21",45193831,45196259,"CSTB"
"16900","chr21",45209417,45223984,"RRP1"
"16901","chr21",45225639,45232448,"LOC284837"
"16903","chr21",45432205,45526433,"TRAPPC10"
"16904","chr21",45527207,45551064,"PWP2"
"16905","chr21",45553493,45565606,"C21orf33"
"16906","chr21",45646722,45660834,"ICOSLG"
"16907","chr21",45666223,45682099,"DNMT3L"
"16908","chr21",45705762,45718111,"AIRE"
"16909","chr21",45719924,45747262,"PFKL"
"16910","chr21",45748827,45759285,"C21orf2"
"16911","chr21",45770045,45862965,"TRPM2"
"16912","chr21",45875392,45878740,"LRRC3"
"16913","chr21",45898222,45898271,"DQ598454"
"16914","chr21",45903704,45903735,"DQ590668"
"16915","chr21",45904164,45904216,"DQ601137"
"16916","chr21",45911602,45911640,"DQ599834"
"16917","chr21",45913122,45913224,"DQ588725"
"16918","chr21",45937097,45938861,"C21orf90"
"16919","chr21",45959068,45960078,"KRTAP10-1"
"16920","chr21",45970318,45971388,"KRTAP10-2"
"16921","chr21",45977906,45978643,"KRTAP10-3"
"16922","chr21",45993605,45994988,"KRTAP10-4"
"16923","chr21",45999564,46000481,"KRTAP10-5"
"16924","chr21",46011149,46012386,"KRTAP10-6"
"16925","chr21",46020496,46022092,"KRTAP10-7"
"16926","chr21",46031995,46032872,"KRTAP10-8"
"16927","chr21",46047039,46048296,"KRTAP10-9"
"16928","chr21",46057272,46058373,"KRTAP10-10"
"16929","chr21",46066330,46067567,"KRTAP10-11"
"16930","chr21",46074130,46074576,"KRTAP12-4"
"16931","chr21",46077848,46078259,"KRTAP12-3"
"16932","chr21",46086106,46086844,"KRTAP12-2"
"16933","chr21",46101491,46102078,"KRTAP12-1"
"16934","chr21",46117086,46117960,"KRTAP10-12"
"16936","chr21",46188495,46221751,"UBE2G2"
"16937","chr21",46225532,46238044,"SUMO3"
"16938","chr21",46269500,46293818,"PTTG1IP"
"16939","chr21",46305868,46348753,"ITGB2"
"16940","chr21",46340949,46349596,"LOC100505746"
"16941","chr21",46353199,46359828,"C21orf67"
"16942","chr21",46359954,46396889,"FAM207A"
"16943","chr21",46409779,46414001,"LINC00163"
"16944","chr21",46419127,46424642,"LINC00162"
"16945","chr21",46490871,46493126,"SSR4P1"
"16947","chr21",46654266,46678646,"C21orf89"
"16948","chr21",46683843,46707811,"POFUT2"
"16949","chr21",46707966,46717270,"LOC642852"
"16951","chr21",46839631,46844985,"COL18A1-AS1"
"16952","chr21",46918115,46964325,"SLC19A1"
"16954","chr21",47247755,47256333,"LOC100129027"
"16955","chr21",47401662,47424964,"COL6A1"
"16956","chr21",47518032,47552764,"COL6A2"
"16957","chr21",47548398,47552763,"DKFZp586E1322"
"16958","chr21",47556176,47575481,"FTCD"
"16959","chr21",47581062,47604373,"C21orf56"
"16960","chr21",47608360,47648738,"LSS"
"16961","chr21",47649157,47671744,"MCM3AP-AS1"
"16962","chr21",47655048,47705236,"MCM3AP"
"16963","chr21",47706266,47717666,"YBEY"
"16964","chr21",47720344,47743785,"C21orf58"
"16966","chr21",47740937,47744424,"BC031638"
"16968","chr21",48018531,48025035,"S100B"
"16969","chr21",48055506,48085156,"PRMT2"
"16970","chr22",16150260,16193004,"AK022914"
"16971","chr22",16243979,16245786,"DQ599820"
"16972","chr22",16251236,16255495,"P704P"
"16973","chr22",16256332,16287937,"POTEH"
"16974","chr22",16448824,16449804,"OR11H1"
"16975","chr22",17071648,17073700,"CCT8L2"
"16976","chr22",17082800,17179522,"TPTEP1"
"16977","chr22",17134599,17156430,"ANKRD62P1-PARP4P3"
"16978","chr22",17227759,17229328,"BC038197"
"16979","chr22",17264306,17302584,"XKR3"
"16980","chr22",17308363,17310226,"HSFY1P1"
"16981","chr22",17385315,17385395,"IGKV1-12"
"16982","chr22",17442827,17489112,"GAB4"
"16983","chr22",17517459,17539683,"CECR7"
"16984","chr22",17565850,17596585,"IL17RA"
"16985","chr22",17597189,17602257,"CECR6"
"16986","chr22",17602484,17612995,"BC021738"
"16987","chr22",17618410,17646177,"CECR5"
"16988","chr22",17640278,17646336,"CECR5-AS1"
"16989","chr22",17660192,17702738,"CECR1"
"16990","chr22",17737750,17747623,"CECR3"
"16992","chr22",18043182,18073648,"SLC25A18"
"16993","chr22",18074903,18111588,"ATP6V1E1"
"16995","chr22",18215565,18217981,"DQ570096"
"16996","chr22",18246946,18247025,"MIR3198-1"
"16997","chr22",18216906,18257431,"BID"
"16999","chr22",18322717,18325248,"BC064400"
"17000","chr22",18463634,18463727,"MIR648"
"17001","chr22",18512150,18520735,"FLJ41941"
"17002","chr22",18560685,18573798,"PEX26"
"17003","chr22",18560821,18561541,"Em:AC008101.5"
"17004","chr22",18593452,18614499,"TUBA8"
"17005","chr22",18632757,18660163,"USP18"
"17008","chr22",18761202,18792992,"GGT3P"
"17009","chr22",18834323,18839323,"BC112340"
"17010","chr22",18837630,18843432,"BC051721"
"17012","chr22",18847155,18849295,"DQ786190"
"17013","chr22",18893540,18899602,"DGCR6"
"17014","chr22",18900287,18924066,"PRODH"
"17015","chr22",18958010,19018743,"DGCR5"
"17016","chr22",18985169,18985205,"DQ585141"
"17017","chr22",19005346,19007762,"DGCR9"
"17018","chr22",19010136,19011064,"DGCR10"
"17019","chr22",19033675,19035888,"DGCR11"
"17020","chr22",19023795,19109967,"DGCR2"
"17021","chr22",19118320,19120137,"TSSK2"
"17022","chr22",19117792,19132190,"DGCR14"
"17023","chr22",19136504,19137796,"GSC2"
"17024","chr22",19163094,19166301,"SLC25A1"
"17027","chr22",19420035,19423597,"MRPL40"
"17028","chr22",19429056,19431418,"BX648073"
"17029","chr22",19459918,19460033,"U84523"
"17030","chr22",19437464,19466738,"UFD1L"
"17031","chr22",19467413,19508136,"CDC45"
"17032","chr22",19510547,19512860,"CLDN5"
"17033","chr22",19553653,19554362,"LOC150185"
"17034","chr22",19701986,19711103,"SEPT5"
"17035","chr22",19744225,19771113,"TBX1"
"17036","chr22",19833661,19842371,"C22orf29"
"17037","chr22",19775934,19842462,"GNB1L"
"17038","chr22",19863040,19929359,"TXNRD2"
"17039","chr22",19929262,19957499,"COMT"
"17040","chr22",19951275,19951358,"MIR4761"
"17041","chr22",19957402,20004309,"ARVCF"
"17042","chr22",20004553,20053448,"C22orf25"
"17043","chr22",20020661,20020744,"MIR185"
"17044","chr22",20067754,20099401,"DGCR8"
"17045","chr22",20073268,20073357,"MIR3618"
"17046","chr22",20073580,20073666,"MIR1306"
"17047","chr22",20099398,20104768,"TRMT2A"
"17048","chr22",20105023,20114707,"RANBP1"
"17049","chr22",20119363,20135531,"ZDHHC8"
"17050","chr22",20136109,20137431,"LOC388849"
"17051","chr22",20186253,20192441,"LOC284865"
"17052","chr22",20193854,20196061,"LOC150197"
"17053","chr22",20228938,20255816,"RTN4R"
"17054","chr22",20236657,20236734,"MIR1286"
"17055","chr22",20291560,20299717,"KIAA1653"
"17056","chr22",20301761,20307628,"DGCR6L"
"17057","chr22",20325589,20350462,"LOC729444"
"17058","chr22",20377668,20380441,"TMEM191B"
"17059","chr22",20383731,20427815,"PI4KAP1"
"17060","chr22",20455994,20461786,"RIMBP3"
"17061","chr22",20704868,20731542,"USP41"
"17062","chr22",20748478,20762753,"ZNF74"
"17063","chr22",20778874,20792146,"SCARF2"
"17064","chr22",20795806,20850170,"KLHL22"
"17065","chr22",20861885,20941920,"MED15"
"17066","chr22",20970517,21011201,"BC035867"
"17067","chr22",21043842,21046010,"POM121L4P"
"17068","chr22",21055401,21058892,"TMEM191A"
"17070","chr22",21128382,21142009,"SERPIND1"
"17071","chr22",21213291,21245502,"SNAP29"
"17072","chr22",21271713,21308038,"CRKL"
"17073","chr22",21305018,21308036,"BC033281"
"17074","chr22",21311690,21318878,"BC127858"
"17075","chr22",21319417,21335650,"AIFM3"
"17076","chr22",21333750,21353327,"LZTR1"
"17077","chr22",21355230,21355259,"DQ574263"
"17078","chr22",21356210,21364664,"THAP7-AS1"
"17079","chr22",21354061,21356404,"THAP7"
"17080","chr22",21362496,21368576,"MGC16703"
"17081","chr22",21369441,21382303,"P2RX6"
"17082","chr22",21383007,21386847,"SLC7A4"
"17083","chr22",21396681,21398538,"P2RX6P"
"17084","chr22",21400248,21418458,"LOC400891"
"17085","chr22",21457304,21476576,"BCRP2"
"17087","chr22",21538002,21546446,"BC039313"
"17088","chr22",21562262,21563772,"GGT2"
"17089","chr22",21636713,21652016,"POM121L8P"
"17091","chr22",21642519,21646214,"AX748067"
"17092","chr22",21737662,21743456,"RIMBP3B"
"17093","chr22",21771692,21805751,"HIC2"
"17094","chr22",21821458,21824225,"TMEM191C"
"17095","chr22",21823878,21824993,"AK308704"
"17096","chr22",21827287,21871780,"PI4KAP2"
"17097","chr22",21899958,21905750,"RIMBP3C"
"17098","chr22",21921956,21978324,"UBE2L3"
"17099","chr22",21982378,21984340,"YDJC"
"17100","chr22",21987085,21991617,"CCDC116"
"17101","chr22",21996541,21998589,"SDF2L1"
"17102","chr22",22007269,22007348,"MIR301B"
"17103","chr22",22007592,22007675,"MIR130B"
"17104","chr22",22020272,22052203,"PPIL2"
"17105","chr22",22051826,22090071,"YPEL1"
"17107","chr22",22273792,22307250,"PPM1F"
"17108","chr22",22311403,22337187,"TOP3B"
"17109","chr22",22380461,22380937,"BC089413"
"17110","chr22",22345496,22398332,"AK131325"
"17111","chr22",22599199,22599927,"VPREB1"
"17112","chr22",22652462,22677325,"LOC96610"
"17114","chr22",22838772,22863505,"ZNF280B"
"17115","chr22",22868061,22874613,"ZNF280A"
"17116","chr22",22890123,22901696,"PRAME"
"17117","chr22",22901755,22909008,"LOC648691"
"17118","chr22",22974028,22987012,"POM121L1P"
"17119","chr22",22988781,22990369,"GGTLC2"
"17120","chr22",23165269,23165361,"MIR650"
"17121","chr22",23229959,23238014,"IGLL5"
"17122","chr22",23236274,23238012,"DQ575049"
"17123","chr22",23412668,23467222,"GNAZ"
"17124","chr22",23401593,23484241,"RTDR1"
"17125","chr22",23487512,23506532,"RAB36"
"17126","chr22",23604953,23607187,"FBXW4P1"
"17127","chr22",23701793,23724313,"CES5AP1"
"17128","chr22",23732792,23744799,"ZDHHC8P1"
"17129","chr22",23804432,23829167,"LOC388882"
"17130","chr22",23915313,23922495,"IGLL1"
"17131","chr22",23952778,23952803,"DQ586720"
"17132","chr22",23950639,23974508,"C22orf43"
"17133","chr22",24032960,24041364,"RGL4"
"17134","chr22",23980675,24059610,"GUSBP11"
"17135","chr22",24083772,24093279,"ZNF70"
"17136","chr22",24094930,24096630,"VPREB3"
"17137","chr22",24105207,24108051,"C22orf15"
"17138","chr22",24108021,24110141,"CHCHD10"
"17139","chr22",24115035,24126504,"MMP11"
"17140","chr22",24129149,24176706,"SMARCB1"
"17141","chr22",24176692,24178933,"AK096976"
"17142","chr22",24176690,24181315,"DERL3"
"17143","chr22",24199058,24227726,"SLC2A11"
"17144","chr22",24236564,24237410,"MIF"
"17145","chr22",24238569,24238598,"DQ574115"
"17146","chr22",24239523,24239551,"DQ580850"
"17147","chr22",24239639,24239678,"DQ579704"
"17148","chr22",24239749,24239792,"DQ584254"
"17149","chr22",24239836,24239864,"DQ571361"
"17150","chr22",24240067,24240132,"DQ575315"
"17151","chr22",24240745,24240774,"DQ597394"
"17152","chr22",24235897,24241117,"LOC284889"
"17153","chr22",24245626,24247864,"DQ600483"
"17154","chr22",24253497,24253538,"DQ596074"
"17155","chr22",24299601,24322313,"GSTT2"
"17156","chr22",24309025,24315045,"DDT"
"17157","chr22",24340595,24347258,"GSTTP1"
"17158","chr22",24373116,24374044,"LOC391322"
"17159","chr22",24376139,24384284,"GSTT1"
"17160","chr22",24385938,24401899,"GSTTP2"
"17162","chr22",24577443,24585075,"SUSD2"
"17163","chr22",24615622,24641110,"GGT5"
"17164","chr22",24647588,24661493,"POM121L9P"
"17165","chr22",24647952,24649257,"UNQ2565"
"17166","chr22",24658458,24658483,"DQ576853"
"17168","chr22",24813708,24829705,"ADORA2A"
"17169","chr22",24827818,24828695,"EU036692"
"17170","chr22",24863205,24922554,"UPB1"
"17171","chr22",24825178,24890783,"C22orf45"
"17172","chr22",24936406,24951903,"C22orf13"
"17173","chr22",24951617,24978855,"SNRPD3"
"17174","chr22",24979717,25024973,"GGT1"
"17175","chr22",24981591,24989035,"FAM211B"
"17176","chr22",25028881,25049328,"BCRP3"
"17177","chr22",25046353,25047058,"DKFZp434K191"
"17178","chr22",25041133,25055114,"POM121L10P"
"17179","chr22",25160467,25161987,"TOP1P2"
"17180","chr22",25115001,25170683,"PIWIL3"
"17182","chr22",25331208,25335314,"TMEM211"
"17184","chr22",25498384,25508659,"LOC100128531"
"17185","chr22",25595824,25603325,"CRYBB3"
"17186","chr22",25615611,25627837,"CRYBB2"
"17187","chr22",25677209,25679061,"BC040576"
"17188","chr22",25714223,25716194,"IGLL3P"
"17189","chr22",25747385,25777544,"LRP5L"
"17190","chr22",25844053,25907586,"CRYBB2P1"
"17194","chr22",26825279,26840979,"ASPHD2"
"17195","chr22",26847446,26879820,"HPS4"
"17196","chr22",26879845,26887905,"SRRD"
"17197","chr22",26887894,26908437,"TFIP11"
"17198","chr22",26951178,26951289,"MIR548J"
"17199","chr22",26921714,26986089,"TPST2"
"17200","chr22",26995362,27013991,"CRYBB1"
"17201","chr22",27017927,27026637,"CRYBA4"
"17202","chr22",27053445,27072441,"MIAT"
"17203","chr22",27063656,27068617,"AK124820"
"17204","chr22",27068848,27114950,"AK026502"
"17205","chr22",27444106,27456467,"AK055980"
"17206","chr22",27619258,27622760,"BC015159"
"17207","chr22",27706611,27713418,"CR936633"
"17208","chr22",28144265,28197486,"MN1"
"17209","chr22",28247657,28315255,"PITPNB"
"17210","chr22",28276022,28277106,"AX748308"
"17211","chr22",28315363,28404268,"TTC28-AS1"
"17212","chr22",28316513,28316600,"MIR3199-2"
"17213","chr22",28316513,28316600,"MIR3199-1"
"17215","chr22",29083731,29137822,"CHEK2"
"17216","chr22",29138042,29153497,"HSCB"
"17217","chr22",29168661,29185284,"CCDC117"
"17218","chr22",29190548,29196560,"XBP1"
"17220","chr22",29454660,29457907,"C22orf31"
"17221","chr22",29469065,29564322,"KREMEN1"
"17222","chr22",29601952,29655587,"EMID1"
"17223","chr22",29655844,29663914,"RHBDD3"
"17224","chr22",29663997,29696516,"EWSR1"
"17225","chr22",29702996,29708775,"GAS2L1"
"17226","chr22",29708922,29711748,"RASL10A"
"17227","chr22",29723669,29784572,"AP1B1"
"17228","chr22",29729147,29729256,"MIR3653"
"17229","chr22",29834571,29838445,"RFPL1"
"17230","chr22",29833004,29838118,"RFPL1-AS1"
"17231","chr22",29876180,29887278,"NEFH"
"17232","chr22",29904156,29949736,"THOC5"
"17233","chr22",29950798,29977326,"NIPSNAP1"
"17234","chr22",29999544,30094590,"NF2"
"17235","chr22",30116343,30127821,"CABP7"
"17236","chr22",30126945,30163000,"ZMAT5"
"17237","chr22",30163357,30166403,"UQCR10"
"17238","chr22",30184597,30234293,"ASCC2"
"17240","chr22",30476452,30573063,"HORMAD2"
"17241","chr22",30642198,30642983,"MGC20647"
"17242","chr22",30636442,30642796,"LIF"
"17243","chr22",30658819,30662829,"OSM"
"17244","chr22",30681107,30685616,"GATSL3"
"17245","chr22",30687979,30722955,"TBC1D10A"
"17246","chr22",30752626,30772819,"CCDC157"
"17247","chr22",30727977,30752913,"SF3A1"
"17248","chr22",30770313,30770867,"Em:AC004997.11"
"17249","chr22",30774803,30783302,"RNF215"
"17250","chr22",30792929,30825042,"SEC14L2"
"17251","chr22",30855216,30868034,"SEC14L3"
"17252","chr22",30877277,30877743,"SDC4P"
"17253","chr22",30884898,30901698,"SEC14L4"
"17254","chr22",30920917,30942669,"SEC14L6"
"17255","chr22",30950624,30968817,"GAL3ST1"
"17256","chr22",30972612,31003000,"PES1"
"17257","chr22",31003069,31023048,"TCN2"
"17258","chr22",31031792,31065004,"SLC35E4"
"17259","chr22",31048038,31063872,"DUSP18"
"17261","chr22",31127543,31127629,"MIR3200"
"17262","chr22",31318294,31322641,"MORC2-AS1"
"17263","chr22",31322600,31364187,"MORC2"
"17264","chr22",31365633,31375381,"TUG1"
"17265","chr22",31477281,31500611,"SMTN"
"17266","chr22",31497861,31500744,"AX747817"
"17267","chr22",31500763,31503551,"SELM"
"17268","chr22",31503960,31530684,"INPP5J"
"17269","chr22",31530793,31536469,"PLA2G3"
"17270","chr22",31556048,31556105,"MIR3928"
"17271","chr22",31556137,31603006,"RNF185"
"17272","chr22",31601249,31601602,"BC069815"
"17273","chr22",31608249,31676067,"LIMK2"
"17274","chr22",31677579,31688520,"PIK3IP1"
"17275","chr22",31721790,31742249,"PATZ1"
"17276","chr22",31742871,31744505,"Em:AC005003.4"
"17277","chr22",31795538,31830173,"DRG1"
"17278","chr22",31831222,31834553,"AK074476"
"17279","chr22",31835345,31885923,"EIF4ENIF1"
"17281","chr22",32014477,32058252,"PISD"
"17282","chr22",32072733,32146120,"PRR14L"
"17284","chr22",32340478,32353591,"YWHAH"
"17285","chr22",32329507,32341336,"C22orf24"
"17286","chr22",32439018,32509012,"SLC5A1"
"17287","chr22",32517963,32529457,"AP1B1P1"
"17288","chr22",32524336,32524358,"JA682652"
"17289","chr22",32545519,32555243,"C22orf42"
"17290","chr22",32586422,32600718,"RFPL2"
"17291","chr22",32614463,32651318,"SLC5A4"
"17292","chr22",32744123,32744144,"JA536278"
"17293","chr22",32750871,32757149,"RFPL3"
"17294","chr22",32755893,32767063,"RFPL3-AS1"
"17295","chr22",32772650,32780330,"LOC339666"
"17296","chr22",32783562,32808274,"C22orf28"
"17297","chr22",32809834,32860433,"BPIFC"
"17298","chr22",32870706,32894819,"FBXO7"
"17299","chr22",32896532,32898414,"AK123891"
"17301","chr22",33196801,33259029,"TIMP3"
"17302","chr22",33832568,33832655,"MIR4764"
"17304","chr22",34120971,34146804,"LOC100506195"
"17305","chr22",35462129,35483381,"ISX"
"17306","chr22",35653444,35691801,"HMGXB4"
"17307","chr22",35695267,35743988,"TOM1"
"17308","chr22",35731632,35731752,"MIR3909"
"17309","chr22",35777059,35790208,"HMOX1"
"17310","chr22",35796115,35820496,"MCM5"
"17311","chr22",35937351,35950046,"RASD2"
"17312","chr22",36002811,36019401,"MB"
"17313","chr22",36023038,36031181,"LOC284912"
"17314","chr22",36044423,36064457,"APOL6"
"17315","chr22",36113918,36125530,"APOL5"
"17317","chr22",36536371,36562225,"APOL3"
"17318","chr22",36585176,36600879,"APOL4"
"17319","chr22",36633473,36635231,"AX747758"
"17320","chr22",36622255,36636000,"APOL2"
"17321","chr22",36649116,36663578,"APOL1"
"17322","chr22",36730924,36732334,"AX748195"
"17324","chr22",36863093,36877687,"TXN2"
"17325","chr22",36883233,36903148,"FOXRED2"
"17326","chr22",36906897,36925277,"EIF3D"
"17328","chr22",37099962,37117495,"AK123632"
"17329","chr22",37154255,37158116,"BX537634"
"17330","chr22",37154246,37172172,"IFT27"
"17331","chr22",37196745,37215517,"PVALB"
"17332","chr22",37257029,37274060,"NCF4"
"17333","chr22",37309674,37336480,"CSF2RB"
"17334","chr22",37361288,37364214,"LOC100506241"
"17335","chr22",37387160,37403877,"C22orf33"
"17336","chr22",37406906,37415491,"TST"
"17337","chr22",37415701,37425864,"MPST"
"17338","chr22",37447778,37459431,"KCTD17"
"17339","chr22",37461479,37505603,"TMPRSS6"
"17340","chr22",37521880,37545962,"IL2RB"
"17341","chr22",37576206,37594341,"C1QTNF6"
"17342","chr22",37602245,37608353,"SSTR3"
"17343","chr22",37621310,37640305,"RAC2"
"17344","chr22",37678494,37711390,"CYTH4"
"17345","chr22",37748231,37750879,"AK097787"
"17346","chr22",37751350,37751380,"DQ587342"
"17347","chr22",37751670,37751701,"DQ581393"
"17348","chr22",37753889,37753926,"DQ577118"
"17349","chr22",37754336,37754480,"DQ571864"
"17350","chr22",37754524,37754581,"DQ595731"
"17351","chr22",37754871,37754908,"DQ581625"
"17352","chr22",37755124,37755155,"DQ584235"
"17353","chr22",37755237,37755266,"DQ573975"
"17354","chr22",37755507,37755566,"DQ593233"
"17355","chr22",37755719,37755757,"DQ584694"
"17356","chr22",37756431,37756466,"DQ572877"
"17357","chr22",37756487,37756548,"DQ580960"
"17358","chr22",37756607,37756659,"DQ597571"
"17359","chr22",37756692,37756734,"DQ599403"
"17360","chr22",37756837,37756881,"DQ574964"
"17361","chr22",37757069,37757106,"DQ601352"
"17362","chr22",37757139,37757172,"DQ570280"
"17363","chr22",37757195,37757225,"DQ572884"
"17364","chr22",37757559,37757596,"DQ596669"
"17365","chr22",37758365,37758404,"DQ594524"
"17366","chr22",37758473,37758522,"DQ590895"
"17367","chr22",37758977,37759044,"DQ595101"
"17368","chr22",37759408,37759438,"DQ574556"
"17369","chr22",37759488,37759517,"DQ576685"
"17370","chr22",37759936,37759985,"DQ575042"
"17371","chr22",37760019,37760101,"DQ581304"
"17372","chr22",37760169,37760236,"DQ571088"
"17373","chr22",37760255,37760285,"DQ592963"
"17374","chr22",37760569,37760601,"DQ584963"
"17375","chr22",37760687,37760760,"DQ587429"
"17376","chr22",37760769,37760798,"DQ574091"
"17377","chr22",37760894,37760926,"DQ597182"
"17378","chr22",37761281,37761317,"DQ584932"
"17379","chr22",37761390,37761439,"DQ589322"
"17380","chr22",37761452,37761479,"DQ601805"
"17381","chr22",37761715,37761755,"DQ597697"
"17382","chr22",37761800,37761854,"DQ576223"
"17383","chr22",37762154,37762183,"DQ576602"
"17384","chr22",37762388,37762419,"DQ588809"
"17385","chr22",37762488,37762529,"DQ576178"
"17386","chr22",37762758,37762788,"DQ577109"
"17387","chr22",37763032,37763060,"DQ601762"
"17388","chr22",37763101,37763154,"DQ574393"
"17389","chr22",37763330,37763375,"DQ594725"
"17390","chr22",37763546,37763576,"DQ579677"
"17391","chr22",37763676,37763723,"DQ594390"
"17392","chr22",37763936,37764007,"DQ593994"
"17393","chr22",37764000,37823505,"ELFN2"
"17394","chr22",37865101,37882478,"MFNG"
"17395","chr22",37875383,37915378,"CARD10"
"17396","chr22",37956470,37965411,"CDC42EP1"
"17397","chr22",37966253,37976024,"LGALS2"
"17398","chr22",38004480,38029572,"GGA1"
"17399","chr22",38030660,38062940,"SH3BP1"
"17400","chr22",38037839,38054384,"AK097791"
"17401","chr22",38071612,38075810,"LGALS1"
"17402","chr22",38075646,38075666,"DM074112"
"17403","chr22",38082343,38089486,"NOL12"
"17404","chr22",38092994,38172564,"TRIOBP"
"17405","chr22",38201113,38203444,"H1F0"
"17406","chr22",38203911,38213184,"GCAT"
"17407","chr22",38219388,38221503,"GALR3"
"17408","chr22",38226862,38240353,"ANKRD54"
"17409","chr22",38240279,38240378,"MIR658"
"17410","chr22",38243685,38243781,"MIR659"
"17411","chr22",38245378,38284790,"EIF3L"
"17412","chr22",38302154,38338466,"MICALL1"
"17413","chr22",38339057,38349676,"C22orf23"
"17414","chr22",38349673,38384224,"POLR2F"
"17415","chr22",38368319,38383429,"SOX10"
"17416","chr22",38381941,38384340,"AK098727"
"17417","chr22",38384800,38384861,"MIR4534"
"17418","chr22",38453261,38471709,"PICK1"
"17419","chr22",38474144,38479170,"SLC16A8"
"17420","chr22",38480896,38506676,"BAIAP2L2"
"17421","chr22",38507502,38577836,"PLA2G6"
"17422","chr22",38597938,38612518,"MAFF"
"17423","chr22",38615652,38616227,"BC127823"
"17424","chr22",38615298,38620110,"DKFZp686N1150"
"17425","chr22",38621431,38669040,"TMEM184B"
"17427","chr22",38698866,38794931,"LOC400927"
"17428","chr22",38822333,38851203,"KCNJ4"
"17429","chr22",38864082,38879446,"KDELR3"
"17430","chr22",38879443,38903665,"DDX17"
"17431","chr22",38914954,38966189,"DMC1"
"17432","chr22",38974125,39052634,"LOC646851"
"17433","chr22",39052657,39069856,"CBY1"
"17434","chr22",39066473,39077825,"BC036921"
"17435","chr22",39077953,39080767,"TOMM22"
"17436","chr22",39081548,39096459,"JOSD1"
"17437","chr22",39101806,39129593,"GTPBP1"
"17438","chr22",39130719,39190161,"SUN2"
"17439","chr22",39214456,39240017,"NPTXR"
"17440","chr22",39260248,39268258,"CBX6"
"17441","chr22",39353526,39388784,"APOBEC3A"
"17442","chr22",39410264,39414826,"APOBEC3C"
"17443","chr22",39417117,39429257,"APOBEC3D"
"17444","chr22",39436672,39451976,"APOBEC3F"
"17445","chr22",39473009,39483749,"APOBEC3G"
"17446","chr22",39493228,39500073,"APOBEC3H"
"17447","chr22",39526779,39548538,"CBX7"
"17448","chr22",39619685,39640957,"PDGFB"
"17449","chr22",39715057,39715118,"SNORD43"
"17450","chr22",39708887,39716391,"RPL3"
"17451","chr22",39745953,39781594,"SYNGR1"
"17452","chr22",39795758,39833133,"TAB1"
"17453","chr22",39828164,39833134,"LOC100506472"
"17454","chr22",39853324,39888200,"MGAT3"
"17455","chr22",39896104,39914138,"SMCR7L"
"17456","chr22",39916568,39918692,"ATF4"
"17457","chr22",39917590,39917620,"DQ589665"
"17458","chr22",39918126,39918158,"DQ601415"
"17459","chr22",39925098,39928860,"RPS19BP1"
"17462","chr22",40297085,40367385,"GRAP2"
"17463","chr22",40390952,40426044,"FAM83F"
"17464","chr22",40428335,40432582,"LOC100130899"
"17466","chr22",40742503,40762576,"ADSL"
"17467","chr22",40766594,40806294,"SGSM3"
"17469","chr22",41075181,41078819,"MCHR1"
"17470","chr22",41077560,41077932,"HV452684"
"17471","chr22",41209887,41209962,"MIR4766"
"17472","chr22",41165639,41215392,"SLC25A17"
"17473","chr22",41220601,41252687,"ST13"
"17475","chr22",41255554,41258130,"DNAJB7"
"17476","chr22",41347350,41369020,"RBX1"
"17477","chr22",41488516,41488571,"MIR1281"
"17478","chr22",41488613,41576082,"EP300"
"17479","chr22",41581219,41593505,"BC040700"
"17480","chr22",41601312,41627276,"L3MBTL2"
"17481","chr22",41605126,41613360,"AK057177"
"17482","chr22",41625514,41636935,"CHADL"
"17483","chr22",41641615,41682216,"RANGAP1"
"17484","chr22",41697566,41756152,"ZC3H7B"
"17485","chr22",41763391,41795331,"TEF"
"17486","chr22",41829492,41843027,"TOB2"
"17487","chr22",41855721,41864708,"PHF5A"
"17488","chr22",41865128,41924994,"ACO2"
"17489","chr22",41921803,41940479,"POLR3H"
"17490","chr22",41957013,41972671,"CSDC2"
"17491","chr22",41972890,41985871,"PMM1"
"17492","chr22",41994032,42017061,"PPPDE2"
"17493","chr22",42017294,42060053,"XRCC6"
"17494","chr22",42069937,42084913,"NHP2L1"
"17495","chr22",42086546,42094141,"C22orf46"
"17496","chr22",42090412,42094140,"FLJ23584"
"17497","chr22",42095517,42195460,"MEI1"
"17499","chr22",42196677,42222304,"CCDC134"
"17500","chr22",42222470,42222501,"DQ596940"
"17501","chr22",42229105,42302376,"SREBF2"
"17502","chr22",42296947,42297017,"MIR33A"
"17503","chr22",42305558,42310671,"SHISA8"
"17504","chr22",42321036,42322821,"TNFRSF13C"
"17505","chr22",42334741,42343148,"CENPM"
"17506","chr22",42348190,42354947,"BK250D10.8"
"17507","chr22",42372930,42394226,"SEPT3"
"17508","chr22",42394728,42454461,"WBP2NL"
"17509","chr22",42454338,42466846,"NAGA"
"17510","chr22",42470254,42475443,"FAM109B"
"17511","chr22",42475694,42480289,"C22orf32"
"17512","chr22",42481530,42486888,"NDUFA6"
"17513","chr22",42486936,42532703,"LOC100132273"
"17514","chr22",42522501,42526883,"CYP2D6"
"17515","chr22",42536214,42540575,"CYP2D7P1"
"17516","chr22",42556019,42611445,"TCF20"
"17517","chr22",42665758,42670869,"LOC388906"
"17518","chr22",42760535,42765180,"BC038245"
"17519","chr22",42776414,42828401,"NFAM1"
"17520","chr22",42896584,42908567,"SERHL"
"17521","chr22",42904341,42915829,"RRP7A"
"17522","chr22",42949924,42970389,"SERHL2"
"17523","chr22",42951229,42978017,"RRP7B"
"17524","chr22",42979727,43010962,"POLDIP3"
"17525","chr22",43011250,43011400,"RNU12"
"17526","chr22",43019891,43019952,"DL490307"
"17527","chr22",43035809,43036607,"ATP5L2"
"17528","chr22",43013846,43045405,"CYB5R3"
"17529","chr22",43088127,43117286,"A4GALT"
"17530","chr22",43192532,43253408,"ARFGAP3"
"17532","chr22",43435523,43485434,"TTLL1"
"17533","chr22",43506753,43525719,"BIK"
"17534","chr22",43528212,43539403,"MCAT"
"17535","chr22",43547534,43559249,"TSPO"
"17536","chr22",43562628,43583137,"TTLL12"
"17537","chr22",43593289,43595059,"AK056490"
"17538","chr22",43671960,43679833,"BC036874"
"17540","chr22",43808019,43902801,"MPPED1"
"17542","chr22",44220387,44222913,"AX747137"
"17543","chr22",44275558,44287893,"PNPLA5"
"17544","chr22",44319618,44360434,"PNPLA3"
"17545","chr22",44351260,44392413,"SAMM50"
"17546","chr22",44383785,44385885,"AX747952"
"17548","chr22",44568835,44603036,"PARVG"
"17549","chr22",44639557,44708731,"KIAA1644"
"17550","chr22",44888450,44894005,"LDOC1L"
"17551","chr22",44965219,44968330,"LINC00207"
"17552","chr22",45002208,45021299,"LINC00229"
"17553","chr22",45064426,45133562,"PRR5"
"17557","chr22",45529639,45559662,"LOC100506714"
"17558","chr22",45559725,45583891,"NUP50"
"17559","chr22",45596835,45596900,"MIR1249"
"17560","chr22",45588123,45636650,"KIAA0930"
"17561","chr22",45680867,45691756,"UPK3A"
"17562","chr22",45705080,45737837,"FAM118A"
"17563","chr22",45724002,45724277,"DQ586951"
"17564","chr22",45739945,45809500,"SMC1B"
"17565","chr22",45809573,45828296,"RIBC2"
"17566","chr22",45898718,45997015,"FBLN1"
"17567","chr22",45992868,45998698,"AK095988"
"17568","chr22",46000312,46001501,"BC045163"
"17570","chr22",46156403,46156479,"MIR4762"
"17571","chr22",46316248,46373008,"WNT7B"
"17572","chr22",46402495,46406658,"LOC730668"
"17573","chr22",46435787,46440748,"LOC100271722"
"17574","chr22",46449725,46454403,"LOC150381"
"17575","chr22",46446339,46450024,"C22orf26"
"17576","chr22",46451620,46454040,"LOC554174"
"17577","chr22",46481876,46509809,"MIRLET7BHG"
"17578","chr22",46486923,46487007,"MIR3619"
"17579","chr22",46508628,46508703,"MIRLET7A3"
"17580","chr22",46509445,46509538,"MIR4763"
"17581","chr22",46509565,46509649,"MIRLET7B"
"17582","chr22",46546498,46639654,"PPARA"
"17583","chr22",46639910,46646193,"C22orf40"
"17584","chr22",46651560,46659219,"PKDREJ"
"17585","chr22",46663860,46689906,"TTC38"
"17586","chr22",46691040,46692557,"CN5H6.4"
"17587","chr22",46692637,46726708,"GTSE1"
"17588","chr22",46726771,46729596,"BC069212"
"17589","chr22",46731297,46753238,"TRMU"
"17591","chr22",47022647,47075689,"GRAMD4"
"17592","chr22",47080307,47134152,"CERK"
"17594","chr22",47309988,47311916,"FLJ32756"
"17595","chr22",47741320,47769292,"LOC339685"
"17596","chr22",47857048,47882860,"BC037972"
"17597","chr22",48016792,48027318,"FLJ46257"
"17598","chr22",48027451,48038546,"BC039485"
"17599","chr22",48670175,48670228,"MIR3201"
"17601","chr22",48934712,48943199,"LOC284933"
"17602","chr22",49176106,49176166,"MIR4535"
"17603","chr22",49262581,49294199,"LOC100128946"
"17605","chr22",50171538,50173958,"LOC90834"
"17606","chr22",50166937,50221196,"BRD1"
"17607","chr22",50247496,50283727,"ZBED4"
"17608","chr22",50296854,50312106,"ALG12"
"17609","chr22",50312282,50321187,"CRELD2"
"17610","chr22",50354142,50357721,"PIM3"
"17611","chr22",50432942,50451055,"IL17REL"
"17612","chr22",50497820,50524358,"MLC1"
"17613","chr22",50528434,50600117,"MOV10L1"
"17614","chr22",50609159,50618725,"PANX2"
"17615","chr22",50624358,50638028,"TRABD"
"17616","chr22",50639407,50656046,"SELO"
"17617","chr22",50656118,50683400,"TUBGCP6"
"17618","chr22",50683613,50689834,"HDAC10"
"17619","chr22",50688492,50700089,"MAPK12"
"17620","chr22",50702142,50709340,"MAPK11"
"17621","chr22",50713408,50746001,"PLXNB2"
"17622","chr22",50750392,50765489,"FAM116B"
"17624","chr22",50862771,50862866,"AB372727"
"17625","chr22",50883431,50913464,"SBF1"
"17626","chr22",50919984,50924867,"ADM2"
"17627","chr22",50925212,50928751,"MIOX"
"17628","chr22",50941376,50946135,"LMF2"
"17629","chr22",50946644,50963210,"NCAPH2"
"17630","chr22",50961997,50964905,"SCO2"
"17631","chr22",50964182,50968514,"TYMP"
"17632","chr22",50968838,50971008,"ODF3B"
"17633","chr22",50986461,50989453,"KLHDC7B"
"17634","chr22",50989541,51001328,"SYCE3"
"17635","chr22",51009427,51010883,"BC048192"
"17636","chr22",51007290,51017096,"CPT1B"
"17637","chr22",51017387,51021428,"CHKB"
"17638","chr22",51021454,51022356,"LOC100144603"
"17639","chr22",51039130,51049980,"MAPK8IP2"
"17640","chr22",51061182,51066601,"ARSA"
"17641","chr22",51113069,51171642,"SHANK3"
"17642","chr22",51174257,51176567,"BC050343"
"17643","chr22",51176651,51183728,"ACR"
"17644","chr22",51195513,51238066,"RPL23AP82"
"17645","chr22",51205920,51222087,"RABL2B"
"17647","chr3",405056,427478,"BC065754"
"17651","chr3",3108008,3152058,"IL5RA"
"17652","chr3",3168599,3192529,"TRNT1"
"17653","chr3",3191317,3221401,"CRBN"
"17654","chr3",3841120,3889388,"LRRN1"
"17655","chr3",3842005,3842676,"BC141932"
"17656","chr3",4344987,4358950,"SETMAR"
"17659","chr3",4792016,4792370,"EGOT"
"17660","chr3",4938493,5021646,"LOC100507582"
"17661","chr3",5021096,5026866,"BHLHE40"
"17662","chr3",5163929,5222602,"ARL8B"
"17663","chr3",5229330,5261651,"EDEM1"
"17664","chr3",5291862,5291940,"MIR4790"
"17667","chr3",7994492,8057994,"AK124857"
"17669","chr3",8543510,8609807,"LMCD1"
"17670","chr3",8613467,8616355,"LINC00312"
"17671","chr3",8661269,8663430,"AX747864"
"17673","chr3",8775485,8788452,"CAV3"
"17674","chr3",8792095,8811300,"OXTR"
"17675","chr3",8918880,9005159,"RAD18"
"17677","chr3",9234218,9236138,"BC041457"
"17678","chr3",9404716,9428476,"THUMPD3"
"17679","chr3",9391373,9439174,"LOC440944"
"17680","chr3",9439402,9519839,"SETD5"
"17681","chr3",9540045,9595486,"LHFPL4"
"17682","chr3",9691116,9744079,"MTMR14"
"17683","chr3",9745509,9771593,"CPNE9"
"17684","chr3",9773433,9789700,"BRPF1"
"17685","chr3",9791627,9808354,"OGG1"
"17686","chr3",9799029,9811668,"CAMK1"
"17687","chr3",9802397,9805088,"AX748417"
"17688","chr3",9821654,9834695,"TADA3"
"17689","chr3",9834178,9848790,"ARPC4"
"17690","chr3",9851643,9869828,"TTLL3"
"17691","chr3",9854931,9896823,"ARPC4-TTLL3"
"17692","chr3",9879533,9885702,"RPUSD3"
"17694","chr3",9932270,9936032,"JAGN1"
"17695","chr3",9944295,9958085,"IL17RE"
"17696","chr3",9958757,9975315,"IL17RC"
"17697","chr3",9975523,9987098,"CRELD1"
"17698","chr3",9987226,9994078,"PRRT3"
"17699","chr3",10005636,10028522,"TMEM111"
"17700","chr3",10028594,10046929,"AK125558"
"17701","chr3",10048102,10052779,"LOC401052"
"17702","chr3",10059175,10061778,"FW339974"
"17703","chr3",10068112,10143615,"FANCD2"
"17704","chr3",10123004,10149915,"C3orf24"
"17705","chr3",10157332,10168875,"BRK1"
"17706","chr3",10183318,10195355,"VHL"
"17707","chr3",10206562,10285428,"IRAK2"
"17708","chr3",10290176,10327538,"TATDN2"
"17709","chr3",10322636,10335134,"GHRLOS"
"17710","chr3",10326102,10327431,"GHRLOS2"
"17711","chr3",10327434,10334631,"GHRL"
"17712","chr3",10342615,10362858,"SEC13"
"17714","chr3",10436173,10436246,"MIR885"
"17715","chr3",10801169,10805877,"LOC285370"
"17717","chr3",11034419,11080936,"SLC6A1"
"17720","chr3",11577722,11580152,"AX748267"
"17722","chr3",11831919,11888352,"TAMM41"
"17725","chr3",12194568,12200851,"TIMP4"
"17727","chr3",12525930,12581123,"TSEN2"
"17728","chr3",12581280,12586963,"LOC100129480"
"17729","chr3",12598593,12625211,"MKRN2"
"17730","chr3",12625100,12705700,"RAF1"
"17731","chr3",12775392,12810956,"TMEM40"
"17732","chr3",12838170,12876314,"CAND2"
"17733","chr3",12876444,12883081,"RPL32"
"17734","chr3",12898773,12898808,"DQ577646"
"17735","chr3",12900685,12900711,"DQ579436"
"17736","chr3",12902155,12902187,"DQ575652"
"17737","chr3",12903755,12903783,"DQ574002"
"17738","chr3",12903853,12903884,"DQ575653"
"17739","chr3",12904351,12904396,"DQ587889"
"17740","chr3",12904923,12904952,"DQ587809"
"17741","chr3",12915580,12915608,"DQ581328"
"17744","chr3",13521223,13547925,"HDAC11"
"17746","chr3",13652923,13653535,"BC152379"
"17747","chr3",13652924,13653534,"BC152380"
"17748","chr3",13692220,13788133,"LOC285375"
"17749","chr3",13860082,13921618,"WNT7A"
"17750","chr3",13974552,13978445,"LOC100132526"
"17752","chr3",14153577,14166371,"CHCHD4"
"17753","chr3",14166439,14185181,"TMEM43"
"17754","chr3",14186648,14220172,"XPC"
"17755","chr3",14220227,14239870,"LSM3"
"17756","chr3",14240059,14241817,"AX747368"
"17757","chr3",14444105,14530858,"SLC6A6"
"17758","chr3",14530619,14583588,"GRIP2"
"17759","chr3",14693252,14714167,"C3orf19"
"17760","chr3",14716605,14814544,"C3orf20"
"17762","chr3",14986198,14988955,"BC063441"
"17764","chr3",15090019,15106816,"MRPS25"
"17765","chr3",15111580,15140655,"ZFYVE20"
"17766","chr3",15206869,15247466,"COL6A4P1"
"17767","chr3",15247732,15294424,"CAPN7"
"17768","chr3",15295690,15306000,"AL133111"
"17769","chr3",15296357,15382901,"SH3BP5"
"17770","chr3",15451377,15469042,"METTL6"
"17771","chr3",15469063,15484121,"EAF1"
"17772","chr3",15537746,15537815,"MIR4270"
"17773","chr3",15491640,15563258,"COLQ"
"17775","chr3",15643139,15687326,"BTD"
"17777","chr3",15781726,15803698,"BC041363"
"17778","chr3",15915277,15915357,"MIR563"
"17779","chr3",15920385,15920415,"DQ592427"
"17780","chr3",15920976,15921007,"DQ582763"
"17782","chr3",16298568,16306496,"DPH3"
"17783","chr3",16306666,16378869,"OXNAD1"
"17785","chr3",16577826,16582881,"BC034913"
"17786","chr3",16628301,16647006,"DAZL"
"17788","chr3",16974687,16974753,"MIR3714"
"17791","chr3",18389133,18480265,"SATB1"
"17793","chr3",19356340,19356423,"MIR4791"
"17794","chr3",19920966,19988501,"EFHB"
"17795","chr3",19988571,20026668,"RAB5A"
"17796","chr3",20021453,20053765,"PP2D1"
"17798","chr3",20202085,20227724,"SGOL1"
"17799","chr3",21447217,21448178,"VENTXP7"
"17803","chr3",23847383,23933132,"UBE2E1"
"17804","chr3",23958294,23965188,"RPL15"
"17805","chr3",23933572,23988053,"NKIRAS1"
"17806","chr3",23986750,24022110,"NR1D2"
"17807","chr3",24141465,24144738,"LOC152024"
"17809","chr3",24562853,24562926,"MIR4792"
"17811","chr3",25424599,25426409,"AK131021"
"17812","chr3",25468019,25469915,"LOC100130354"
"17813","chr3",25639475,25706430,"TOP2B"
"17814","chr3",25760435,25831530,"NGLY1"
"17815","chr3",25831562,25836026,"OXSM"
"17816","chr3",25900023,25915186,"LOC285326"
"17817","chr3",26664299,26752266,"LRRC3B"
"17820","chr3",27757886,27764206,"EOMES"
"17821","chr3",27763406,27764204,"AK297461"
"17822","chr3",27872379,27875627,"BC037254"
"17823","chr3",28283123,28361264,"CMC1"
"17824","chr3",28363845,28390618,"AZI2"
"17826","chr3",28615346,28616760,"AX746710"
"17829","chr3",30647993,30735634,"TGFBR2"
"17833","chr3",32023265,32033229,"ZNF860"
"17834","chr3",32148002,32210208,"GPD1L"
"17836","chr3",32433162,32496334,"CMTM7"
"17837","chr3",32522804,32544403,"CMTM6"
"17838","chr3",32567463,32612366,"DYNC1LI1"
"17839","chr3",32726697,32815355,"CNOT10"
"17840","chr3",32859509,32933772,"TRIM71"
"17841","chr3",32993065,32996404,"CCR4"
"17842","chr3",33131908,33135687,"TMPPE"
"17844","chr3",33155449,33189266,"CRTAP"
"17845","chr3",33191537,33260707,"SUSD5"
"17847","chr3",33429829,33481897,"UBP1"
"17849","chr3",33840065,33911196,"PDCD6IP"
"17851","chr3",35785967,35786052,"MIR128-2"
"17853","chr3",36753913,36781352,"DCLK3"
"17855","chr3",37027357,37034795,"EPM2AIP1"
"17856","chr3",37034840,37107381,"MLH1"
"17859","chr3",37427799,37476989,"C3orf35"
"17861","chr3",37847334,37903250,"BC040563"
"17863","chr3",38010894,38010972,"MIR26A1"
"17864","chr3",38010904,38010924,"DM119520"
"17865","chr3",38029529,38048677,"VILL"
"17866","chr3",38048987,38071154,"PLCD1"
"17867","chr3",38080695,38164229,"DLEC1"
"17868","chr3",38164201,38178733,"ACAA1"
"17869","chr3",38179968,38184513,"MYD88"
"17870","chr3",38207025,38296980,"OXSR1"
"17871","chr3",38307297,38319807,"SLC22A13"
"17872","chr3",38323788,38359860,"SLC22A14"
"17873","chr3",38388250,38456468,"XYLB"
"17874","chr3",38495789,38534634,"ACVR2B"
"17875","chr3",38492518,38496311,"LOC100128640"
"17876","chr3",38537762,38567797,"EXOG"
"17878","chr3",38738837,38835501,"SCN10A"
"17880","chr3",39093506,39138156,"WDR48"
"17881","chr3",39138091,39149130,"GORASP1"
"17882","chr3",39149151,39180395,"TTC21A"
"17883","chr3",39183342,39196053,"CSRNP1"
"17884","chr3",39224706,39234085,"XIRP1"
"17885","chr3",39304985,39323226,"CX3CR1"
"17886","chr3",39371196,39375172,"CCR8"
"17887","chr3",39424814,39438820,"SLC25A38"
"17888","chr3",39449881,39450031,"SNORA6"
"17889","chr3",39509069,39567858,"MOBP"
"17891","chr3",40351172,40353916,"EIF1B"
"17893","chr3",40428672,40470111,"ENTPD3"
"17894","chr3",40487071,40487905,"BC035465"
"17895","chr3",40432442,40494799,"ENTPD3-AS1"
"17896","chr3",40498800,40503860,"RPL14"
"17897","chr3",40518603,40531729,"ZNF619"
"17898","chr3",40547529,40559200,"ZNF620"
"17899","chr3",40566375,40581044,"ZNF621"
"17900","chr3",41236400,41281940,"CTNNB1"
"17901","chr3",41262338,41266542,"AK311005"
"17902","chr3",41274899,41278940,"AK095242"
"17904","chr3",41988103,41988124,"JA660634"
"17906","chr3",42299318,42307662,"CCK"
"17907","chr3",42438575,42452065,"LYZL4"
"17908","chr3",42530790,42579066,"VIPR1"
"17909","chr3",42589459,42642572,"SEC22C"
"17910","chr3",42632297,42636491,"SS18L2"
"17911","chr3",42642146,42690234,"NKTR"
"17912","chr3",42695175,42709073,"ZBTB47"
"17913","chr3",42727010,42733939,"KBTBD5"
"17914","chr3",42734155,42744319,"HHATL"
"17915","chr3",42749874,42814745,"CCDC13"
"17916","chr3",42824400,42846027,"HIGD1A"
"17917","chr3",42846245,42941827,"CCBP2"
"17918","chr3",42913684,42917633,"CYP8B1"
"17919","chr3",42947401,42960826,"ZNF662"
"17920","chr3",42977833,42984284,"KRBOX1"
"17921","chr3",43020758,43101704,"FAM198A"
"17922","chr3",43120729,43147565,"C3orf39"
"17923","chr3",43328003,43392635,"SNRK"
"17925","chr3",43732374,43764218,"ABHD5"
"17926","chr3",44155703,44155803,"MIR138-1"
"17927","chr3",44159797,44163858,"DQ592230"
"17928","chr3",44283377,44373591,"C3orf77"
"17929","chr3",44379610,44450941,"C3orf23"
"17930","chr3",44481262,44561226,"ZNF445"
"17931","chr3",44540462,44552128,"ZNF852"
"17932","chr3",44596712,44624974,"ZNF167"
"17933","chr3",44626455,44637558,"ZNF660"
"17934","chr3",44666510,44689964,"ZNF197"
"17935","chr3",44690232,44702284,"ZNF35"
"17936","chr3",44754134,44765324,"ZNF502"
"17937","chr3",44771123,44778576,"ZNF501"
"17938","chr3",44790236,44803173,"KIAA1143"
"17939","chr3",44803208,44894749,"KIF15"
"17940","chr3",44903379,44903474,"MIR564"
"17941","chr3",44903407,44907155,"TMEM42"
"17942","chr3",44916097,44956089,"TGM4"
"17943","chr3",44958901,44960339,"BC101287"
"17944","chr3",44956753,45017674,"ZDHHC3"
"17945","chr3",45016749,45054159,"EXOSC7"
"17946","chr3",45067758,45077564,"CLEC3B"
"17947","chr3",45123769,45187914,"CDCP1"
"17948","chr3",45265956,45267814,"TMEM158"
"17950","chr3",45636322,45722756,"LIMD1"
"17951","chr3",45719657,45730374,"LOC644714"
"17952","chr3",45730753,45786901,"SACM1L"
"17953","chr3",45796941,45838035,"SLC6A20"
"17954","chr3",45865446,45957534,"LZTFL1"
"17955","chr3",45927995,45944668,"CCR9"
"17956","chr3",45984972,45989846,"CXCR6"
"17957","chr3",45959395,46037307,"FYCO1"
"17958","chr3",46058516,46062157,"AX747832"
"17959","chr3",46062291,46068979,"XCR1"
"17961","chr3",46243200,46249832,"CCR1"
"17962","chr3",46395234,46402414,"CCR2"
"17963","chr3",46411632,46417698,"CCR5"
"17964","chr3",46448720,46451015,"CCRL2"
"17965","chr3",46477496,46526724,"LTF"
"17966","chr3",46539484,46542440,"RTP3"
"17967","chr3",46556878,46621572,"LRRC2"
"17968","chr3",46616044,46623953,"TDGF1"
"17969","chr3",46653924,46668034,"LOC100132146"
"17970","chr3",46710485,46735194,"ALS2CL"
"17971","chr3",46742822,46752414,"TMIE"
"17973","chr3",46761073,46777921,"PRSS46"
"17974","chr3",46783581,46786280,"PRSS45"
"17975","chr3",46871894,46875585,"PRSS42"
"17976","chr3",46899357,46904973,"MYL3"
"17977","chr3",46919235,46945290,"PTH1R"
"17978","chr3",46963220,47018270,"CCDC12"
"17979","chr3",47021172,47051195,"NBEAL2"
"17980","chr3",47053031,47054958,"NRADDP"
"17982","chr3",47205859,47285607,"FLJ39534"
"17983","chr3",47324329,47388307,"KLHL18"
"17984","chr3",47269516,47324337,"KIF9"
"17985","chr3",47422490,47454932,"PTPN23"
"17986","chr3",47455557,47457108,"BC067356"
"17987","chr3",47455184,47517445,"SCAP"
"17988","chr3",47537130,47555199,"C3orf75"
"17989","chr3",47603728,47606850,"AK094639"
"17991","chr3",47844398,47891687,"DHX30"
"17992","chr3",47891044,47891120,"MIR1226"
"17994","chr3",48198668,48229801,"CDC25A"
"17995","chr3",48238053,48238107,"MIR4443"
"17996","chr3",48264836,48266982,"CAMP"
"17997","chr3",48282595,48329116,"ZNF589"
"17998","chr3",48335589,48342886,"NME6"
"17999","chr3",48348336,48369831,"SPINK8"
"18000","chr3",48413708,48436191,"FBXW12"
"18001","chr3",48445261,48471460,"PLXNB1"
"18002","chr3",48473580,48481529,"CCDC51"
"18003","chr3",48481685,48485538,"CCDC72"
"18004","chr3",48488140,48507709,"ATRIP"
"18005","chr3",48501185,48509045,"TREX1"
"18006","chr3",48509197,48542228,"SHISA5"
"18007","chr3",48555117,48598562,"PFKFB4"
"18008","chr3",48599151,48601201,"UCN2"
"18009","chr3",48616335,48616410,"MIR711"
"18010","chr3",48601506,48632593,"COL7A1"
"18011","chr3",48636432,48647098,"UQCRC1"
"18012","chr3",48658275,48659189,"TMEM89"
"18013","chr3",48663156,48672926,"SLC26A6"
"18014","chr3",48662831,48709981,"CELSR3"
"18015","chr3",48681627,48681713,"MIR4793"
"18016","chr3",48711278,48723334,"NCKIPSD"
"18017","chr3",48725436,48754920,"IP6K2"
"18019","chr3",48885389,48889415,"AK127190"
"18020","chr3",48894356,48936426,"SLC25A20"
"18021","chr3",48956280,49022972,"ARIH2"
"18022","chr3",48955221,48956818,"C3orf71"
"18023","chr3",49027340,49044582,"P4HTM"
"18024","chr3",49044636,49053387,"WDR6"
"18025","chr3",49052435,49058467,"DALRD3"
"18026","chr3",49057581,49057667,"MIR425"
"18027","chr3",49057907,49060927,"NDUFAF3"
"18028","chr3",49058051,49058142,"MIR191"
"18029","chr3",49061762,49066875,"IMPDH2"
"18030","chr3",49066132,49067139,"BC009321"
"18031","chr3",49067142,49131504,"QRICH1"
"18032","chr3",49133365,49142171,"QARS"
"18033","chr3",49145479,49158371,"USP19"
"18034","chr3",49158547,49170599,"LAMB2"
"18035","chr3",49190292,49191834,"LAMB2P1"
"18036","chr3",49199968,49203785,"CCDC71"
"18037","chr3",49209017,49213920,"KLHDC8B"
"18038","chr3",49215069,49229291,"LOC646498"
"18039","chr3",49235860,49295538,"CCDC36"
"18040","chr3",49311552,49311620,"MIR4271"
"18041","chr3",49306030,49314508,"C3orf62"
"18042","chr3",49314577,49377536,"USP4"
"18043","chr3",49394609,49395791,"GPX1"
"18044","chr3",49396579,49449526,"RHOA"
"18045","chr3",49449638,49453910,"TCTA"
"18046","chr3",49454211,49460111,"AMT"
"18047","chr3",49460379,49460969,"NPCEDRG"
"18048","chr3",49459766,49466757,"NICN1"
"18049","chr3",49506135,49573052,"DAG1"
"18050","chr3",49586739,49591799,"BSN-AS2"
"18052","chr3",49711434,49720935,"APEH"
"18053","chr3",49721380,49726196,"MST1"
"18054","chr3",49726989,49758963,"RNF123"
"18055","chr3",49754267,49757238,"AMIGO3"
"18056","chr3",49758932,49761384,"GMPPB"
"18057","chr3",49761728,49823973,"IP6K1"
"18058","chr3",49828167,49837254,"CDHR4"
"18059","chr3",49840686,49842464,"FAM212A"
"18060","chr3",49842638,49851391,"UBA7"
"18061","chr3",49866028,49893992,"TRAIP"
"18062","chr3",49895422,49907369,"CAMKV"
"18063","chr3",49924436,49941306,"MST1R"
"18064","chr3",49946302,49967445,"MON1A"
"18066","chr3",50126340,50156398,"RBM5"
"18067","chr3",50137036,50138421,"LUST"
"18068","chr3",50192847,50226509,"SEMA3F"
"18069","chr3",50153455,50193518,"AK125500"
"18070","chr3",50229042,50235130,"GNAT1"
"18071","chr3",50242691,50258407,"SLC38A3"
"18072","chr3",50263723,50296787,"GNAI2"
"18073","chr3",50297734,50300790,"BC033528"
"18074","chr3",50305039,50314573,"SEMA3B"
"18075","chr3",50316517,50325546,"C3orf45"
"18076","chr3",50325163,50330349,"IFRD2"
"18077","chr3",50330259,50336899,"HYAL3"
"18078","chr3",50333829,50336825,"NAT6"
"18079","chr3",50337320,50349812,"HYAL1"
"18080","chr3",50355221,50360281,"HYAL2"
"18081","chr3",50362341,50365668,"TUSC2"
"18082","chr3",50367217,50378367,"RASSF1"
"18083","chr3",50378537,50383156,"ZMYND10"
"18084","chr3",50388296,50391497,"CYB561D2"
"18085","chr3",50384919,50388486,"NPRL2"
"18086","chr3",50392180,50396939,"TMEM115"
"18088","chr3",50595456,50608458,"C3orf18"
"18089","chr3",50606582,50622422,"HEMK1"
"18090","chr3",50643885,50649262,"CISH"
"18091","chr3",50649292,50686729,"MAPKAPK3"
"18092","chr3",50712510,50712595,"MIR4787"
"18094","chr3",51422691,51426829,"MANF"
"18095","chr3",51428698,51435337,"RBM15B"
"18098","chr3",51705221,51738340,"TEX264"
"18099","chr3",51741080,51752626,"GRM2"
"18100","chr3",51812577,51813203,"IQCF6"
"18101","chr3",51851618,51853652,"IQCF4"
"18102","chr3",51860889,51864875,"IQCF3"
"18103","chr3",51895644,51897441,"IQCF2"
"18104","chr3",51907737,51909600,"IQCF5"
"18105","chr3",51840728,51937386,"IQCF1"
"18106","chr3",51967446,51975922,"RRP9"
"18107","chr3",51976360,51982884,"PARP3"
"18108","chr3",51989329,51991521,"GPR62"
"18109","chr3",51991470,52001482,"PCBP4"
"18110","chr3",52002526,52017425,"ABHD14B"
"18111","chr3",52009041,52015217,"ABHD14A"
"18112","chr3",52017299,52023219,"ACY1"
"18113","chr3",52027644,52029958,"RPL29"
"18114","chr3",52082937,52090461,"DUSP7"
"18115","chr3",52096110,52099128,"C3orf74"
"18116","chr3",52109249,52188706,"POC1A"
"18117","chr3",52232098,52248344,"ALAS1"
"18118","chr3",52255096,52265247,"TLR9"
"18119","chr3",52262626,52273183,"TWF2"
"18120","chr3",52273279,52275114,"BC039681"
"18121","chr3",52279808,52284616,"PPM1M"
"18122","chr3",52288438,52312659,"WDR82"
"18123","chr3",52302294,52302377,"MIRLET7G"
"18124","chr3",52321835,52329273,"GLYCTK"
"18125","chr3",52328235,52328324,"MIR135A1"
"18126","chr3",52350334,52434514,"DNAH1"
"18127","chr3",52435025,52444009,"BAP1"
"18128","chr3",52444526,52457658,"PHF7"
"18129","chr3",52467268,52479043,"SEMA3G"
"18130","chr3",52485107,52488057,"TNNC1"
"18131","chr3",52489523,52527089,"NISCH"
"18132","chr3",52529355,52558512,"STAB1"
"18133","chr3",52558385,52569093,"NT5DC2"
"18134","chr3",52570620,52574587,"C3orf78"
"18136","chr3",52719935,52728511,"GNL3"
"18137","chr3",52723255,52723332,"SNORD19"
"18138","chr3",52724753,52724847,"SNORD19B"
"18139","chr3",52726751,52726829,"SNORD69"
"18140","chr3",52728504,52740048,"GLT8D1"
"18141","chr3",52739856,52742198,"SPCS1"
"18142","chr3",52744796,52804965,"NEK4"
"18143","chr3",52811601,52826085,"ITIH1"
"18144","chr3",52828783,52843026,"ITIH3"
"18145","chr3",52844728,52846754,"AX746575"
"18146","chr3",52847006,52864717,"ITIH4"
"18147","chr3",52863876,52866554,"DKFZp686G21125"
"18148","chr3",52867131,52876976,"MUSTN1"
"18150","chr3",53122501,53164470,"RFT1"
"18151","chr3",53195222,53226734,"PRKCD"
"18152","chr3",53258723,53290130,"TKT"
"18153","chr3",53317445,53381654,"DCP1A"
"18155","chr3",53850324,53880420,"CHDH"
"18156","chr3",53880576,53899828,"IL17RB"
"18157","chr3",53901094,53916229,"ACTR8"
"18158","chr3",53919226,53925989,"SELK"
"18160","chr3",54354213,54355952,"BC065373"
"18161","chr3",54666151,54673884,"ESRG"
"18162","chr3",54908632,54935282,"AK092143"
"18163","chr3",54952381,54962072,"LRTM1"
"18164","chr3",55499743,55521331,"WNT5A"
"18166","chr3",55691243,55693497,"C3orf51"
"18167","chr3",55886520,55886622,"MIR3938"
"18168","chr3",56591183,56655849,"CCDC66"
"18169","chr3",56654160,56717135,"FAM208A"
"18171","chr3",57094468,57109461,"SPATA12"
"18172","chr3",57124010,57204331,"IL17RD"
"18173","chr3",57231944,57234280,"HESX1"
"18174","chr3",57261764,57307499,"APPL1"
"18175","chr3",57302379,57326710,"ASB14"
"18177","chr3",57541980,57547769,"PDE12"
"18178","chr3",57557090,57583215,"ARF4"
"18179","chr3",57611181,57678816,"FAM116A"
"18182","chr3",58148276,58156345,"BC041347"
"18183","chr3",58178354,58200853,"DNASE1L3"
"18184","chr3",58223258,58280462,"ABHD6"
"18185","chr3",58291971,58305921,"RPP14"
"18186","chr3",58318616,58410879,"PXK"
"18187","chr3",58413357,58419579,"PDHB"
"18188","chr3",58477822,58488088,"KCTD6"
"18189","chr3",58490863,58522929,"ACOX2"
"18190","chr3",58549845,58613337,"FAM107A"
"18191","chr3",58619670,58652561,"FAM3D"
"18194","chr3",59956576,59958982,"NPCR"
"18197","chr3",62109159,62110392,"ID2B"
"18198","chr3",62247494,62304622,"LOC100506994"
"18199","chr3",62304710,62319321,"C3orf14"
"18200","chr3",62355347,62359190,"FEZF2"
"18204","chr3",63638343,63650892,"SNTN"
"18205","chr3",63805040,63834313,"C3orf49"
"18206","chr3",63819546,63849597,"THOC7"
"18208","chr3",63989697,63997918,"LOC100507062"
"18209","chr3",63996231,64009658,"PSMD6"
"18210","chr3",64064037,64073039,"LOC100287879"
"18212","chr3",64547386,64574863,"AK125532"
"18213","chr3",64573030,64575761,"BC071789"
"18217","chr3",65364375,65366559,"AK124433"
"18221","chr3",67048726,67061633,"KBTBD8"
"18222","chr3",67275887,67275952,"MIR4272"
"18224","chr3",67705120,67797535,"BC038210"
"18226","chr3",68055132,68057523,"AX747367"
"18228","chr3",69024368,69062774,"C3orf64"
"18229","chr3",69098109,69098186,"MIR3136"
"18230","chr3",69068978,69101484,"TMF1"
"18231","chr3",69103881,69129524,"UBA3"
"18232","chr3",69134089,69155240,"ARL6IP5"
"18233","chr3",69156039,69171746,"LMOD3"
"18236","chr3",70048894,70064452,"BC015590"
"18238","chr3",71338919,71355006,"BC040624"
"18239","chr3",71591121,71591240,"MIR1284"
"18240","chr3",71619436,71623608,"AK025793"
"18241","chr3",71728440,71803924,"EIF4E3"
"18242","chr3",71803200,71804329,"GPR27"
"18243","chr3",71820806,71834357,"PROK2"
"18244","chr3",72084670,72149578,"AK097190"
"18245","chr3",72200407,72223491,"LOC201617"
"18246","chr3",72423744,72495774,"RYBP"
"18247","chr3",72798428,72897598,"SHQ1"
"18248","chr3",72937384,73024523,"GXYLT2"
"18249","chr3",73046118,73115012,"PPP4R2"
"18250","chr3",73110809,73112472,"EBLN2"
"18253","chr3",75470703,75484266,"FAM86DP"
"18254","chr3",75679913,75680010,"MIR1324"
"18255","chr3",75713480,75716369,"FRG2C"
"18256","chr3",75721431,75728455,"LOC401074"
"18257","chr3",75787430,75787515,"MIR4273"
"18258","chr3",75758794,75834670,"ZNF717"
"18265","chr3",86987123,87040257,"VGLL3"
"18266","chr3",87138429,87147853,"BC050344"
"18267","chr3",87275339,87275427,"MIR4795"
"18268","chr3",87276412,87304699,"CHMP2B"
"18269","chr3",87308783,87325737,"POU1F1"
"18270","chr3",88031725,88042920,"HTR1F"
"18271","chr3",88101100,88199016,"CGGBP1"
"18272","chr3",88188261,88193815,"ZNF654"
"18273","chr3",88198892,88207116,"C3orf38"
"18276","chr3",93698982,93774523,"ARL13B"
"18277","chr3",93733215,93747454,"STX19"
"18278","chr3",93776766,93782067,"DHFRL1"
"18279","chr3",93781854,93845631,"NSUN3"
"18281","chr3",95373267,95402037,"AX747417"
"18283","chr3",97483594,97519954,"ARL6"
"18284","chr3",97540883,97594133,"AK296966"
"18285","chr3",97595818,97663810,"CRYBG3"
"18286","chr3",97660661,97691295,"MINA"
"18287","chr3",97705527,97754148,"GABRR3"
"18288","chr3",97806016,97806947,"OR5AC2"
"18289","chr3",97851541,97852484,"OR5H1"
"18290","chr3",97868229,97869163,"OR5H14"
"18291","chr3",97887543,97888486,"OR5H15"
"18292","chr3",97983128,97984107,"OR5H6"
"18293","chr3",98001731,98002677,"OR5H2"
"18294","chr3",98072697,98073664,"OR5K4"
"18295","chr3",98109509,98110476,"OR5K3"
"18296","chr3",98188420,98189373,"OR5K1"
"18297","chr3",98216524,98217476,"OR5K2"
"18298","chr3",98225321,98241910,"CLDND1"
"18299","chr3",98250877,98251961,"GPR15"
"18300","chr3",98298290,98312455,"CPOX"
"18301","chr3",98451151,98513237,"ST3GAL6"
"18306","chr3",99652068,99654108,"AF090939"
"18307","chr3",99683158,99683242,"MIR3921"
"18309","chr3",99904667,99913031,"TMEM30C"
"18310","chr3",99979685,100044095,"TBC1D23"
"18311","chr3",100053561,100074479,"NIT2"
"18312","chr3",100120036,100175171,"LNP1"
"18313","chr3",100082303,100120242,"TOMM70A"
"18314","chr3",100211462,100296286,"TMEM45A"
"18315","chr3",100328432,100414324,"GPR128"
"18316","chr3",100428133,100467812,"TFG"
"18318","chr3",100941390,101039442,"IMPG2"
"18320","chr3",101237710,101242732,"FAM172BP"
"18321","chr3",101280711,101285090,"RG9MTD1"
"18322","chr3",101293041,101313282,"PCNP"
"18323","chr3",101395273,101398058,"LOC100009676"
"18324","chr3",101368283,101395988,"ZBTB11"
"18325","chr3",101399934,101405563,"RPL24"
"18326","chr3",101431277,101432261,"LOC285359"
"18327","chr3",101443493,101486182,"CEP97"
"18328","chr3",101498028,101547076,"FAM55C"
"18329","chr3",101546833,101579870,"NFKBIZ"
"18330","chr3",101659702,101716771,"LOC152225"
"18332","chr3",102669695,102669716,"DD413615"
"18333","chr3",103646038,103730579,"BC070396"
"18334","chr3",103903476,103946105,"MIR548A3"
"18338","chr3",106959538,107045812,"LOC344595"
"18339","chr3",106967787,106970301,"AX747913"
"18340","chr3",107096187,107097482,"CCDC54"
"18341","chr3",107149776,107182760,"BC042024"
"18343","chr3",107560509,107596915,"LOC151658"
"18344","chr3",107602051,107647754,"LOC285205"
"18345","chr3",107761941,107809935,"CD47"
"18346","chr3",107879659,107941417,"IFT57"
"18347","chr3",108015392,108097127,"HHLA2"
"18349","chr3",108268718,108308491,"KIAA1524"
"18351","chr3",108474486,108476130,"RETNLB"
"18352","chr3",108541630,108573715,"TRAT1"
"18353","chr3",108626642,108672677,"GUCA1C"
"18355","chr3",108855560,108868952,"FLJ22763"
"18356","chr3",108897011,108904109,"LINC00488"
"18357","chr3",109012635,109035364,"DPPA2"
"18358","chr3",109044988,109056419,"DPPA4"
"18359","chr3",109128836,109214015,"FLJ25363"
"18360","chr3",110610987,110612323,"LOC151760"
"18361","chr3",110764163,110788806,"PVRL3-AS1"
"18364","chr3",111311747,111314182,"ZBED2"
"18366","chr3",111442569,111445741,"AX747104"
"18368","chr3",111697827,111712211,"ABHD10"
"18369","chr3",111717585,111732736,"TAGLN3"
"18370","chr3",111758464,111800117,"TMPRSS7"
"18371","chr3",111805181,111849852,"C3orf52"
"18372","chr3",111831647,111831746,"MIR567"
"18373","chr3",111839688,111852152,"GCET2"
"18375","chr3",112021324,112051599,"BC041484"
"18376","chr3",112051915,112081659,"CD200"
"18377","chr3",112182813,112218408,"BTLA"
"18378","chr3",112251357,112280485,"ATG3"
"18379","chr3",112280894,112303004,"SLC35A5"
"18380","chr3",112323409,112359977,"CCDC80"
"18381","chr3",112534556,112564797,"CD200R1L"
"18382","chr3",112641532,112693937,"CD200R1"
"18383","chr3",112709799,112720222,"GTPBP8"
"18384","chr3",112721292,112738555,"C3orf17"
"18385","chr3",112930411,113006306,"BOC"
"18387","chr3",113161565,113234034,"SPICE1"
"18388","chr3",113251217,113348423,"SIDT1"
"18389","chr3",113313722,113313790,"MIR4446"
"18390","chr3",113367233,113415493,"KIAA2018"
"18391","chr3",113435307,113465120,"NAA50"
"18392","chr3",113465865,113530906,"ATP6V1A"
"18394","chr3",113666747,113682212,"ZDHHC23"
"18395","chr3",113682984,113775460,"KIAA1407"
"18396","chr3",113775610,113807269,"QTRTD1"
"18397","chr3",113847557,113918254,"DRD3"
"18398","chr3",113933237,113955052,"AX747798"
"18399","chr3",113953480,113956425,"ZNF80"
"18400","chr3",114012153,114029136,"TIGIT"
"18401","chr3",114035322,114035416,"MIR568"
"18402","chr3",114070657,114107826,"ZBTB20-AS1"
"18404","chr3",114462292,114462372,"MIR4796"
"18405","chr3",115342150,115440335,"GAP43"
"18406","chr3",116162664,116164050,"AK311120"
"18408","chr3",116428634,116435888,"LSAMP-AS3"
"18409","chr3",116640277,116651084,"BC040587"
"18411","chr3",118663708,118667089,"BC042737"
"18413","chr3",118864996,118870303,"C3orf30"
"18414","chr3",118892424,118924001,"UPK1B"
"18415","chr3",118930587,118959752,"B4GALT4"
"18417","chr3",119149701,119182471,"TMEM39A"
"18418","chr3",119187784,119213555,"POGLUT1"
"18419","chr3",119217367,119243126,"TIMMDC1"
"18420","chr3",119243140,119278481,"CD80"
"18421","chr3",119298522,119308793,"ADPRH"
"18422","chr3",119316694,119348659,"PLA1A"
"18423","chr3",119360908,119384171,"POPDC2"
"18424","chr3",119388381,119391185,"AK095366"
"18425","chr3",119388372,119396243,"COX17"
"18426","chr3",119421868,119485950,"C3orf15"
"18427","chr3",119499330,119537333,"NR1I2"
"18429","chr3",119813741,119855631,"BC035247"
"18430","chr3",119884328,119963325,"GPR156"
"18431","chr3",120043576,120068186,"LRRC58"
"18432","chr3",120114515,120114576,"MIR198"
"18433","chr3",120113061,120169918,"FSTL1"
"18434","chr3",120315127,120321259,"NDUFB4"
"18435","chr3",120347015,120401418,"HGD"
"18436","chr3",120405528,120461384,"RABL3"
"18437","chr3",120461557,120501917,"GTF2E1"
"18438","chr3",120552287,120555204,"BC032918"
"18441","chr3",121286777,121309470,"ARGFX"
"18442","chr3",121312169,121349140,"FBXO40"
"18443","chr3",121350246,121379791,"HCLS1"
"18444","chr3",121382048,121468602,"GOLGB1"
"18445","chr3",121488610,121553926,"IQCB1"
"18446","chr3",121554033,121605374,"EAF2"
"18447","chr3",121613170,121663035,"SLC15A2"
"18448","chr3",121706170,121741127,"ILDR1"
"18449","chr3",121774208,121839989,"CD86"
"18451","chr3",122044010,122060816,"CSTA"
"18452","chr3",122078436,122102074,"CCDC58"
"18453","chr3",122103022,122128962,"FAM162A"
"18454","chr3",122130700,122134882,"WDR5B"
"18455","chr3",122140748,122233786,"KPNA1"
"18456","chr3",122246760,122283523,"PARP9"
"18457","chr3",122283184,122294050,"DTX3L"
"18458","chr3",122296448,122355537,"PARP15"
"18459","chr3",122399671,122449688,"PARP14"
"18460","chr3",122458844,122512666,"HSPBAP1"
"18461","chr3",122513900,122599987,"DIRC2"
"18462","chr3",122597948,122600320,"BC042374"
"18463","chr3",122605359,122611264,"LOC100129550"
"18465","chr3",122785855,122880954,"PDIA5"
"18466","chr3",122920773,122992983,"SEC22A"
"18468","chr3",123213363,123303924,"PTPLB"
"18469","chr3",123304402,123349667,"MYLK-AS1"
"18471","chr3",123632274,123680255,"CCDC14"
"18472","chr3",123687879,123710934,"ROPN1"
"18474","chr3",124449212,124468120,"UMPS"
"18475","chr3",124491779,124495362,"AX747081"
"18477","chr3",124624289,124653595,"MUC13"
"18478","chr3",124684554,124774802,"HEG1"
"18481","chr3",125165494,125239058,"SNX4"
"18482","chr3",125247702,125314381,"OSBPL11"
"18483","chr3",125509247,125509395,"MIR548I1"
"18484","chr3",125635443,125648868,"LOC100125556"
"18485","chr3",125648118,125655887,"ALG1L"
"18486","chr3",125688027,125702297,"ROPN1B"
"18487","chr3",125725200,125820391,"SLC41A3"
"18488","chr3",125822408,125899485,"ALDH1L1"
"18489","chr3",125899336,125929012,"BC039521"
"18490","chr3",126061478,126076236,"KLF15"
"18491","chr3",126111878,126113604,"BC033989"
"18492","chr3",126113781,126155399,"CCDC37"
"18493","chr3",126167060,126169613,"UNQ2790"
"18494","chr3",126156444,126194762,"ZXDC"
"18495","chr3",126200008,126236616,"UROC1"
"18496","chr3",126243130,126262135,"CHST13"
"18497","chr3",126268519,126277758,"C3orf22"
"18498","chr3",126290622,126327476,"TXNRD3NB"
"18499","chr3",126325895,126373967,"TXNRD3"
"18500","chr3",126380923,126390783,"NUP210P1"
"18502","chr3",126707436,126756236,"PLXNA1"
"18503","chr3",126911973,126917026,"C3orf56"
"18504","chr3",127041150,127109513,"BC015846"
"18505","chr3",127199533,127255803,"BX537548"
"18506","chr3",127291908,127309568,"TPRA1"
"18507","chr3",127317252,127341279,"MCM2"
"18508","chr3",127348038,127391653,"PODXL2"
"18509","chr3",127391780,127399770,"ABTB1"
"18511","chr3",127634317,127706515,"KBTBD12"
"18512","chr3",127771211,127790527,"SEC61A1"
"18513","chr3",127783628,127872757,"RUVBL1"
"18515","chr3",128081007,128081102,"MIR1280"
"18516","chr3",128181282,128186091,"DNAJB8"
"18517","chr3",128182436,128191161,"DNAJB8-AS1"
"18518","chr3",128198265,128212030,"GATA2"
"18519","chr3",128226677,128229430,"LOC90246"
"18520","chr3",128290843,128294929,"C3orf27"
"18521","chr3",128338813,128399918,"RPN1"
"18522","chr3",128444978,128533642,"RAB7A"
"18523","chr3",128561599,128561628,"DQ583119"
"18524","chr3",128566713,128566756,"DQ598665"
"18525","chr3",128567926,128567958,"DQ570601"
"18526","chr3",128568030,128568096,"DQ579267"
"18527","chr3",128568311,128568345,"DQ572301"
"18528","chr3",128571009,128571041,"DQ576681"
"18529","chr3",128580351,128590384,"LOC653712"
"18530","chr3",128598332,128631958,"ACAD9"
"18531","chr3",128628709,128690276,"AK125726"
"18532","chr3",128689782,128712986,"KIAA1257"
"18533","chr3",128720471,128759586,"CCDC48"
"18534","chr3",128779644,128781254,"GP9"
"18535","chr3",128806412,128840993,"RAB43"
"18536","chr3",128846259,128875763,"ISY1"
"18537","chr3",128886658,128902810,"CNBP"
"18538","chr3",128968452,128996617,"COPG"
"18539","chr3",128997683,129024136,"C3orf37"
"18540","chr3",129035113,129043413,"H1FX-AS1"
"18541","chr3",129033614,129035120,"H1FX"
"18542","chr3",129106260,129109437,"BX641154"
"18543","chr3",129116053,129116191,"SNORA7B"
"18544","chr3",129101677,129118282,"RPL32P3"
"18545","chr3",129120164,129147494,"C3orf25"
"18546","chr3",129149793,129158852,"MBD4"
"18547","chr3",129158967,129239192,"IFT122"
"18548","chr3",129247481,129254188,"RHO"
"18549","chr3",129262056,129270205,"H1FOO"
"18550","chr3",129274056,129325582,"PLXND1"
"18552","chr3",129612713,129627756,"LOC100507032"
"18553","chr3",129693113,129696780,"TRH"
"18554","chr3",129800673,129817234,"ALG1L2"
"18555","chr3",129816625,129830276,"FAM86HP"
"18556","chr3",129931662,129992650,"COL6A4P2"
"18559","chr3",130397778,130465696,"PIK3R4"
"18561","chr3",130732721,130745646,"ASTE1"
"18563","chr3",131080688,131083967,"NUDT16P1"
"18564","chr3",131043936,131100319,"LOC339874"
"18565","chr3",131100514,131107675,"NUDT16"
"18566","chr3",131181045,131221860,"MRPL3"
"18568","chr3",132036210,132087147,"ACPP"
"18570","chr3",132316093,132321383,"CCRL1"
"18572","chr3",132373289,132396945,"UBA5"
"18573","chr3",132378761,132379790,"AK310239"
"18575","chr3",132396199,132398360,"BX537742"
"18576","chr3",132399453,132441303,"NPHP3"
"18579","chr3",132965288,132975965,"BC037929"
"18580","chr3",133118789,133194057,"BFSP2"
"18581","chr3",133148130,133174620,"BC007984"
"18582","chr3",133292433,133309119,"CDV3"
"18583","chr3",133319449,133380737,"TOPBP1"
"18584","chr3",133419210,133497851,"TF"
"18585","chr3",133502876,133540337,"SRPRB"
"18586","chr3",133543080,133614691,"RAB6B"
"18587","chr3",133646990,133648656,"C3orf36"
"18588","chr3",133651540,133748920,"SLCO2A1"
"18589","chr3",133875978,133969586,"RYK"
"18590","chr3",134074190,134094259,"AMOTL2"
"18591","chr3",134156668,134156749,"MIR4788"
"18592","chr3",134204574,134293856,"CEP63"
"18593","chr3",134196546,134204865,"ANAPC13"
"18594","chr3",134318765,134370478,"KY"
"18596","chr3",134666047,134666069,"JA682634"
"18598","chr3",135867760,135914688,"MSL2"
"18599","chr3",135969166,136056738,"PCCB"
"18601","chr3",136537860,136574735,"TMEM22"
"18602","chr3",136581049,136667969,"NCK1"
"18603","chr3",136676706,136729927,"IL20RB"
"18604","chr3",136730687,136735852,"AX746877"
"18605","chr3",137483133,137485173,"SOX14"
"18606","chr3",137493369,137499720,"BC038725"
"18607","chr3",137717657,137752495,"CLDN18"
"18608","chr3",137780827,137834451,"DZIP1L"
"18609","chr3",137842560,137851229,"A4GNT"
"18610","chr3",137879830,137893791,"DBR1"
"18612","chr3",137980279,138048728,"NME9"
"18613","chr3",138066489,138124378,"MRAS"
"18614","chr3",138153414,138197257,"ESYT3"
"18615","chr3",138213187,138313129,"CEP70"
"18616","chr3",138327541,138352214,"FAIM"
"18617","chr3",138372860,138374624,"BC045790"
"18619","chr3",138654031,138662862,"AK128202"
"18620","chr3",138663066,138665982,"FOXL2"
"18621","chr3",138666075,138672831,"C3orf72"
"18622","chr3",138666453,138669671,"AK304483"
"18623","chr3",138722804,138725110,"PRR23A"
"18624","chr3",138737873,138739768,"PRR23B"
"18625","chr3",138760944,138763734,"PRR23C"
"18626","chr3",138823026,138844006,"BPESC1"
"18627","chr3",138951834,138952364,"PISRT1"
"18628","chr3",139062797,139075888,"MRPS22"
"18629","chr3",139076433,139108522,"COPB2"
"18630","chr3",139171726,139195352,"RBP2"
"18631","chr3",139236276,139258671,"RBP1"
"18634","chr3",140396865,140419993,"TRIM42"
"18635","chr3",140660661,140698786,"SLC25A36"
"18636","chr3",140770742,140867454,"SPSB4"
"18637","chr3",140950681,141013487,"ACPL2"
"18640","chr3",141457050,141465646,"RNF7"
"18641","chr3",141497042,141535893,"GRK7"
"18642","chr3",141595469,141645383,"ATP1B3"
"18643","chr3",141655549,141657389,"AX748420"
"18645","chr3",141876369,141944449,"GK5"
"18649","chr3",142443265,142526730,"TRPC1"
"18650","chr3",142536702,142608045,"PCOLCE2"
"18651","chr3",142645516,142661379,"LOC100507389"
"18652","chr3",142668006,142681399,"AK093381"
"18653","chr3",142680074,142682178,"PAQR9"
"18654","chr3",142719687,142720309,"LOC100289361"
"18655","chr3",142720371,142779568,"U2SURP"
"18656","chr3",142838617,142842857,"CHST2"
"18658","chr3",143690639,143711211,"C3orf58"
"18659","chr3",145787228,145879282,"PLOD2"
"18660","chr3",145910124,145968966,"PLSCR4"
"18661","chr3",146151075,146213778,"PLSCR2"
"18662","chr3",146232967,146262628,"PLSCR1"
"18663","chr3",146294395,146324003,"PLSCR5"
"18664","chr3",147103835,147124596,"ZIC4"
"18665","chr3",147127180,147134507,"ZIC1"
"18666","chr3",147657791,147660802,"AK098763"
"18667","chr3",148415657,148460791,"AGTR1"
"18668","chr3",148545587,148577973,"CPB1"
"18669","chr3",148583042,148614873,"CPA3"
"18670","chr3",148709194,148745457,"GYG1"
"18671","chr3",148747904,148804341,"HLTF"
"18672","chr3",148847370,148891306,"HPS3"
"18673","chr3",148880569,148939832,"CP"
"18674","chr3",149036285,149051548,"TM4SF18"
"18675","chr3",149086805,149095568,"TM4SF1"
"18676","chr3",149192367,149221182,"TM4SF4"
"18677","chr3",149374806,149376099,"AK309441"
"18679","chr3",149375996,149379150,"WWTR1-AS1"
"18680","chr3",149456257,149470286,"COMMD2"
"18681","chr3",149478890,149510610,"ANKUB1"
"18683","chr3",149682691,149688741,"PFN2"
"18684","chr3",149689065,149691030,"LOC646903"
"18685","chr3",150126787,150177616,"TSC22D2"
"18686","chr3",150264573,150303804,"EIF2A"
"18687","chr3",150259780,150320961,"SERP1"
"18688","chr3",150321065,150348235,"SELT"
"18689","chr3",150377675,150421742,"FAM194A"
"18690","chr3",150458910,150481263,"SIAH2"
"18692","chr3",150600784,150690786,"CLRN1"
"18694","chr3",150915619,150920988,"GPR171"
"18695","chr3",150929905,150996230,"P2RY14"
"18696","chr3",151011876,151034636,"GPR87"
"18697","chr3",151044096,151047337,"P2RY13"
"18698","chr3",151055236,151102544,"P2RY12"
"18699","chr3",151153778,151176497,"IGSF10"
"18701","chr3",151451703,151475557,"AADACL2"
"18702","chr3",151488243,151502683,"LOC201651"
"18703","chr3",151531860,151546277,"AADAC"
"18704","chr3",151591430,151599877,"SUCNR1"
"18706","chr3",151980405,151987415,"LOC401093"
"18707","chr3",152057487,152058779,"TMEM14E"
"18708","chr3",152552735,152555844,"P2RY1"
"18709","chr3",152880028,152886264,"RAP2B"
"18710","chr3",153102723,153105157,"AK092619"
"18711","chr3",153202283,153220487,"C3orf79"
"18713","chr3",153742190,153838999,"ARHGEF26-AS1"
"18714","chr3",153993457,154042286,"DHX36"
"18715","chr3",154055461,154147504,"GPR149"
"18717","chr3",154958733,154960799,"BC037382"
"18718","chr3",155008021,155011489,"LOC100507537"
"18720","chr3",155480401,155524055,"C3orf33"
"18721","chr3",155546708,155548560,"AK130481"
"18722","chr3",155544301,155572248,"SLC33A1"
"18723","chr3",155588324,155655521,"GMPS"
"18725","chr3",156257929,156272973,"SSR3"
"18726","chr3",156392204,156424558,"TIPARP"
"18727","chr3",156390960,156393502,"TIPARP-AS1"
"18728","chr3",156527060,156529810,"PA2G4P4"
"18729","chr3",156465132,156534851,"LOC730091"
"18730","chr3",156544075,156545450,"AK094480"
"18732","chr3",156807669,156818925,"LOC100498859"
"18733","chr3",156799456,156840791,"LOC339894"
"18734","chr3",156864297,156878482,"CCNL1"
"18735","chr3",157154579,157161418,"PTX3"
"18737","chr3",157261132,157319022,"C3orf55"
"18738","chr3",157813800,157823952,"SHOX2"
"18740","chr3",158263009,158288855,"AK097794"
"18741","chr3",158288952,158324250,"MLF1"
"18742","chr3",158362316,158410361,"GFM1"
"18743","chr3",158384203,158390482,"LXN"
"18744","chr3",158414897,158450275,"RARRES1"
"18745","chr3",158458205,158461306,"AY070437"
"18746","chr3",158519714,158547509,"MFSD1"
"18749","chr3",159000434,159000524,"MIR3919"
"18750","chr3",159706622,159713807,"IL12A"
"18752","chr3",159943422,159946001,"C3orf80"
"18754","chr3",160117429,160152742,"SMC4"
"18755","chr3",160122375,160122474,"MIR15B"
"18756","chr3",160122532,160122614,"MIR16-2"
"18757","chr3",160153291,160156971,"TRIM59"
"18758","chr3",160232695,160233024,"SCARNA7"
"18759","chr3",160212783,160283376,"KPNA4"
"18760","chr3",160285456,160287035,"BC125159"
"18761","chr3",160394947,160396236,"ARL14"
"18763","chr3",160792440,160796690,"AK055323"
"18764","chr3",160801671,160823160,"B3GALNT1"
"18765","chr3",160939098,160971321,"NMD3"
"18766","chr3",161062580,161089871,"SPTSSB"
"18767","chr3",161214595,161221731,"OTOL1"
"18770","chr3",164696686,164796283,"SI"
"18771","chr3",164904508,164914469,"SLITRK3"
"18772","chr3",165490692,165555253,"BCHE"
"18774","chr3",167159723,167191818,"SERPINI2"
"18776","chr3",167401695,167452651,"PDCD10"
"18777","chr3",167453431,167543358,"SERPINI1"
"18778","chr3",167613735,167641798,"LOC646168"
"18779","chr3",167727654,167813417,"GOLIM4"
"18781","chr3",168269641,168269738,"MIR551B"
"18783","chr3",168862982,168864076,"EVI1"
"18784","chr3",169114967,169114988,"DD413694"
"18785","chr3",169482398,169482848,"TERC"
"18786","chr3",169484711,169487683,"ARPM1"
"18787","chr3",169490852,169507505,"MYNN"
"18788","chr3",169511216,169530574,"LRRC34"
"18789","chr3",169539709,169555561,"LRRIQ4"
"18790","chr3",169557029,169587660,"LRRC31"
"18791","chr3",169629481,169656949,"SAMD7"
"18792","chr3",169661772,169684522,"LOC100128164"
"18793","chr3",169684579,169716162,"SEC62"
"18794","chr3",169755734,169803184,"GPR160"
"18795","chr3",169858400,169859958,"AY940074"
"18796","chr3",169895950,169898340,"BC131773"
"18797","chr3",169805368,169899537,"PHC3"
"18798","chr3",169940219,170023771,"PRKCI"
"18799","chr3",169962636,169962715,"JA611273"
"18800","chr3",170075472,170114638,"SKIL"
"18804","chr3",170582665,170588045,"RPL22L1"
"18805","chr3",170606204,170626426,"EIF5A2"
"18806","chr3",170714137,170744768,"SLC2A2"
"18808","chr3",170824453,170824548,"MIR569"
"18810","chr3",171561138,171577109,"TMEM212"
"18812","chr3",172163249,172164160,"FJ355932"
"18813","chr3",172161081,172166246,"GHSR"
"18814","chr3",172223298,172241297,"TNFSF10"
"18815","chr3",172308503,172312373,"AK127557"
"18816","chr3",172348435,172429008,"NCEH1"
"18817","chr3",172468531,172539264,"ECT2"
"18821","chr3",175087328,175087411,"MIR4789"
"18823","chr3",177534652,177617013,"AK056252"
"18824","chr3",178051327,178103184,"AX747163"
"18827","chr3",178735011,178789656,"ZMAT3"
"18828","chr3",178819155,178865761,"BC032034"
"18829","chr3",178866310,178952498,"PIK3CA"
"18830","chr3",178957537,178984838,"KCNMB3"
"18831","chr3",179040818,179053321,"ZNF639"
"18832","chr3",179065479,179111009,"MFN1"
"18833","chr3",179113876,179169371,"GNB4"
"18834","chr3",179280707,179306194,"ACTL6A"
"18835","chr3",179306255,179322434,"MRPL47"
"18836","chr3",179322574,179342289,"NDUFB5"
"18839","chr3",180319917,180335617,"TTC14"
"18841","chr3",180586548,180588579,"BC034416"
"18843","chr3",180630233,180700540,"FXR1"
"18844","chr3",180701498,180707562,"DNAJC19"
"18846","chr3",181413636,181413691,"JA611300"
"18847","chr3",181429711,181432224,"SOX2"
"18848","chr3",181670166,181721829,"BC036236"
"18849","chr3",181723101,181725536,"DQ571917"
"18850","chr3",182164758,182204150,"FLJ46066"
"18852","chr3",182660559,182698326,"DCUN1D1"
"18854","chr3",182840003,182880667,"LAMP3"
"18855","chr3",182971031,182991180,"B3GNT5"
"18856","chr3",183005267,183015457,"BC013229"
"18857","chr3",183015456,183016293,"BC040935"
"18859","chr3",183165395,183173801,"LOC100505687"
"18860","chr3",183205319,183273499,"KLHL6"
"18861","chr3",183353410,183402305,"KLHL24"
"18863","chr3",183521772,183524378,"AX746590"
"18864","chr3",183527224,183530410,"AX747114"
"18865","chr3",183533664,183543393,"MAP6D1"
"18866","chr3",183547173,183602693,"PARL"
"18867","chr3",183637724,183735727,"ABCC5"
"18868","chr3",183749331,183757158,"HTR3D"
"18869","chr3",183770834,183778462,"HTR3C"
"18870","chr3",183814851,183824784,"HTR3E"
"18871","chr3",183852809,183863100,"EIF2B5"
"18872","chr3",183873283,183891315,"DVL3"
"18873","chr3",183892633,183901880,"AP2M1"
"18874","chr3",183903862,183911796,"ABCF3"
"18875","chr3",183948316,183960118,"VWA5B2"
"18876","chr3",183959192,183959278,"MIR1224"
"18877","chr3",183960117,183967313,"ALG3"
"18878","chr3",183967444,184010820,"ECE2"
"18879","chr3",183977003,183979251,"CAMK2N2"
"18880","chr3",184017021,184026841,"PSMD2"
"18881","chr3",184032282,184053147,"EIF4G1"
"18882","chr3",184053716,184064064,"FAM131A"
"18883","chr3",184063976,184079391,"CLCN2"
"18884","chr3",184081193,184086364,"POLR2H"
"18885","chr3",184089773,184095932,"THPO"
"18886","chr3",184097860,184107618,"CHRD"
"18887","chr3",184279586,184300197,"EPHB3"
"18888","chr3",184428155,184429836,"MAGEF1"
"18890","chr3",184795838,184870802,"C3orf70"
"18891","chr3",184880688,184909744,"LOC339926"
"18892","chr3",184908412,184971886,"EHHADH"
"18894","chr3",185207389,185216845,"TMEM41A"
"18895","chr3",185225570,185270369,"LIPH"
"18896","chr3",185300506,185348886,"SENP2"
"18897","chr3",185431039,185447576,"C3orf65"
"18899","chr3",185632358,185655924,"TRA2B"
"18900","chr3",185677757,185698666,"LOC344887"
"18901","chr3",185764106,185826901,"ETV5"
"18903","chr3",186172770,186211450,"LOC253573"
"18904","chr3",186256232,186262167,"CRYGS"
"18905","chr3",186263856,186288332,"TBCCD1"
"18906","chr3",186287951,186303590,"DNAJB11"
"18907","chr3",186330849,186339108,"AHSG"
"18908","chr3",186353757,186370798,"FETUB"
"18909","chr3",186383797,186396024,"HRG"
"18910","chr3",186435097,186462200,"KNG1"
"18911","chr3",186501360,186507686,"EIF4A2"
"18912","chr3",186502584,186502655,"SNORD2"
"18913","chr3",186504460,186504642,"SNORA81"
"18914","chr3",186505401,186505539,"SNORA4"
"18915","chr3",186507682,186524484,"RFC4"
"18916","chr3",186560462,186576253,"ADIPOQ"
"18918","chr3",186838741,186857263,"RPL39L"
"18919","chr3",186915273,186919254,"RTP1"
"18920","chr3",187009059,187015722,"BX648496"
"18921","chr3",186933873,187009810,"MASP1"
"18922","chr3",187086167,187089370,"RTP4"
"18923","chr3",187386694,187388201,"SST"
"18924","chr3",187420153,187450204,"LOC100131635"
"18925","chr3",187416047,187420345,"RTP2"
"18926","chr3",187439165,187463513,"BCL6"
"18928","chr3",187868994,187871876,"LPP-AS2"
"18929","chr3",187896330,187898597,"FLJ42393"
"18932","chr3",189547710,189547799,"MIR944"
"18934","chr3",190023490,190040235,"CLDN1"
"18935","chr3",190105660,190129933,"CLDN16"
"18936","chr3",190146444,190167665,"TMEM207"
"18938","chr3",190570526,190580465,"GMNC"
"18939","chr3",190595718,190595840,"SNAR-I"
"18940","chr3",190930321,190967911,"OSTN"
"18941","chr3",191046873,191116460,"CCDC50"
"18942","chr3",190984944,191048325,"UTS2D"
"18943","chr3",191178951,191179246,"PYDC2"
"18946","chr3",192958917,192988645,"HRASLS"
"18947","chr3",192959567,192961762,"MGC2889"
"18951","chr3",193559839,193561813,"AK091265"
"18952","chr3",193710883,193712027,"LOC100128023"
"18953","chr3",193675161,193721448,"LOC647323"
"18954","chr3",193766709,193787318,"BC038368"
"18955","chr3",193853930,193856402,"HES1"
"18956","chr3",194017424,194030593,"LOC100131551"
"18957","chr3",194060494,194072057,"CPN2"
"18958","chr3",194075976,194090472,"LRRC15"
"18959","chr3",194115550,194119995,"GP5"
"18960","chr3",194123403,194188968,"ATP13A3"
"18961","chr3",194207868,194239009,"FLJ34208"
"18962","chr3",194217053,194222232,"AX746839"
"18963","chr3",194309798,194310991,"BC061632"
"18964","chr3",194308402,194354418,"TMEM44"
"18965","chr3",194361517,194393206,"LSG1"
"18966","chr3",194406621,194409767,"FAM43A"
"18967","chr3",194429149,194502898,"LOC100507391"
"18970","chr3",195241221,195270224,"PPP1R2"
"18971","chr3",195295573,195311076,"APOD"
"18972","chr3",195370804,195371637,"BC044310"
"18973","chr3",195375290,195378976,"BC053580"
"18974","chr3",195384909,195415736,"SDHAP2"
"18975","chr3",195426271,195426369,"MIR570"
"18976","chr3",195426821,195435677,"BC144457"
"18977","chr3",195447752,195464541,"MUC20"
"18978","chr3",195452111,195453444,"KIAA1359"
"18979","chr3",195473638,195538844,"MUC4"
"18980","chr3",195590236,195638816,"TNK2"
"18981","chr3",195634946,195638129,"AK127609"
"18982","chr3",195686792,195717150,"SDHAP1"
"18983","chr3",195776155,195809032,"TFRC"
"18984","chr3",195869506,195887762,"LOC401109"
"18985","chr3",195924323,195938300,"ZDHHC19"
"18986","chr3",195943382,195960302,"OSTalpha"
"18987","chr3",195961240,195964785,"AF088041"
"18988","chr3",195965253,196014584,"PCYT1A"
"18989","chr3",196018090,196045165,"TCTEX1D2"
"18990","chr3",196045220,196052442,"AK124973"
"18991","chr3",196042956,196065291,"TM4SF19"
"18992","chr3",196158234,196160243,"AX747828"
"18993","chr3",196080369,196159345,"UBXN7"
"18994","chr3",196195657,196230639,"RNF168"
"18995","chr3",196233750,196242237,"C3orf43"
"18996","chr3",196281059,196295413,"WDR53"
"18997","chr3",196295724,196315931,"FBXO45"
"18998","chr3",196366655,196388875,"LRRC33"
"18999","chr3",196433148,196439123,"CEP19"
"19000","chr3",196439244,196462877,"PIGX"
"19001","chr3",196466727,196559519,"PAK2"
"19002","chr3",196594726,196661585,"SENP5"
"19003","chr3",196662273,196669464,"NCBP2"
"19004","chr3",196669493,196670885,"LOC152217"
"19005","chr3",196673214,196695704,"PIGZ"
"19006","chr3",196729776,196731616,"MFI2-AS1"
"19007","chr3",196728612,196756687,"MFI2"
"19009","chr3",197020749,197020819,"MIR4797"
"19010","chr3",197025117,197030622,"LOC100507086"
"19011","chr3",197236654,197300194,"BDH1"
"19012","chr3",197319986,197354752,"LOC220729"
"19013","chr3",197371037,197373039,"BC040733"
"19014","chr3",197401367,197401447,"MIR922"
"19015","chr3",197398259,197476568,"KIAA0226"
"19016","chr3",197476423,197511318,"FYTTD1"
"19017","chr3",197518144,197611044,"LRCH3"
"19018","chr3",197615946,197686886,"IQCG"
"19019","chr3",197677051,197682722,"RPL35A"
"19020","chr3",197687070,197770592,"LMLN"
"19021","chr3",197784404,197807542,"ANKRD18DP"
"19022","chr3",197879236,197935259,"FAM157A"
"19023","chr3",197945703,197945730,"DQ572955"
"19024","chr3",197945990,197946022,"DQ577349"
"19026","chr4",206388,249774,"ZNF876P"
"19027","chr4",264464,299099,"ZNF732"
"19028","chr4",331595,377761,"ZNF141"
"19029","chr4",419224,467998,"ABCA11P"
"19030","chr4",492988,533321,"PIGG"
"19031","chr4",433779,493442,"ZNF721"
"19032","chr4",619362,664682,"PDE6B"
"19033","chr4",647012,649434,"BC020343"
"19034","chr4",667368,675818,"MYL5"
"19035","chr4",666225,668127,"ATP5I"
"19036","chr4",675618,682973,"MFSD7"
"19037","chr4",699572,764428,"PCGF3"
"19038","chr4",761288,763878,"DKFZp547K2416"
"19039","chr4",773937,775636,"LOC100129917"
"19040","chr4",778745,819945,"CPLX1"
"19041","chr4",843065,926174,"GAK"
"19042","chr4",926261,952444,"TMEM175"
"19043","chr4",952675,967344,"DGKQ"
"19044","chr4",980784,998318,"IDUA"
"19045","chr4",972863,987224,"SLC26A1"
"19046","chr4",1004939,1020687,"FGFRL1"
"19047","chr4",1050037,1056744,"AK124578"
"19048","chr4",1065266,1107352,"RNF212"
"19049","chr4",1108985,1116952,"TMED11P"
"19050","chr4",1145159,1147490,"AX747945"
"19051","chr4",1160721,1202750,"SPON2"
"19052","chr4",1193486,1195204,"AX747178"
"19053","chr4",1203907,1212380,"AX747592"
"19054","chr4",1205228,1242908,"CTBP1"
"19055","chr4",1243227,1282080,"C4orf42"
"19056","chr4",1283671,1333926,"MAEA"
"19057","chr4",1341103,1381838,"KIAA1530"
"19058","chr4",1385339,1389783,"CRIPAK"
"19059","chr4",1575788,1577966,"AX748388"
"19060","chr4",1641608,1685988,"FAM53A"
"19061","chr4",1694527,1714071,"SLBP"
"19062","chr4",1717679,1723084,"TMEM129"
"19063","chr4",1723216,1746906,"TACC3"
"19064","chr4",1795038,1810600,"FGFR3"
"19065","chr4",1813206,1857974,"LETM1"
"19067","chr4",1976362,1976488,"SCARNA22"
"19068","chr4",1988111,1988204,"MIR943"
"19069","chr4",1984441,2010962,"WHSC2"
"19070","chr4",2043719,2045698,"C4orf48"
"19071","chr4",2061238,2070817,"NAT8L"
"19073","chr4",2229191,2243848,"HAUS3"
"19074","chr4",2249159,2251070,"AK026392"
"19075","chr4",2251804,2251883,"MIR4800"
"19076","chr4",2249160,2263739,"MXD4"
"19078","chr4",2420700,2464691,"LOC402160"
"19079","chr4",2470794,2517587,"RNF4"
"19081","chr4",2743387,2758103,"TNIP2"
"19082","chr4",2794749,2842824,"SH3BP2"
"19083","chr4",2845583,2931803,"ADD1"
"19084","chr4",2932288,2936586,"MFSD10"
"19085","chr4",2936625,2963466,"C4orf10"
"19086","chr4",2939664,2965118,"NOP14"
"19087","chr4",2965342,3042475,"GRK4"
"19088","chr4",3064973,3076241,"HTT-AS1"
"19090","chr4",3088667,3088687,"CS644968"
"19091","chr4",3250766,3258343,"C4orf44"
"19093","chr4",3443725,3451214,"HGFAC"
"19094","chr4",3465032,3503201,"DOK7"
"19095","chr4",3505324,3534224,"LRPAP1"
"19096","chr4",3578595,3592713,"FLJ35424"
"19097","chr4",3675320,3679582,"LOC100133461"
"19098","chr4",3768295,3770254,"ADRA2C"
"19099","chr4",3943669,3957148,"FAM86EP"
"19100","chr4",4034896,4076784,"BC042823"
"19101","chr4",4190530,4228621,"OTOP1"
"19102","chr4",4237269,4249959,"TMEM128"
"19103","chr4",4269429,4291896,"LYAR"
"19104","chr4",4291923,4323514,"ZBTB49"
"19105","chr4",4349868,4420786,"D4S234E"
"19108","chr4",4763531,4789102,"AK056081"
"19109","chr4",4861391,4865661,"MSX1"
"19110","chr4",5016314,5021197,"CYTL1"
"19112","chr4",5526882,5529528,"C4orf6"
"19115","chr4",5822491,5894785,"CRMP1"
"19116","chr4",5925002,5925055,"MIR378D1"
"19117","chr4",5899318,5991374,"FLJ46481"
"19119","chr4",6202459,6240045,"LOC285484"
"19120","chr4",6271576,6304993,"WFS1"
"19122","chr4",6576901,6624189,"MAN2B2"
"19123","chr4",6641817,6644450,"MRFAP1"
"19124","chr4",6675802,6677775,"LOC93622"
"19125","chr4",6695565,6698898,"S100P"
"19126","chr4",6709429,6711606,"MRFAP1L1"
"19127","chr4",6717841,6719388,"CNO"
"19130","chr4",6945337,6947477,"AX747238"
"19131","chr4",7042576,7044728,"CCDC96"
"19132","chr4",7045155,7059678,"TADA2B"
"19133","chr4",7032281,7047958,"LOC100129931"
"19134","chr4",7061780,7069800,"GRPEL1"
"19135","chr4",7099151,7105103,"FLJ36777"
"19137","chr4",7312176,7312252,"MIR4798"
"19138","chr4",7432021,7436700,"PSAPL1"
"19139","chr4",7461754,7461846,"MIR4274"
"19140","chr4",7608585,7608614,"DQ572409"
"19141","chr4",7755816,7780655,"AFAP1-AS1"
"19144","chr4",8201059,8242831,"SH3TC1"
"19145","chr4",8271488,8308839,"HTRA3"
"19146","chr4",8357037,8359103,"AX746755"
"19147","chr4",8368009,8442452,"ACOX3"
"19148","chr4",8440603,8495259,"METTL19"
"19149","chr4",8581963,8621489,"GPR78"
"19150","chr4",8868773,8873543,"HMX1"
"19151","chr4",8951476,8952128,"LOC650293"
"19154","chr4",9446259,9452241,"DEFB131"
"19155","chr4",9557789,9557937,"MIR548I2"
"19156","chr4",9668529,9668653,"AB059369"
"19157","chr4",9783257,9785634,"DRD5"
"19159","chr4",10080235,10080316,"MIR3138"
"19160","chr4",10075963,10118573,"WDR1"
"19161","chr4",10122105,10122136,"DQ589421"
"19162","chr4",10122826,10122862,"DQ583133"
"19163","chr4",10124402,10124436,"DQ581767"
"19164","chr4",10125235,10125265,"DQ584082"
"19165","chr4",10127121,10127152,"DQ573667"
"19166","chr4",10137431,10137475,"DQ591515"
"19167","chr4",10145243,10145286,"DQ599898"
"19168","chr4",10441504,10459032,"ZNF518B"
"19170","chr4",11370450,11370546,"MIR572"
"19171","chr4",11399988,11430537,"HS3ST1"
"19172","chr4",12225105,12252910,"BC042433"
"19173","chr4",13335036,13339926,"HSP90AB2P"
"19175","chr4",13527943,13533041,"LOC285547"
"19176","chr4",13542454,13546114,"NKX3-2"
"19177","chr4",13547700,13549448,"LOC285548"
"19178","chr4",13570366,13629328,"BOD1L"
"19180","chr4",14113591,14141677,"LOC152742"
"19181","chr4",14472090,14473364,"BC070495"
"19183","chr4",14911585,15003669,"LOC441009"
"19184","chr4",15003373,15004060,"BC113726"
"19185","chr4",15004297,15071778,"CPEB2"
"19188","chr4",15520622,15523369,"AX746699"
"19189","chr4",15606007,15657035,"FBXL5"
"19190","chr4",15683351,15692071,"FAM200B"
"19191","chr4",15687858,15692072,"BC017971"
"19192","chr4",15704572,15733797,"BST1"
"19193","chr4",15779930,15850707,"CD38"
"19194","chr4",15937193,15940363,"FGFBP1"
"19195","chr4",15961863,15964859,"FGFBP2"
"19197","chr4",16162128,16228161,"TAPT1"
"19198","chr4",16228285,16230286,"BC010030"
"19200","chr4",17173380,17187680,"BC029598"
"19201","chr4",17461884,17513857,"QDPR"
"19202","chr4",17516787,17528728,"CLRN2"
"19203","chr4",17578926,17609591,"LAP3"
"19204","chr4",17616272,17629794,"MED28"
"19205","chr4",17629878,17635560,"CR936688"
"19207","chr4",17802278,17812381,"DCAF16"
"19208","chr4",17812524,17846488,"NCAPG"
"19211","chr4",20393811,20396480,"SLIT2-IT1"
"19212","chr4",20529897,20530008,"MIR218-1"
"19213","chr4",20697904,20754531,"PACRGL"
"19215","chr4",21844964,21854811,"KCNIP4-IT1"
"19216","chr4",22328990,22341289,"LOC100505912"
"19219","chr4",23464696,23464726,"MIR548AJ2"
"19220","chr4",23793644,23891700,"PPARGC1A"
"19221","chr4",24521815,24521913,"MIR573"
"19222","chr4",24529088,24586184,"DHX15"
"19223","chr4",24797084,24802468,"SOD3"
"19225","chr4",25000471,25032414,"LGI2"
"19226","chr4",25121627,25162204,"SEPSECS"
"19227","chr4",25162293,25200128,"LOC285540"
"19228","chr4",25235652,25280832,"PI4K2B"
"19229","chr4",25314395,25372006,"ZCCHC4"
"19230","chr4",25378847,25420121,"ANAPC4"
"19231","chr4",25657434,25680369,"SLC34A2"
"19233","chr4",25915813,25931502,"C4orf52"
"19235","chr4",26483018,26492042,"CCKAR"
"19238","chr4",28821203,28821291,"MIR4275"
"19240","chr4",33893553,33908511,"AK093205"
"19243","chr4",36245737,36275842,"BC037904"
"19244","chr4",36283243,36347379,"DTHD1"
"19245","chr4",37243532,37243613,"MIR4801"
"19248","chr4",37461171,37463042,"AX748249"
"19249","chr4",37592422,37687999,"RELL1"
"19250","chr4",37828281,37864560,"PGM2"
"19252","chr4",37962055,37962632,"PTTG2"
"19253","chr4",38665789,38703130,"KLF3"
"19254","chr4",38614322,38666430,"FLJ13197"
"19255","chr4",38773860,38784611,"TLR10"
"19256","chr4",38797876,38806412,"TLR1"
"19257","chr4",38825329,38858438,"TLR6"
"19258","chr4",38869353,38947366,"FAM114A1"
"19259","chr4",38869652,38869749,"MIR574"
"19260","chr4",38968441,39034041,"TMEM156"
"19261","chr4",39046450,39127854,"KLHL5"
"19263","chr4",39289069,39368001,"RFC1"
"19264","chr4",39408472,39453154,"KLB"
"19265","chr4",39460664,39479272,"LIAS"
"19266","chr4",39481874,39483524,"LOC401127"
"19267","chr4",39500375,39529218,"UGDH"
"19268","chr4",39529638,39596328,"AK056558"
"19269","chr4",39552546,39640481,"C4orf34"
"19270","chr4",39640759,39653682,"BC040333"
"19271","chr4",39699663,39784411,"UBE2K"
"19274","chr4",40044537,40058819,"LOC344967"
"19275","chr4",40198526,40246282,"RHOH"
"19276","chr4",40309201,40332437,"JN120858"
"19277","chr4",40337468,40356974,"CHRNA9"
"19278","chr4",40504057,40504136,"MIR4802"
"19280","chr4",40751913,40812003,"NSUN7"
"19282","chr4",41258897,41270447,"UCHL1"
"19284","chr4",41746099,41750987,"PHOX2B"
"19285","chr4",41881539,41884569,"BC025350"
"19286","chr4",41937136,41962825,"TMEM33"
"19287","chr4",41983712,41988485,"DCAF4L1"
"19288","chr4",41992522,42089552,"SLC30A9"
"19289","chr4",42112870,42154895,"BEND4"
"19290","chr4",42399855,42404505,"SHISA3"
"19291","chr4",42410391,42412847,"AK027252"
"19295","chr4",44624354,44653658,"YIPF7"
"19296","chr4",44680432,44702698,"GUF1"
"19297","chr4",44704168,44728612,"GNPDA2"
"19298","chr4",45683335,45685041,"BC048420"
"19299","chr4",46037787,46126082,"GABRG1"
"19302","chr4",46920917,46996424,"GABRA4"
"19304","chr4",47452811,47465676,"COMMD8"
"19307","chr4",47849258,47916680,"NFXL1"
"19308","chr4",47916243,47992755,"BC041434"
"19309","chr4",47937994,48018610,"CNGA1"
"19310","chr4",48018790,48039081,"NIPAL1"
"19311","chr4",48068410,48136273,"TXK"
"19313","chr4",48343612,48428216,"SLAIN2"
"19314","chr4",48485359,48491542,"SLC10A4"
"19315","chr4",48492308,48496423,"ZAR1"
"19317","chr4",48833059,48863835,"OCIAD1"
"19318","chr4",48887405,48908815,"OCIAD2"
"19319","chr4",48988264,49064096,"CWH43"
"19320","chr4",52709275,52783004,"DCUN1D4"
"19321","chr4",52859866,52883786,"LRRC66"
"19322","chr4",52886861,52904485,"SGCB"
"19323","chr4",52917592,52963459,"SPATA18"
"19324","chr4",53457127,53525502,"USP46"
"19325","chr4",53578620,53580306,"SNHG13"
"19326","chr4",53578848,53578915,"MIR4449"
"19327","chr4",53609684,53617807,"ERVMER34-1"
"19328","chr4",53656160,53681632,"LOC152578"
"19329","chr4",53728494,53733003,"RASL11B"
"19330","chr4",53811820,53817190,"BC042091"
"19332","chr4",54243819,54326104,"FIP1L1"
"19334","chr4",54851666,54853449,"RPL21P44"
"19335","chr4",54875958,54930815,"CHIC2"
"19336","chr4",54966247,54968123,"GSX2"
"19337","chr4",55095263,55164413,"PDGFRA"
"19338","chr4",55469378,55473298,"BC044946"
"19339","chr4",55524094,55606882,"KIT"
"19340","chr4",55593368,55593491,"DL490879"
"19341","chr4",55944426,55991762,"KDR"
"19342","chr4",56212387,56239267,"SRD5A3"
"19343","chr4",56230140,56251747,"LOC100506462"
"19344","chr4",56262089,56292343,"TMEM165"
"19345","chr4",56294193,56297269,"AK096319"
"19347","chr4",56422692,56458379,"PDCL2"
"19348","chr4",56461398,56502465,"NMU"
"19349","chr4",56686236,56703431,"LOC644145"
"19350","chr4",56719815,56771245,"EXOC1"
"19351","chr4",56815036,56899528,"CEP135"
"19353","chr4",57204457,57253638,"AASDH"
"19354","chr4",57259529,57301802,"PPAT"
"19355","chr4",57301914,57327535,"PAICS"
"19356","chr4",57333761,57369848,"SRP72"
"19357","chr4",57371374,57390059,"ARL9"
"19358","chr4",57514154,57547872,"HOPX"
"19359","chr4",57676034,57687893,"SPINK2"
"19360","chr4",57774041,57802011,"REST"
"19361","chr4",57829516,57843826,"NOA1"
"19362","chr4",57845108,57897335,"POLR2B"
"19363","chr4",57975927,58071466,"LOC255130"
"19364","chr4",57897237,57976551,"IGFBP7"
"19365","chr4",58292037,58332153,"BC034799"
"19367","chr4",62941883,62944052,"BC039452"
"19369","chr4",65779999,65870218,"LOC401134"
"19371","chr4",66535678,66559105,"LOC100144602"
"19372","chr4",68283023,68333969,"AK093203"
"19373","chr4",68337989,68411256,"CENPC1"
"19374","chr4",68424445,68473056,"STAP1"
"19375","chr4",68481479,68566889,"UBA6"
"19377","chr4",68608242,68609313,"BC045560"
"19378","chr4",68603099,68621804,"GNRHR"
"19379","chr4",68686594,68749716,"TMPRSS11D"
"19380","chr4",68776019,68829232,"TMPRSS11A"
"19381","chr4",68919225,68938946,"BC041902"
"19382","chr4",68926328,68929015,"SYT14L"
"19383","chr4",68918916,68995587,"TMPRSS11F"
"19384","chr4",69048009,69078189,"FTLP10"
"19385","chr4",69054242,69083798,"TMPRSS11BNL"
"19386","chr4",69092371,69111412,"TMPRSS11B"
"19387","chr4",69176105,69215824,"YTHDC1"
"19388","chr4",69313166,69363323,"TMPRSS11E"
"19389","chr4",69402903,69434245,"UGT2B17"
"19390","chr4",69512315,69536494,"UGT2B15"
"19392","chr4",69794177,69817509,"UGT2A3"
"19393","chr4",69962192,69978706,"UGT2B7"
"19394","chr4",70066137,70082485,"AK124272"
"19395","chr4",70066051,70080449,"UGT2B11"
"19396","chr4",70146216,70160769,"UGT2B28"
"19397","chr4",70345883,70391732,"UGT2B4"
"19398","chr4",70454135,70505360,"UGT2A2"
"19399","chr4",70592686,70626430,"SULT1B1"
"19400","chr4",70706930,70725870,"SULT1E1"
"19401","chr4",70796798,70812289,"CSN1S1"
"19402","chr4",70820974,70826726,"CSN2"
"19403","chr4",70861647,70868174,"STATH"
"19404","chr4",70894129,70902256,"HTN3"
"19405","chr4",70916158,70924560,"HTN1"
"19406","chr4",70933102,70950989,"CSN1S2AP"
"19407","chr4",70999320,71012422,"CSN1S2BP"
"19408","chr4",71017792,71032327,"C4orf40"
"19409","chr4",71062243,71070294,"ODAM"
"19410","chr4",71091787,71100969,"FDCSP"
"19411","chr4",71108332,71117146,"CSN3"
"19412","chr4",71200670,71202834,"CABS1"
"19413","chr4",71226492,71232824,"SMR3A"
"19414","chr4",71248794,71255962,"SMR3B"
"19415","chr4",71263598,71275915,"PROL1"
"19416","chr4",71296208,71348715,"MUC7"
"19417","chr4",71384297,71398460,"AMTN"
"19418","chr4",71457974,71473005,"AMBN"
"19419","chr4",71494460,71512537,"ENAM"
"19420","chr4",71521258,71532348,"IGJ"
"19421","chr4",71554195,71556269,"UTP3"
"19423","chr4",71681499,71705627,"GRSF1"
"19424","chr4",71768056,71853892,"MOB1B"
"19425","chr4",71859264,71896630,"DCK"
"19427","chr4",72607411,72671237,"GC"
"19430","chr4",73920416,73935472,"COX18"
"19432","chr4",74269971,74287130,"ALB"
"19433","chr4",74296854,74321493,"AFP"
"19434","chr4",74347461,74369719,"AFM"
"19435","chr4",74438862,74486340,"RASSF6"
"19436","chr4",74606222,74609434,"IL8"
"19437","chr4",74702272,74704478,"CXCL6"
"19438","chr4",74719012,74720199,"PF4V1"
"19439","chr4",74735108,74736956,"CXCL1"
"19440","chr4",74846796,74847715,"PF4"
"19441","chr4",74852156,74853907,"PPBP"
"19442","chr4",74861359,74864416,"CXCL5"
"19443","chr4",74902312,74904490,"CXCL3"
"19444","chr4",74919755,74921116,"PPBPL2"
"19445","chr4",74962754,74964997,"CXCL2"
"19447","chr4",75022232,75024087,"LOC541467"
"19448","chr4",75174203,75180388,"EPGN"
"19449","chr4",75144014,75196255,"BC016361"
"19450","chr4",75230859,75254478,"EREG"
"19452","chr4",75671448,75719882,"BTC"
"19454","chr4",75881184,75895572,"AK027257"
"19455","chr4",76279285,76287777,"LOC441025"
"19456","chr4",76404247,76439640,"RCHY1"
"19457","chr4",76439653,76472541,"THAP6"
"19458","chr4",76481257,76491104,"C4orf26"
"19459","chr4",76501704,76555721,"CDKL2"
"19460","chr4",76567953,76598667,"G3BP2"
"19461","chr4",76648697,76649795,"AK311578"
"19462","chr4",76649828,76735367,"USO1"
"19463","chr4",76781026,76823681,"PPEF2"
"19464","chr4",76831808,76862166,"NAAA"
"19465","chr4",76871068,76912113,"SDAD1"
"19466","chr4",76922623,76928641,"CXCL9"
"19468","chr4",76942269,76944689,"CXCL10"
"19469","chr4",76954840,76957350,"CXCL11"
"19470","chr4",77035817,77069655,"NUP54"
"19471","chr4",77079892,77135052,"SCARB2"
"19472","chr4",77135192,77204937,"FAM47E"
"19473","chr4",77234192,77328458,"CCDC158"
"19475","chr4",77494720,77494786,"MIR4450"
"19476","chr4",77806698,77807718,"DQ576800"
"19477","chr4",77816082,77819002,"SOWAHB"
"19478","chr4",77870894,77959769,"SEPT11"
"19479","chr4",77953942,77959594,"FW340024"
"19480","chr4",77969177,77997125,"CCNI"
"19481","chr4",78078356,78091214,"CCNG2"
"19484","chr4",78783804,78873945,"MRPL1"
"19486","chr4",79178464,79178485,"DL491209"
"19487","chr4",79472741,79531606,"ANXA3"
"19488","chr4",79567147,79605656,"LOC100505702"
"19490","chr4",79832536,79837518,"HRIHFB2017"
"19491","chr4",79808284,79860582,"PAQR3"
"19493","chr4",80238272,80247171,"NAA11"
"19494","chr4",80327507,80329372,"GK2"
"19495","chr4",80413746,80497615,"LOC100506035"
"19496","chr4",80748624,80784402,"GDEP"
"19498","chr4",81105438,81125483,"PRDM8"
"19499","chr4",81187741,81212172,"FGF5"
"19501","chr4",81952118,81978686,"BMP3"
"19503","chr4",82348219,82393061,"RASGEF1B"
"19504","chr4",83274467,83295149,"HNRNPD"
"19505","chr4",83343717,83351378,"HNRPDL"
"19506","chr4",83351725,83382245,"ENOPH1"
"19507","chr4",83405604,83483510,"TMEM150C"
"19508","chr4",83534266,83542590,"C4orf11"
"19509","chr4",83674490,83674583,"MIR575"
"19511","chr4",83739814,83822069,"SEC31A"
"19512","chr4",83814702,83820460,"AK128593"
"19513","chr4",83821836,83841439,"THAP9"
"19514","chr4",83845756,83934040,"LIN54"
"19515","chr4",83956238,83996972,"COPS4"
"19516","chr4",84011211,84035911,"PLAC8"
"19517","chr4",84182689,84206067,"COQ2"
"19518","chr4",84213614,84256306,"HPSE"
"19519","chr4",84328499,84377025,"HELQ"
"19520","chr4",84377117,84382930,"MRPS18C"
"19521","chr4",84382094,84406290,"FAM175A"
"19522","chr4",84457260,84527027,"AGPAT9"
"19525","chr4",85414436,85419387,"NKX6-1"
"19526","chr4",85504056,85572494,"CDS1"
"19528","chr4",85887970,85928169,"WDFY3-AS2"
"19530","chr4",86643620,86643687,"MIR4451"
"19534","chr4",87744621,87770416,"SLC10A6"
"19535","chr4",87797358,87813575,"C4orf36"
"19536","chr4",87846046,87856002,"LOC100506746"
"19538","chr4",88082214,88141674,"KLHL8"
"19539","chr4",88224941,88244056,"HSD17B13"
"19540","chr4",88257691,88312455,"HSD17B11"
"19541","chr4",88343727,88380607,"NUDT9"
"19542","chr4",88394488,88450655,"SPARCL1"
"19543","chr4",88529680,88538026,"DSPP"
"19544","chr4",88571453,88585513,"DMP1"
"19545","chr4",88720701,88733602,"IBSP"
"19546","chr4",88742562,88767969,"MEPE"
"19547","chr4",88812994,88815168,"HSP90AB3P"
"19548","chr4",88896801,88904564,"SPP1"
"19549","chr4",88928798,88998932,"PKD2"
"19551","chr4",89181532,89205888,"PPM1K"
"19552","chr4",89206093,89252574,"BC027846"
"19553","chr4",89299890,89364250,"HERC6"
"19554","chr4",89378267,89427315,"HERC5"
"19555","chr4",89442135,89444955,"PIGY"
"19557","chr4",89617066,89619023,"NAP1L5"
"19558","chr4",89630939,89651255,"FAM13A-AS1"
"19560","chr4",90033967,90036053,"TIGD2"
"19561","chr4",90162421,90164636,"AK026379"
"19562","chr4",90165429,90229161,"GPRIN3"
"19564","chr4",90757551,90763143,"LOC644248"
"19565","chr4",90816002,90875781,"MMRN1"
"19567","chr4",93183649,93198453,"EF565118"
"19569","chr4",94750077,94751143,"ATOH1"
"19570","chr4",95128758,95212444,"SMARCAD1"
"19571","chr4",95219707,95264027,"HPGDS"
"19575","chr4",96761238,96762626,"PDHA2"
"19579","chr4",99792836,99795886,"AK098333"
"19580","chr4",99799607,99851786,"EIF4E"
"19581","chr4",99916787,99983961,"METAP1"
"19582","chr4",99918537,99918612,"MIR3684"
"19583","chr4",99992130,100009931,"ADH5"
"19585","chr4",100044833,100065449,"ADH4"
"19586","chr4",100081751,100082804,"PCNAP1"
"19587","chr4",100123795,100140403,"ADH6"
"19588","chr4",100175085,100196209,"BC038532"
"19589","chr4",100197523,100212185,"ADH1A"
"19590","chr4",100227527,100242572,"ADH1B"
"19591","chr4",100257649,100273917,"ADH1C"
"19592","chr4",100333418,100356667,"ADH7"
"19593","chr4",100432160,100463461,"C4orf17"
"19594","chr4",100467864,100485189,"RG9MTD2"
"19595","chr4",100485239,100545155,"MTTP"
"19596","chr4",100557688,100571614,"AL832378"
"19597","chr4",100737980,100791347,"DAPP1"
"19598","chr4",100799495,100815703,"LAMTOR3"
"19599","chr4",100820710,100867879,"DNAJB14"
"19600","chr4",100869243,100871512,"H2AFZ"
"19601","chr4",100871635,100873621,"LOC256880"
"19602","chr4",101107027,101111655,"DDIT4L"
"19605","chr4",102268933,102270041,"FLJ20021"
"19607","chr4",103172198,103266655,"SLC39A8"
"19610","chr4",103717133,103790032,"UBE2D3"
"19611","chr4",103749290,103765256,"AK093356"
"19612","chr4",103790134,103813964,"CISD2"
"19614","chr4",103941387,103998439,"SLC9B2"
"19615","chr4",103998782,104021024,"BDH2"
"19616","chr4",104026963,104119566,"CENPE"
"19618","chr4",105389566,105392866,"AK093871"
"19620","chr4",105393343,105416058,"CXXC4"
"19622","chr4",106393698,106395176,"AK299501"
"19625","chr4",106603785,106629881,"INTS12"
"19627","chr4",106816596,106892829,"NPNT"
"19629","chr4",107236766,107270382,"AIMP1"
"19630","chr4",107279340,107288592,"LOC100507096"
"19633","chr4",108745720,108836205,"SGMS2"
"19634","chr4",108852716,108874614,"CYP2U1"
"19635","chr4",108784635,108853275,"AK123292"
"19636","chr4",108910869,108956332,"HADH"
"19638","chr4",109088680,109097587,"LOC641518"
"19639","chr4",109459346,109541613,"LOC285456"
"19640","chr4",109541721,109551640,"RPL34"
"19641","chr4",109571740,109588981,"OSTC"
"19642","chr4",109663202,109684235,"AGXT2L1"
"19644","chr4",110268631,110335566,"AK058136"
"19646","chr4",110351119,110354973,"1/2-SBSRNA4"
"19647","chr4",110409853,110409952,"Mir_576"
"19649","chr4",110609785,110624629,"CASP6"
"19650","chr4",110631145,110651242,"PLA2G12A"
"19651","chr4",110661848,110723335,"CFI"
"19652","chr4",110736665,110745894,"GAR1"
"19653","chr4",110749149,110765862,"RRH"
"19654","chr4",110772485,110793472,"LRIT3"
"19657","chr4",111397228,111484494,"ENPEP"
"19658","chr4",111538580,111563279,"PITX2"
"19659","chr4",113066552,113110238,"C4orf32"
"19660","chr4",113106436,113110535,"BC041964"
"19661","chr4",113152894,113191212,"AP1AR"
"19662","chr4",113196782,113207059,"TIFA"
"19664","chr4",113434672,113437328,"NEUROG2"
"19665","chr4",113460489,113558151,"C4orf21"
"19666","chr4",113558119,113578743,"LARP7"
"19667","chr4",113569030,113569713,"MIR302B"
"19669","chr4",114028018,114028112,"MIR1243"
"19671","chr4",114793924,114799348,"AX747415"
"19672","chr4",114821440,114900878,"ARSJ"
"19673","chr4",115519610,115598203,"UGT8"
"19674","chr4",115577914,115578011,"MIR577"
"19676","chr4",117220880,117220925,"MIR1973"
"19677","chr4",118004710,118006736,"TRAM1L1"
"19679","chr4",119199916,119200979,"SNHG8"
"19680","chr4",119200344,119200476,"SNORA24"
"19681","chr4",119201193,119273922,"PRSS12"
"19682","chr4",119434236,119435887,"AK308309"
"19683","chr4",119437494,119475360,"CEP170P1"
"19684","chr4",119512927,119554882,"AK024248"
"19685","chr4",119585243,119605621,"BC035733"
"19686","chr4",119606573,119632078,"METTL14"
"19689","chr4",119954008,119954888,"Myopodin"
"19690","chr4",120056938,120108945,"MYOZ2"
"19691","chr4",120133781,120216674,"USP53"
"19692","chr4",120114528,120133799,"AK309988"
"19693","chr4",120217574,120225600,"C4orf3"
"19694","chr4",120238405,120243316,"FABP2"
"19695","chr4",120299286,120326771,"AK097701"
"19696","chr4",120326678,120331815,"FLJ14186"
"19697","chr4",120370725,120375783,"BC070391"
"19698","chr4",120375937,120420748,"LOC645513"
"19699","chr4",120433527,120473184,"AF085995"
"19701","chr4",120548944,120551909,"AX746903"
"19702","chr4",120720261,120725670,"BC038750"
"19703","chr4",120980579,120988013,"MAD2L1"
"19705","chr4",121956782,121993673,"NDNF"
"19706","chr4",122052564,122148621,"TNIP3"
"19707","chr4",122249797,122302181,"QRFPR"
"19708","chr4",122589152,122618147,"ANXA5"
"19709","chr4",122685739,122687964,"PP12613"
"19710","chr4",122680085,122686340,"TMEM155"
"19711","chr4",122722471,122738177,"EXOSC9"
"19712","chr4",122737599,122745088,"CCNA2"
"19713","chr4",122745484,122791652,"BBS7"
"19714","chr4",122800183,122872909,"TRPC3"
"19716","chr4",123300120,123350948,"ADAD1"
"19717","chr4",123372626,123377650,"IL2"
"19718","chr4",123540137,123610316,"BC045668"
"19719","chr4",123533783,123542211,"IL21"
"19720","chr4",123651344,123653613,"CETN4P"
"19721","chr4",123653856,123666099,"BBS12"
"19722","chr4",123747862,123819391,"FGF2"
"19723","chr4",123813799,123844159,"NUDT6"
"19725","chr4",124317955,124324910,"SPRY1"
"19727","chr4",125421097,125479589,"AK057455"
"19728","chr4",125585204,125633887,"ANKRD50"
"19730","chr4",126428413,126428463,"MIR2054"
"19731","chr4",128554086,128637935,"INTU"
"19732","chr4",128651554,128695448,"SLC25A31"
"19733","chr4",128703452,128754527,"HSPA4L"
"19734","chr4",128758921,128761885,"AK090904"
"19735","chr4",128802015,128820378,"PLK4"
"19736","chr4",128838960,128887139,"MFSD8"
"19737","chr4",128886460,128957477,"C4orf29"
"19739","chr4",129190392,129209984,"PGRMC2"
"19740","chr4",129349224,129440550,"AK093416"
"19741","chr4",129730778,129796380,"PHF17"
"19743","chr4",130014828,130033844,"C4orf33"
"19744","chr4",130645326,130692633,"BC035172"
"19746","chr4",132649252,132651167,"BC131768"
"19747","chr4",134015016,134070268,"BC040219"
"19748","chr4",134070469,134112733,"PCDH10"
"19749","chr4",134114523,134115761,"BC042378"
"19750","chr4",135117489,135122903,"PABPC4L"
"19751","chr4",135226557,135248601,"BC032916"
"19752","chr4",138114909,138119522,"BC031238"
"19753","chr4",138440074,138453648,"PCDH18"
"19754","chr4",139010167,139099332,"LOC641364"
"19756","chr4",139085248,139163503,"SLC7A11"
"19757","chr4",139936942,139967096,"CCRN4L"
"19758","chr4",139978871,140060651,"ELF2"
"19759","chr4",140187317,140201492,"C4orf49"
"19760","chr4",140211071,140223705,"NDUFC1"
"19761","chr4",140222675,140311936,"NAA15"
"19762","chr4",140374960,140397070,"RAB33B"
"19763","chr4",140427192,140477577,"SETD7"
"19764","chr4",140586921,140661900,"MGST2"
"19765","chr4",141049168,141056277,"BC040304"
"19768","chr4",141204880,141294546,"LOC100129858"
"19769","chr4",141309607,141348815,"CLGN"
"19770","chr4",141372564,141419486,"BC041818"
"19771","chr4",141445311,141474925,"ELMOD2"
"19772","chr4",141481050,141489959,"UCP1"
"19775","chr4",142142048,142155851,"ZNF330"
"19776","chr4",142242283,142247161,"AK124399"
"19777","chr4",142557748,142655141,"IL15"
"19779","chr4",144106069,144143142,"USP38"
"19781","chr4",144434615,144478643,"SMARCA5"
"19782","chr4",144434625,144435760,"AK307172"
"19783","chr4",144480624,144482614,"GUSBP5"
"19785","chr4",144792019,144826716,"GYPE"
"19786","chr4",144833483,144903606,"BC029578"
"19787","chr4",144917257,144940496,"GYPB"
"19788","chr4",145030456,145061904,"GYPA"
"19789","chr4",145567147,145659882,"HHIP"
"19790","chr4",145564068,145567171,"LOC646576"
"19791","chr4",145772723,145795940,"BC044611"
"19792","chr4",146019155,146050677,"ABCE1"
"19794","chr4",146054802,146100832,"OTUD4"
"19795","chr4",146402950,146480326,"SMAD1"
"19796","chr4",146418230,146424123,"BC042377"
"19797","chr4",146459753,146461634,"BC069804"
"19798","chr4",146540539,146581188,"MMAA"
"19799","chr4",146601355,146653949,"C4orf51"
"19801","chr4",147030607,147043065,"LOC100505545"
"19802","chr4",147096834,147111214,"LSM6"
"19804","chr4",147560044,147563624,"POU4F2"
"19806","chr4",148402068,148466107,"EDNRA"
"19807","chr4",148538538,148556673,"TMEM184C"
"19808","chr4",148559534,148605280,"PRMT10"
"19810","chr4",148703745,148703820,"MIR4799"
"19815","chr4",151500240,151502698,"AK096995"
"19816","chr4",151503076,151505846,"MAB21L2"
"19817","chr4",152020753,152025805,"RPS3A"
"19818","chr4",152023208,152023281,"SNORD73"
"19819","chr4",152024978,152025044,"SNORD73A"
"19821","chr4",152198324,152212606,"PRSS48"
"19823","chr4",152591809,152682175,"PET112"
"19824","chr4",152877142,152890534,"BC035179"
"19825","chr4",153021969,153025790,"BC040914"
"19827","chr4",153410479,153410568,"MIR3140"
"19828","chr4",153457415,153460416,"DKFZP434I0714"
"19829","chr4",153547266,153601317,"TMEM154"
"19830","chr4",153690506,153700916,"TIGD4"
"19832","chr4",153855668,153857989,"BC039551"
"19833","chr4",153864134,153900849,"FHDC1"
"19835","chr4",154229871,154229898,"DJ439526"
"19836","chr4",154228621,154229963,"ANXA2P1"
"19837","chr4",154265800,154336248,"MND1"
"19839","chr4",154605440,154627243,"TLR2"
"19840","chr4",154631312,154681387,"RNF175"
"19841","chr4",154701742,154710228,"SFRP2"
"19843","chr4",155456149,155471585,"PLRG1"
"19844","chr4",155484131,155493916,"FGB"
"19845","chr4",155504280,155511897,"FGA"
"19846","chr4",155525286,155533902,"FGG"
"19848","chr4",155665151,155674271,"LRAT"
"19849","chr4",155702426,155749966,"RBM46"
"19850","chr4",156129780,156138229,"NPY2R"
"19851","chr4",156263812,156298122,"MAP9"
"19852","chr4",156587861,156658215,"GUCY1A3"
"19853","chr4",156680125,156728784,"GUCY1B3"
"19854","chr4",156750881,156787425,"ACCN5"
"19855","chr4",156824846,156841551,"TDO2"
"19856","chr4",156845270,156875048,"CTSO"
"19858","chr4",157997276,158093243,"GLRB"
"19860","chr4",158493641,158497304,"LOC340017"
"19861","chr4",159091915,159122066,"AK126266"
"19862","chr4",159093403,159123394,"AK096792"
"19863","chr4",159045732,159094202,"FAM198B"
"19864","chr4",159131400,159176440,"TMEM144"
"19865","chr4",159191529,159198694,"AK094909"
"19867","chr4",159587831,159593407,"C4orf46"
"19868","chr4",159593276,159629842,"ETFDH"
"19869","chr4",159630279,159644552,"PPID"
"19872","chr4",160049956,160050044,"MIR3688-2"
"19873","chr4",160049954,160050046,"MIR3688-1"
"19874","chr4",160188997,160281302,"RAPGEF2"
"19875","chr4",162943884,162968703,"BC033991"
"19877","chr4",164047860,164088073,"NAF1"
"19878","chr4",164245062,164248884,"NPYY1"
"19879","chr4",164245117,164253947,"NPY1R"
"19880","chr4",164265090,164273087,"NPY5R"
"19881","chr4",164392247,164395047,"TKTL2"
"19882","chr4",164415672,164441692,"C4orf43"
"19884","chr4",165118159,165118863,"ANP32C"
"19885","chr4",165675282,165724948,"LOC100505989"
"19886","chr4",165798155,165818677,"LOC100506013"
"19887","chr4",165878099,165880274,"C4orf39"
"19888","chr4",165875598,165898818,"TRIM61"
"19889","chr4",165953150,165962897,"TRIM60"
"19890","chr4",165997230,166034024,"TMEM192"
"19892","chr4",166248817,166264315,"MSMO1"
"19894","chr4",166307393,166307490,"MIR578"
"19895","chr4",166321810,166321894,"JA611274"
"19899","chr4",169013687,169108894,"ANXA10"
"19907","chr4",170650619,170679093,"C4orf27"
"19908","chr4",170838912,170897053,"LOC100506085"
"19909","chr4",170907748,170947429,"MFAP3L"
"19910","chr4",170952926,170954179,"BC031941"
"19911","chr4",170981373,171011372,"AADAT"
"19912","chr4",171502621,171526135,"HSP90AA6P"
"19913","chr4",171961752,171980312,"LOC100506122"
"19915","chr4",173551083,173585413,"BC038759"
"19916","chr4",173908348,173916913,"BC137484"
"19918","chr4",174053084,174090803,"BC040577"
"19919","chr4",174252527,174255595,"HMGB2"
"19920","chr4",174292092,174298684,"SAP30"
"19921","chr4",174309299,174327528,"SCRG1"
"19922","chr4",174447652,174451378,"HAND2"
"19923","chr4",174451608,174506880,"NBLA00301"
"19925","chr4",175204827,175254532,"CEP44"
"19926","chr4",175157810,175205402,"FBXO8"
"19927","chr4",175344945,175345016,"MIR4276"
"19928","chr4",175411328,175444044,"HPGD"
"19930","chr4",175750818,175791939,"AK093264"
"19931","chr4",175752878,175797116,"BC034301"
"19932","chr4",175839508,175899332,"ADAM29"
"19934","chr4",176711457,176733341,"BC038536"
"19936","chr4",177105725,177116822,"SPATA4"
"19937","chr4",177134826,177190373,"ASB5"
"19938","chr4",177241089,177253397,"SPCS3"
"19940","chr4",178230990,178284093,"NEIL3"
"19941","chr4",178351929,178363657,"AGA"
"19944","chr4",181985243,182080302,"LINC00290"
"19947","chr4",183060159,183065668,"MGC45800"
"19948","chr4",183090445,183090532,"MIR1305"
"19949","chr4",183811244,183838630,"DCTD"
"19950","chr4",183958817,183961273,"FAM92A3"
"19951","chr4",184018174,184020352,"C4orf38"
"19953","chr4",184154781,184161787,"BX537950"
"19954","chr4",184239220,184241927,"CLDN22"
"19955","chr4",184242917,184243579,"CLDN24"
"19956","chr4",184365788,184369050,"CDKN2AIP"
"19957","chr4",184415890,184425668,"LOC389247"
"19958","chr4",184426219,184432250,"ING2"
"19959","chr4",184560789,184580331,"RWDD4"
"19960","chr4",184580419,184634748,"TRAPPC11"
"19962","chr4",184940455,184944678,"AK001394"
"19964","chr4",185262184,185275130,"LOC728175"
"19965","chr4",185286341,185291024,"AK126253"
"19966","chr4",185308876,185395726,"IRF2"
"19967","chr4",185548850,185570629,"CASP3"
"19968","chr4",185570766,185616113,"CCDC111"
"19969","chr4",185615219,185655286,"MLF1IP"
"19970","chr4",185676749,185747215,"ACSL1"
"19971","chr4",185719451,185720200,"SLED1"
"19972","chr4",185764450,185768200,"LOC731424"
"19973","chr4",185772167,185772264,"MIR3945"
"19974","chr4",185765737,185776806,"BC016366"
"19975","chr4",185814154,185820615,"LOC100506229"
"19976","chr4",185939994,185941959,"HELT"
"19977","chr4",185973049,186028403,"BC043280"
"19978","chr4",186064416,186071539,"SLC25A4"
"19979","chr4",186080819,186125182,"KIAA1430"
"19981","chr4",186298665,186299659,"BC128459"
"19982","chr4",186285032,186300172,"LRP2BP"
"19983","chr4",186317839,186321783,"ANKRD37"
"19984","chr4",186320694,186347139,"UFSP2"
"19985","chr4",186350544,186370822,"C4orf47"
"19986","chr4",186366338,186392913,"CCDC110"
"19987","chr4",186421815,186456712,"PDLIM3"
"19989","chr4",186990308,187006253,"TLR3"
"19990","chr4",187065214,187093818,"FAM149A"
"19991","chr4",187112673,187134618,"CYP4V2"
"19992","chr4",187112735,187115140,"UNQ2560"
"19993","chr4",187148671,187179626,"KLKB1"
"19994","chr4",187187117,187210836,"F11"
"19996","chr4",187454809,187476537,"MTNR1A"
"19999","chr4",188916924,188926200,"ZFP42"
"20000","chr4",189012427,189030422,"TRIML2"
"20001","chr4",189060597,189068650,"TRIML1"
"20003","chr4",190394298,190396345,"HSP90AA4P"
"20004","chr4",190784614,190860993,"BC087857"
"20005","chr4",190861973,190884360,"FRG1"
"20006","chr4",190903676,190906028,"TUBB4Q"
"20007","chr4",190945523,190948412,"LOC100288255"
"20008","chr4",190992092,191013477,"DUX4L4"
"20009","chr5",140372,190088,"PLEKHG4B"
"20010","chr5",191625,195469,"LRRC14B"
"20011","chr5",204875,218297,"CCDC127"
"20012","chr5",218355,256815,"SDHA"
"20013","chr5",271735,315090,"PDCD6"
"20015","chr5",441643,443258,"C5orf55"
"20016","chr5",443333,467410,"EXOC3"
"20017","chr5",468366,472053,"FLJ00157"
"20018","chr5",470571,473078,"AK023178"
"20019","chr5",470625,473080,"PP7080"
"20020","chr5",478317,481000,"BC013821"
"20021","chr5",473334,524549,"SLC9A3"
"20022","chr5",535955,535997,"MIR4456"
"20023","chr5",612404,653667,"CEP72"
"20024","chr5",659977,693510,"TPPP"
"20025","chr5",795720,851101,"ZDHHC11"
"20026","chr5",863850,892939,"BRD9"
"20027","chr5",892968,918165,"TRIP13"
"20028","chr5",988425,997455,"LOC100506688"
"20029","chr5",1009167,1038926,"NKD2"
"20030","chr5",1063011,1063089,"MIR4635"
"20031","chr5",1050489,1112172,"SLC12A7"
"20032","chr5",1173256,1178720,"BC032469"
"20033","chr5",1201709,1225231,"SLC6A19"
"20034","chr5",1225469,1246305,"SLC6A18"
"20035","chr5",1253287,1295162,"TERT"
"20036","chr5",1309425,1309492,"MIR4457"
"20037","chr5",1317870,1319563,"AK126225"
"20038","chr5",1318000,1345002,"CLPTM1L"
"20039","chr5",1346095,1346127,"DQ598099"
"20040","chr5",1363697,1380182,"BC034612"
"20041","chr5",1392905,1445543,"SLC6A3"
"20042","chr5",1461542,1524076,"LPCAT1"
"20043","chr5",1567597,1568684,"CR749689"
"20044","chr5",1568637,1594646,"SDHAP3"
"20045","chr5",1597672,1634120,"LOC728613"
"20046","chr5",1708900,1708983,"MIR4277"
"20047","chr5",1798499,1799956,"MRPL36"
"20048","chr5",1801495,1816168,"NDUFS6"
"20049","chr5",1877541,1882880,"IRX4"
"20050","chr5",2746279,2751769,"IRX2"
"20051","chr5",2752261,2755512,"C5orf38"
"20053","chr5",3596167,3601518,"IRX1"
"20054","chr5",4773620,4774979,"BC034630"
"20055","chr5",5034471,5070116,"LOC340094"
"20056","chr5",5132200,5134697,"AK094462"
"20058","chr5",5422806,5490339,"KIAA0947"
"20059","chr5",6310554,6337405,"FLJ33360"
"20060","chr5",6372039,6378639,"MED10"
"20061","chr5",6448735,6496835,"UBE2QL1"
"20062","chr5",6582286,6588614,"LOC255167"
"20063","chr5",6599352,6633473,"NSUN2"
"20064","chr5",6633499,6669676,"SRD5A1"
"20065","chr5",6714717,6757162,"PAPD7"
"20066","chr5",6827966,6828034,"MIR4278"
"20067","chr5",7269416,7269467,"MIR4454"
"20068","chr5",7299487,7306827,"LOC442132"
"20070","chr5",7831511,7851264,"C5orf49"
"20071","chr5",7859272,7869150,"FASTKD3"
"20072","chr5",7869216,7901236,"MTRR"
"20074","chr5",8457799,8463210,"LOC100505738"
"20075","chr5",8461037,8461113,"MIR4458"
"20076","chr5",8839876,8881637,"BC032891"
"20077","chr5",9053928,9054007,"MIR4636"
"20079","chr5",9546311,9550410,"LOC100505806"
"20080","chr5",9548938,9549027,"SNORD123"
"20081","chr5",9629109,9630463,"TAS2R1"
"20083","chr5",10226438,10250014,"FAM173B"
"20084","chr5",10250281,10266502,"CCT5"
"20085","chr5",10277707,10308168,"CMBL"
"20086","chr5",10353827,10435492,"MARCH6"
"20087","chr5",10441973,10465139,"ROPN1L"
"20088","chr5",10564434,10657929,"ANKRD33B"
"20089","chr5",10679342,10761387,"DAP"
"20094","chr5",14581890,14616288,"FAM105A"
"20095","chr5",14664782,14699843,"FAM105B"
"20096","chr5",14826038,14826121,"MIR4637"
"20099","chr5",15935290,15935370,"Mir_887"
"20101","chr5",16180349,16185682,"BC043001"
"20102","chr5",16451628,16465894,"ZNF622"
"20105","chr5",17130137,17217531,"LOC285696"
"20106","chr5",17217749,17276944,"BASP1"
"20107","chr5",17379015,17387419,"LOC401177"
"20114","chr5",22142460,22152613,"PMCHL1"
"20116","chr5",23507723,23528707,"PRDM9"
"20119","chr5",24835389,24840692,"LOC340107"
"20121","chr5",27472398,27496509,"LOC643401"
"20122","chr5",28926976,28927421,"LOC729862"
"20123","chr5",29143667,29172466,"AK098570"
"20126","chr5",31532372,31555166,"C5orf22"
"20128","chr5",31936208,31936265,"MIR4279"
"20129","chr5",32124824,32174425,"GOLPH3"
"20130","chr5",32227111,32313114,"MTMR12"
"20131","chr5",32354456,32444844,"ZFR"
"20132","chr5",32585604,32604186,"SUB1"
"20133","chr5",32710742,32791831,"NPR3"
"20134","chr5",32947548,32962574,"LOC340113"
"20135","chr5",33440897,33468197,"TARS"
"20137","chr5",33936490,33939024,"RXFP3"
"20138","chr5",33944721,33984780,"SLC45A2"
"20139","chr5",33987091,34008220,"AMACR"
"20140","chr5",34017963,34043371,"C1QTNF3"
"20141","chr5",34192171,34193018,"DQ578105"
"20142","chr5",34192388,34193250,"DQ598168"
"20144","chr5",34839268,34899565,"TTC23L"
"20145","chr5",34905366,34918383,"RAD1"
"20146","chr5",34915819,34925788,"BRIX1"
"20147","chr5",34929697,34959070,"DNAJC21"
"20148","chr5",34998206,35048240,"AGXT2"
"20151","chr5",35856990,35876924,"IL7R"
"20152","chr5",35904398,35938881,"CAPSL"
"20153","chr5",35953191,36001130,"UGT3A1"
"20154","chr5",36035119,36067023,"UGT3A2"
"20155","chr5",36098658,36102483,"AK094621"
"20156","chr5",36147994,36148090,"MIR580"
"20157","chr5",36103414,36152015,"LMBRD2"
"20158","chr5",36152144,36184143,"SKP2"
"20159","chr5",36192694,36242258,"NADKD1"
"20160","chr5",36249104,36302011,"RANBP3L"
"20161","chr5",36606456,36688437,"SLC1A3"
"20164","chr5",37291941,37371197,"NUP155"
"20166","chr5",37812779,37839782,"GDNF"
"20167","chr5",37840539,37875901,"JF824130"
"20169","chr5",38400555,38403573,"AX748028"
"20172","chr5",38557604,38557663,"MIR3650"
"20173","chr5",38819804,38821581,"AK126213"
"20174","chr5",38845959,38935744,"OSMR"
"20177","chr5",39284378,39364655,"C9"
"20178","chr5",39371776,39425335,"DAB2"
"20179","chr5",39460972,39462400,"BC026261"
"20180","chr5",40680031,40693838,"PTGER4"
"20181","chr5",40711678,40756072,"TTC33"
"20182","chr5",40759481,40798297,"PRKAA1"
"20183","chr5",40825365,40829244,"LOC100506548"
"20184","chr5",40832758,40832837,"SNORD72"
"20185","chr5",40831430,40835387,"RPL37"
"20186","chr5",40841409,40855457,"CARD6"
"20187","chr5",40909598,40983043,"C7"
"20188","chr5",40998122,41071444,"HEATR7B2"
"20192","chr5",41904469,41921739,"C5orf51"
"20193","chr5",41925355,41941673,"FBXO4"
"20194","chr5",42155935,42175356,"AK000840"
"20196","chr5",42756919,42802540,"CCDC152"
"20197","chr5",42799982,42825998,"SEPP1"
"20198","chr5",42985503,42993435,"AK056817"
"20199","chr5",43014831,43018913,"LOC648987"
"20200","chr5",43039182,43040447,"C5orf39"
"20201","chr5",43041676,43045371,"LOC153684"
"20202","chr5",43041718,43041745,"DQ601842"
"20203","chr5",43065289,43067073,"LOC100132356"
"20204","chr5",43067682,43093661,"AK311398"
"20205","chr5",43120984,43192124,"ZNF131"
"20206","chr5",43192326,43280953,"NIM1"
"20207","chr5",43289493,43313595,"HMGCS1"
"20208","chr5",43376748,43412488,"CCL28"
"20209","chr5",43444354,43483992,"C5orf28"
"20210","chr5",43486803,43515273,"C5orf34"
"20211","chr5",43526370,43557521,"PAIP1"
"20213","chr5",43577744,43603165,"AK096668"
"20214","chr5",44305097,44388784,"FGF10"
"20215","chr5",44809026,44815619,"MRPS30"
"20217","chr5",49692031,49737234,"EMB"
"20219","chr5",50678957,50690564,"ISL1"
"20220","chr5",52083773,52098453,"PELO"
"20221","chr5",52197608,52249486,"ITGA1"
"20222","chr5",52251186,52255038,"AK097288"
"20224","chr5",52393895,52405598,"MOCS2"
"20225","chr5",52405686,52410953,"LOC257396"
"20226","chr5",52776263,52782305,"FST"
"20228","chr5",53173885,53174804,"BC048141"
"20229","chr5",53247334,53247429,"MIR581"
"20231","chr5",53751430,53752215,"HSPB3"
"20232","chr5",53813588,53842417,"SNX18"
"20233","chr5",54273695,54281414,"ESM1"
"20234","chr5",54320106,54329961,"GZMK"
"20235","chr5",54398473,54406081,"GZMA"
"20236","chr5",54455983,54463130,"GPX8"
"20237","chr5",54466360,54466450,"MIR449A"
"20238","chr5",54466474,54466570,"MIR449B"
"20239","chr5",54468090,54468181,"MIR449C"
"20240","chr5",54408799,54469005,"CDC20B"
"20241","chr5",54515425,54523143,"IDAS"
"20242","chr5",54526981,54529508,"CCNO"
"20243","chr5",54552073,54603521,"DHX29"
"20245","chr5",54824670,54830370,"RNF138P1"
"20247","chr5",54921676,55008554,"SLC38A9"
"20248","chr5",55033844,55112975,"DDX4"
"20249","chr5",55147206,55218683,"IL31RA"
"20250","chr5",55230925,55290821,"IL6ST"
"20251","chr5",55290994,55299476,"AK055666"
"20253","chr5",56110899,56191979,"MAP3K1"
"20254","chr5",56205086,56221360,"C5orf35"
"20255","chr5",56215429,56267502,"MIER3"
"20256","chr5",56469774,56560507,"GPBP1"
"20257","chr5",56775843,56778636,"ACTBL2"
"20258","chr5",57749810,57755966,"PLK2"
"20259","chr5",57787329,57792186,"GAPT"
"20261","chr5",58153128,58155223,"AB074188"
"20263","chr5",58567937,58571656,"BX641110"
"20264","chr5",58999432,58999529,"Mir_582"
"20265","chr5",59783539,59843485,"PART1"
"20267","chr5",60047616,60140101,"ELOVL7"
"20268","chr5",60169659,60240905,"ERCC8"
"20270","chr5",60453536,60458302,"C5orf43"
"20272","chr5",60920228,60923894,"BC032910"
"20273","chr5",60933635,61002363,"C5orf64"
"20274","chr5",60954318,60983841,"BC043229"
"20275","chr5",61028617,61031495,"BC039381"
"20276","chr5",61601988,61683012,"KIF2A"
"20277","chr5",61684351,61699728,"DIMT1"
"20279","chr5",61874561,61877276,"LRRC70"
"20280","chr5",63256278,63257546,"HTR1A"
"20283","chr5",63986134,64014018,"FAM159B"
"20284","chr5",64013978,64064496,"SREK1IP1"
"20287","chr5",64813593,64858995,"CENPK"
"20288","chr5",64859130,64883371,"PPWD1"
"20289","chr5",64885507,64920187,"TRIM23"
"20290","chr5",64920557,64961955,"C5orf44"
"20291","chr5",64961755,65017941,"SGTB"
"20294","chr5",65240633,65241401,"LOC100303749"
"20295","chr5",65440084,65476715,"SREK1"
"20296","chr5",65500951,65505274,"BC028670"
"20298","chr5",66461667,66463095,"BC080587"
"20299","chr5",66478104,66492617,"CD180"
"20300","chr5",67089040,67096887,"BC042046"
"20301","chr5",67511583,67597650,"PIK3R1"
"20302","chr5",68264370,68325754,"AK128486"
"20303","chr5",68389775,68426900,"SLC30A5"
"20304","chr5",68462836,68474071,"CCNB1"
"20305","chr5",68477525,68484948,"BC112270"
"20306","chr5",68483212,68485293,"DQ576994"
"20307","chr5",68485374,68506185,"CENPH"
"20308","chr5",68513572,68525986,"MRPS36"
"20309","chr5",68530621,68573258,"CDK7"
"20310","chr5",68576519,68628620,"CCDC125"
"20311","chr5",68647553,68665840,"TAF9"
"20312","chr5",68665123,68710631,"RAD17"
"20313","chr5",68710938,68738985,"MARVELD2"
"20315","chr5",68856031,68888730,"GTF2H2C"
"20316","chr5",68877482,68879753,"AX748379"
"20319","chr5",68926980,68929028,"LOC100272216"
"20321","chr5",68933825,68938008,"AK124130"
"20331","chr5",69711196,69746190,"GTF2H2B"
"20333","chr5",69776870,69851200,"SMA5"
"20334","chr5",70330951,70363516,"GTF2H2"
"20335","chr5",70492974,70493608,"Z70701"
"20336","chr5",70529459,70529487,"DQ577092"
"20338","chr5",70671611,70681821,"PMCHL2"
"20339","chr5",70647682,70742163,"AK310013"
"20341","chr5",70883114,70954531,"MCCC2"
"20342","chr5",71014989,71016876,"CARTPT"
"20344","chr5",71465293,71465368,"MIR4803"
"20346","chr5",71616199,71656039,"PTCD2"
"20347","chr5",71739234,71803249,"ZNF366"
"20348","chr5",72112417,72210216,"TNPO1"
"20349","chr5",72165554,72168160,"AX746492"
"20350","chr5",72174417,72174491,"MIR4804"
"20352","chr5",72416387,72427645,"TMEM171"
"20353","chr5",72469022,72470971,"TMEM174"
"20354","chr5",72742085,72744352,"FOXD1"
"20355","chr5",72794249,72801449,"BTF3"
"20356","chr5",72848025,72861511,"ANKRA2"
"20357","chr5",72861597,72877795,"UTP15"
"20359","chr5",73618310,73624183,"BC043537"
"20360","chr5",73923234,73937249,"ENC1"
"20361","chr5",73935847,74017114,"HEXB"
"20362","chr5",74017031,74063042,"GFM2"
"20363","chr5",74063102,74072735,"NSA2"
"20365","chr5",74323289,74326724,"GCNT4"
"20367","chr5",74632153,74657927,"HMGCR"
"20369","chr5",74807656,74895647,"POLK"
"20370","chr5",74907300,74966979,"AK307154"
"20371","chr5",74970024,75013313,"POC5"
"20374","chr5",75911307,75919240,"F2RL2"
"20375","chr5",76007762,76008687,"NCRUPAR"
"20376","chr5",76011867,76031596,"F2R"
"20377","chr5",76114832,76131141,"F2RL1"
"20378","chr5",76145825,76217057,"S100Z"
"20379","chr5",76248679,76265300,"CRHBP"
"20380","chr5",76326209,76361059,"AGGF1"
"20381","chr5",76372532,76383030,"ZBED3"
"20382","chr5",76376259,76376396,"SNORA47"
"20383","chr5",76382622,76444177,"LOC728723"
"20385","chr5",76728069,76788332,"WDR41"
"20386","chr5",76924537,76934522,"OTP"
"20387","chr5",76986995,77072185,"TBCA"
"20388","chr5",77080957,77081268,"HM358977"
"20390","chr5",77654630,77656170,"BC039455"
"20394","chr5",78293429,78365449,"DMGDH"
"20395","chr5",78365546,78385898,"BHMT2"
"20396","chr5",78407603,78428114,"BHMT"
"20397","chr5",78531924,78623039,"JMY"
"20399","chr5",78908242,78982472,"PAPD4"
"20401","chr5",79281764,79287066,"AX746944"
"20402","chr5",79272539,79287088,"MTX3"
"20403","chr5",79331169,79379108,"THBS4"
"20404","chr5",79362172,79379477,"BC047373"
"20406","chr5",79594917,79596297,"LOC644936"
"20407","chr5",79615789,79617661,"SPZ1"
"20408","chr5",79646424,79647785,"CRSP8P"
"20409","chr5",79703837,79775499,"ZFYVE16"
"20410","chr5",79783799,79838383,"FAM151B"
"20411","chr5",79852574,79866304,"ANKRD34B"
"20412","chr5",79945819,79946854,"MTRNR2L2"
"20414","chr5",79922045,79950800,"DHFR"
"20417","chr5",80529138,80562218,"CKMT2"
"20418","chr5",80533384,80597388,"LOC100131067"
"20419","chr5",80597401,80608966,"ZCCHC9"
"20420","chr5",80625947,80689988,"ACOT12"
"20423","chr5",81283377,81284015,"BC018651"
"20424","chr5",81569139,81574235,"RPS23"
"20425","chr5",81575280,81614148,"ATP6AP1L"
"20426","chr5",81678763,81682336,"BC132949"
"20427","chr5",82135973,82136044,"MIR3977"
"20428","chr5",82360023,82360156,"SCARNA18"
"20429","chr5",82348665,82373272,"TMEM167A"
"20432","chr5",82934017,83016896,"HAPLN1"
"20434","chr5",85578261,85593363,"NBPF22P"
"20435","chr5",85913783,85916584,"COX7C"
"20436","chr5",85916313,85916393,"MIR3607"
"20437","chr5",86042634,86045590,"BC041393"
"20438","chr5",86410696,86410771,"MIR4280"
"20440","chr5",86512423,86534798,"BC126296"
"20441","chr5",86511552,86535018,"AK023417"
"20443","chr5",86687311,86708850,"CCNH"
"20444","chr5",87491023,87564665,"TMEM161B"
"20446","chr5",87962671,87962757,"MIR9-2"
"20449","chr5",88185151,88263097,"AL050132"
"20450","chr5",89312438,89312537,"MIR3660"
"20451","chr5",89689529,89705603,"CETN3"
"20452","chr5",89754020,89770585,"MBLAC2"
"20453","chr5",89770680,89810370,"POLR3G"
"20454","chr5",89811445,89825401,"LYSMD3"
"20456","chr5",90606838,90610219,"AK091866"
"20457","chr5",90676163,90716533,"LOC100129716"
"20458","chr5",90664541,90679149,"ARRDC3"
"20461","chr5",92919042,92929787,"NR2F1"
"20462","chr5",92956402,92956494,"MIR2277"
"20463","chr5",93076015,93077309,"POU5F2"
"20466","chr5",93905172,93905195,"DQ590013"
"20467","chr5",93954390,94031574,"ANKRD32"
"20469","chr5",94727047,94786145,"FAM81B"
"20470","chr5",94799599,94890709,"TTC37"
"20471","chr5",94890824,94940807,"ARSK"
"20472","chr5",94955979,94957285,"GPR150"
"20473","chr5",94982480,94992850,"RFESD"
"20474","chr5",94987885,95018714,"SPATA9"
"20475","chr5",95053336,95132072,"RHOBTB3"
"20476","chr5",95149553,95158577,"GLRX"
"20477","chr5",95187935,95195837,"C5orf27"
"20478","chr5",95220802,95297775,"ELL2"
"20479","chr5",95414841,95414917,"MIR583"
"20480","chr5",95726040,95768985,"PCSK1"
"20482","chr5",96096514,96149848,"ERAP1"
"20483","chr5",96211643,96255407,"ERAP2"
"20484","chr5",96271345,96365116,"LNPEP"
"20486","chr5",96308117,96308600,"BC107094"
"20487","chr5",96427574,96478520,"LIX1"
"20488","chr5",96496571,96519005,"RIOK2"
"20489","chr5",97674677,97674988,"HM358988"
"20490","chr5",98104998,98132199,"RGMB"
"20491","chr5",98105322,98108788,"FLJ35946"
"20492","chr5",98190908,98262238,"CHD1"
"20493","chr5",98264837,98266714,"LOC100289230"
"20494","chr5",99382129,99382152,"JA429508"
"20495","chr5",99715209,99723958,"LOC100133050"
"20496","chr5",99726415,99726446,"DQ583509"
"20497","chr5",99871123,99922441,"FAM174A"
"20498","chr5",100142639,100238987,"ST8SIA4"
"20499","chr5",101569692,101632253,"SLCO4C1"
"20501","chr5",101944301,101948125,"AX747345"
"20503","chr5",102421704,102455842,"GIN1"
"20504","chr5",102455957,102538910,"PPIP5K2"
"20505","chr5",102594441,102614362,"C5orf30"
"20506","chr5",102884556,102898490,"NUDT12"
"20507","chr5",104435174,104435800,"RAB9BP1"
"20510","chr5",108065630,108067539,"BC034788"
"20512","chr5",108528055,108530760,"AK021888"
"20513","chr5",108670410,108745675,"PJA2"
"20515","chr5",109218882,109221201,"LOC100289673"
"20517","chr5",110073861,110098485,"SLC25A46"
"20518","chr5",110405777,110413723,"TSLP"
"20519","chr5",110427869,110466201,"WDR36"
"20522","chr5",110834022,110848233,"STARD4"
"20524","chr5",111496222,111498199,"EPB41L4A-AS1"
"20525","chr5",111497181,111497315,"SNORA13"
"20527","chr5",111755279,111756678,"FLJ11235"
"20529","chr5",112196884,112228777,"SRP19"
"20530","chr5",112227308,112228792,"ZRSR1"
"20531","chr5",112212081,112258031,"REEP5"
"20532","chr5",112312406,112357893,"DCP2"
"20534","chr5",112768251,112770728,"TSSK1B"
"20535","chr5",112849390,112930985,"YTHDC2"
"20538","chr5",114460459,114516243,"TRIM36"
"20539","chr5",114546527,114598569,"PGGT1B"
"20540","chr5",114602885,114632458,"CCDC112"
"20541","chr5",114856606,114880591,"FEM1C"
"20542","chr5",114914339,114938176,"TICAM2"
"20543","chr5",114948905,114961733,"TMED7"
"20544","chr5",115140430,115152405,"CDO1"
"20545","chr5",115163894,115177548,"ATG12"
"20546","chr5",115177618,115249779,"AP3S1"
"20547","chr5",115298150,115363300,"AQPEP"
"20548","chr5",115297021,115298980,"AX747550"
"20549","chr5",115387162,115394828,"LOC644100"
"20553","chr5",117618268,117620463,"BC044609"
"20555","chr5",118332003,118373361,"BC036311"
"20558","chr5",118788137,118878031,"HSD17B4"
"20559","chr5",118965253,118971518,"FAM170A"
"20561","chr5",121187649,121188524,"FTMT"
"20562","chr5",121297655,121364296,"SRFBP1"
"20563","chr5",121398890,121414055,"LOX"
"20564","chr5",121465214,121489267,"ZNF474"
"20565","chr5",121495870,121518359,"LOC100505841"
"20567","chr5",121772192,121814782,"BC029465"
"20569","chr5",122110749,122165803,"SNX2"
"20571","chr5",122359078,122372425,"PPIC"
"20572","chr5",122424840,122523746,"PRDM6"
"20573","chr5",122680579,122759286,"CEP120"
"20577","chr5",125877533,125931082,"ALDH7A1"
"20578","chr5",125936606,125962945,"PHAX"
"20579","chr5",125967413,125971975,"C5orf48"
"20580","chr5",126112314,126172713,"LMNB1"
"20581","chr5",126187125,126189759,"AX748201"
"20583","chr5",126378250,126409184,"C5orf63"
"20585","chr5",126853308,126890781,"PRRC1"
"20586","chr5",126889486,126890783,"AJ515158"
"20587","chr5",126984712,126994323,"CTXN3"
"20591","chr5",128301209,128369336,"SLC27A6"
"20592","chr5",128430441,128449720,"ISOC1"
"20593","chr5",128433380,128433460,"MIR4633"
"20594","chr5",128732755,128732840,"MIR4460"
"20597","chr5",130494875,130501034,"HINT1"
"20598","chr5",130506640,130541120,"LYRM7"
"20602","chr5",131396346,131398897,"IL3"
"20603","chr5",131409484,131411860,"CSF2"
"20604","chr5",131415758,131415827,"SnoZ6"
"20605","chr5",131528304,131563556,"P4HA2"
"20606","chr5",131593350,131609148,"PDLIM4"
"20607","chr5",131630144,131679900,"SLC22A4"
"20608","chr5",131584601,131631008,"BC030525"
"20609","chr5",131694766,131695814,"BC045788"
"20610","chr5",131701182,131701291,"MIR3936"
"20611","chr5",131646969,131705608,"LOC553103"
"20612","chr5",131705400,131731307,"SLC22A5"
"20613","chr5",131746464,131822550,"C5orf56"
"20614","chr5",131776132,131831259,"IRF1"
"20615","chr5",131877136,131879214,"IL5"
"20616","chr5",131891710,131980314,"RAD50"
"20617","chr5",131993864,131996802,"IL13"
"20618","chr5",132009372,132018369,"IL4"
"20619","chr5",132028323,132073265,"KIF3A"
"20620","chr5",132083136,132089857,"CCNI2"
"20621","chr5",132086509,132113561,"SEPT8"
"20622","chr5",132149032,132152490,"SOWAHA"
"20623","chr5",132157833,132166590,"SHROOM1"
"20624","chr5",132196878,132202576,"GDF9"
"20625","chr5",132202318,132204537,"UQCRQ"
"20626","chr5",132209357,132210583,"LEAP2"
"20627","chr5",132211071,132299354,"AFF4"
"20628","chr5",132332678,132362240,"ZCCHC10"
"20629","chr5",132387661,132440710,"HSPA4"
"20630","chr5",132446760,132450167,"AF086294"
"20632","chr5",132763288,132763398,"MIR1289-2"
"20633","chr5",133291198,133304406,"C5orf15"
"20634","chr5",133307566,133340824,"VDAC1"
"20635","chr5",133450401,133483921,"TCF7"
"20636","chr5",133492082,133512724,"SKP1"
"20637","chr5",133561447,133561544,"MIR3661"
"20638","chr5",133532148,133561950,"PPP2CA"
"20640","chr5",133706869,133727800,"UBE2B"
"20641","chr5",133737756,133747598,"CDKN2AIPNL"
"20642","chr5",133842304,133844922,"BC032795"
"20643","chr5",133860065,133918919,"PHF15"
"20644","chr5",133936839,133968533,"SAR1B"
"20645","chr5",133984474,134063602,"SEC24A"
"20646","chr5",134074169,134087851,"CAMLG"
"20647","chr5",134094460,134166813,"DDX46"
"20648","chr5",134181369,134195426,"C5orf24"
"20649","chr5",134209459,134237324,"TXNDC15"
"20650","chr5",134240809,134298337,"PCBD2"
"20651","chr5",134263728,134263803,"MIR4461"
"20652","chr5",134303595,134347398,"CATSPER3"
"20654","chr5",134363424,134369964,"PITX1"
"20655","chr5",134571924,134583867,"LOC340073"
"20656","chr5",134670618,134672992,"AX747819"
"20657","chr5",134670071,134735577,"H2AFY"
"20658","chr5",134779904,134783038,"C5orf20"
"20659","chr5",134784558,134788089,"TIFAB"
"20660","chr5",134869972,134871639,"NEUROG1"
"20661","chr5",134906371,134914969,"CXCL14"
"20662","chr5",134984372,134989624,"LOC340074"
"20663","chr5",135170364,135224327,"SLC25A48"
"20664","chr5",135227935,135231516,"IL9"
"20665","chr5",135266005,135287281,"FBXL21"
"20666","chr5",135282600,135290723,"LECT2"
"20667","chr5",135364583,135399508,"TGFBI"
"20668","chr5",135416187,135416286,"VTRNA2-1"
"20669","chr5",135468535,135518423,"SMAD5"
"20670","chr5",135465203,135470579,"SMAD5-AS1"
"20671","chr5",135527156,135528851,"LOC389332"
"20674","chr5",136983261,136983338,"MIR874"
"20677","chr5",137087073,137090039,"HNRNPA0"
"20678","chr5",137136881,137146440,"NPY6R"
"20679","chr5",137225124,137278435,"PKD2L2"
"20680","chr5",137368481,137372956,"AK310493"
"20681","chr5",137273642,137368802,"FAM13B"
"20682","chr5",137419580,137427200,"WNT8A"
"20683","chr5",137450861,137475132,"NME5"
"20684","chr5",137475459,137514358,"BRD8"
"20685","chr5",137514416,137523405,"KIF20A"
"20686","chr5",137523337,137549032,"CDC23"
"20687","chr5",137588069,137610253,"GFRA3"
"20688","chr5",137620959,137674044,"CDC25C"
"20689","chr5",137673223,137685419,"FAM53C"
"20690","chr5",137688284,137772717,"KDM3B"
"20691","chr5",137774775,137782659,"REEP2"
"20692","chr5",137801180,137805005,"EGR1"
"20693","chr5",137841784,137878932,"ETF1"
"20694","chr5",137894659,137896799,"SNORD63"
"20695","chr5",137890571,137911318,"HSPA9"
"20697","chr5",138205079,138211057,"LRRTM2"
"20699","chr5",138609440,138618874,"SNHG4"
"20700","chr5",138614468,138614669,"SNORA74A"
"20701","chr5",138627660,138667367,"MATR3"
"20702","chr5",138677518,138705410,"PAIP2"
"20703","chr5",138702885,138719039,"SLC23A1"
"20704","chr5",138723257,138725605,"MZB1"
"20705","chr5",138727635,138730885,"C5orf65"
"20706","chr5",138732255,138739776,"SPATA24"
"20707","chr5",138745892,138775214,"DNAJC18"
"20708","chr5",138778005,138842320,"ECSCR"
"20709","chr5",138855113,138862343,"TMEM173"
"20710","chr5",138940750,139008019,"UBE2D2"
"20711","chr5",139028300,139062681,"CXXC5"
"20712","chr5",139175405,139224049,"PSD2"
"20714","chr5",139482507,139487228,"BC042448"
"20715","chr5",139485049,139487256,"DJ031132"
"20716","chr5",139493707,139499002,"PURA"
"20717","chr5",139505520,139508392,"IGIP"
"20718","chr5",139541537,139552637,"CR627225"
"20720","chr5",139624647,139626742,"AX748200"
"20721","chr5",139624635,139682689,"PFDN1"
"20722","chr5",139712428,139726188,"HBEGF"
"20723","chr5",139739786,139754723,"SLC4A9"
"20724","chr5",139780099,139781013,"BC030152"
"20726","chr5",139889221,139929164,"ANKHD1-EIF4EBP3"
"20727","chr5",139929652,139937678,"SRA1"
"20728","chr5",139937853,139944189,"APBB3"
"20729","chr5",139944419,139948684,"SLC35A4"
"20730","chr5",140011313,140013286,"CD14"
"20731","chr5",140019011,140024990,"TMCO6"
"20732","chr5",140024948,140027370,"NDUFA2"
"20733","chr5",140027383,140042066,"IK"
"20734","chr5",140044383,140050554,"WDR55"
"20735","chr5",140050381,140053171,"DND1"
"20736","chr5",140053490,140070971,"HARS"
"20737","chr5",140071017,140078891,"HARS2"
"20738","chr5",140080031,140086240,"ZMAT2"
"20739","chr5",140090860,140090959,"VTRNA1-1"
"20740","chr5",140098510,140098599,"VTRNA1-2"
"20741","chr5",140105743,140105832,"VTRNA1-3"
"20743","chr5",140174443,140185205,"PCDHA2"
"20744","chr5",140180782,140183258,"PCDHA3"
"20745","chr5",140186671,140189170,"PCDHA4"
"20746","chr5",140201360,140203812,"PCDHA5"
"20747","chr5",140207649,140210089,"PCDHA6"
"20748","chr5",140213968,140216339,"PCDHA7"
"20749","chr5",140220906,140223352,"PCDHA8"
"20750","chr5",140227356,140233745,"PCDHA9"
"20751","chr5",140235633,140238169,"PCDHA10"
"20752","chr5",140240341,140243224,"AX746964"
"20753","chr5",140247830,140251122,"PCDHA11"
"20754","chr5",140254930,140257437,"PCDHA12"
"20755","chr5",140261853,140264281,"PCDHA13"
"20756","chr5",140306301,140309386,"PCDHAC1"
"20757","chr5",140345746,140349007,"PCDHAC2"
"20758","chr5",140430978,140433513,"PCDHB1"
"20759","chr5",140474236,140476965,"PCDHB2"
"20760","chr5",140480233,140483407,"PCDHB3"
"20761","chr5",140479829,140481794,"BC016751"
"20762","chr5",140501580,140505202,"PCDHB4"
"20763","chr5",140514799,140517705,"PCDHB5"
"20764","chr5",140529838,140532869,"PCDHB6"
"20765","chr5",140535579,140537991,"PCDHB17"
"20766","chr5",140552242,140555958,"PCDHB7"
"20767","chr5",140557370,140560082,"PCDHB8"
"20768","chr5",140560979,140565797,"PCDHB16"
"20769","chr5",140566892,140571112,"PCDHB9"
"20770","chr5",140571951,140575214,"PCDHB10"
"20771","chr5",140579347,140582619,"PCDHB11"
"20772","chr5",140588290,140591699,"PCDHB12"
"20773","chr5",140593508,140596994,"PCDHB13"
"20774","chr5",140603077,140605861,"PCDHB14"
"20775","chr5",140613937,140617102,"PCDHB18"
"20776","chr5",140619688,140624313,"PCDHB19P"
"20777","chr5",140625146,140627802,"PCDHB15"
"20778","chr5",140682196,140683612,"SLC25A2"
"20779","chr5",140698057,140700351,"TAF7"
"20781","chr5",140718353,140721011,"PCDHGA2"
"20782","chr5",140723600,140726091,"PCDHGA3"
"20783","chr5",140729827,140732261,"PCDHGB1"
"20784","chr5",140734767,140737297,"PCDHGA4"
"20785","chr5",140739702,140742139,"PCDHGB2"
"20786","chr5",140743897,140746340,"PCDHGA5"
"20787","chr5",140749961,140752407,"PCDHGB3"
"20788","chr5",140753650,140756108,"PCDHGA6"
"20789","chr5",140762466,140765188,"PCDHGA7"
"20790","chr5",140767451,140774971,"PCDHGA8"
"20791","chr5",140777694,140780152,"PCDHGB5"
"20792","chr5",140782519,140785007,"PCDHGA9"
"20793","chr5",140787769,140790233,"PCDHGB6"
"20794","chr5",140792742,140795296,"PCDHGA10"
"20795","chr5",140797213,140799997,"PCDHGB7"
"20796","chr5",140800536,140803654,"PCDHGA11"
"20797","chr5",140805852,140807826,"PCDHGB8P"
"20798","chr5",140810157,140812790,"PCDHGA12"
"20799","chr5",140855568,140858363,"PCDHGC3"
"20800","chr5",140864740,140867357,"PCDHGC4"
"20801","chr5",140868807,140871445,"PCDHGC5"
"20803","chr5",140937877,140944828,"LOC100505658"
"20804","chr5",141000443,141016423,"HDAC3"
"20805","chr5",141016516,141020632,"RELL2"
"20806","chr5",141018869,141030986,"FCHSD1"
"20807","chr5",141032968,141061800,"ARAP3"
"20808","chr5",141232673,141257944,"PCDH1"
"20809","chr5",141254323,141255030,"BC127870"
"20810","chr5",141275191,141276260,"LOC729080"
"20811","chr5",141303384,141321613,"KIAA0141"
"20812","chr5",141320007,141321612,"AX748172"
"20813","chr5",141324530,141338627,"PCDH12"
"20814","chr5",141346401,141369857,"RNF14"
"20815","chr5",141380234,141392620,"GNPDA1"
"20816","chr5",141488323,141534009,"NDFIP1"
"20817","chr5",141689992,141704620,"SPRY4"
"20819","chr5",142005734,142005811,"SNORA36"
"20821","chr5",142239170,142248475,"BC039527"
"20822","chr5",142490048,142490069,"JA682567"
"20824","chr5",143191725,143200285,"HMHB1"
"20825","chr5",143537729,143550278,"YIPF5"
"20827","chr5",145138582,145214899,"PRELID2"
"20828","chr5",145239296,145252531,"GRXCR2"
"20830","chr5",145463876,145483946,"PLAC8L1"
"20831","chr5",145492589,145562294,"LARS"
"20832","chr5",145583162,145668785,"RBM27"
"20833","chr5",145718586,145720084,"POU4F3"
"20834","chr5",145826872,145891070,"TCERG1"
"20835","chr5",145894417,145895676,"GPR151"
"20841","chr5",147204143,147211260,"SPINK1"
"20842","chr5",147258273,147261757,"SCGB3A2"
"20843","chr5",147269579,147286101,"C5orf46"
"20844","chr5",147443534,147516926,"SPINK5"
"20845","chr5",147549295,147554962,"SPINK14"
"20846","chr5",147582356,147594701,"SPINK6"
"20847","chr5",147648281,147665774,"SPINK13"
"20848","chr5",147691989,147695482,"SPINK7"
"20849","chr5",147715121,147719413,"SPINK9"
"20851","chr5",147763545,147822400,"FBXO38"
"20853","chr5",148206155,148208198,"ADRB2"
"20855","chr5",148443065,148446549,"AK056780"
"20857","chr5",148651400,148721368,"AFAP1L1"
"20858","chr5",148724976,148734147,"GRPEL2"
"20859","chr5",148737569,148749222,"PCYOX1L"
"20860","chr5",148753830,148758838,"IL17B"
"20861","chr5",148786439,148812400,"MIR143HG"
"20862","chr5",148786525,148793647,"BX640700"
"20863","chr5",148808480,148810297,"MIR143"
"20864","chr5",148810224,148810247,"JA483376"
"20865","chr5",148872945,148878168,"L26953"
"20866","chr5",148877797,148881757,"BC005905"
"20867","chr5",148874845,148931007,"CSNK1A1"
"20868","chr5",148961134,149014528,"ARHGEF37"
"20870","chr5",149112387,149112454,"Mir_378"
"20871","chr5",149237519,149324356,"PDE6A"
"20872","chr5",149340299,149366964,"SLC26A2"
"20873","chr5",149372686,149380730,"TIGD6"
"20874","chr5",149380168,149432707,"HMGXB3"
"20875","chr5",149432854,149492935,"CSF1R"
"20876","chr5",149492804,149493679,"PDGF"
"20877","chr5",149493402,149535422,"PDGFRB"
"20878","chr5",149546343,149564122,"CDX1"
"20879","chr5",149569519,149590636,"SLC6A7"
"20880","chr5",149599054,149669403,"CAMK2A"
"20881","chr5",149675909,149682525,"ARSI"
"20882","chr5",149737201,149779872,"TCOF1"
"20883","chr5",149781200,149792499,"CD74"
"20884","chr5",149823792,149829319,"RPS14"
"20885","chr5",149877339,149937774,"NDST1"
"20886","chr5",149980641,150038793,"SYNPO"
"20887","chr5",150040403,150058926,"MYOZ3"
"20888","chr5",150070352,150080669,"RBM22"
"20889","chr5",150088309,150138657,"DCTN4"
"20890","chr5",150157507,150176299,"C5orf62"
"20891","chr5",150226084,150228232,"IRGM"
"20892","chr5",150273954,150284545,"ZNF300"
"20893","chr5",150309998,150326146,"ZNF300P1"
"20894","chr5",150399998,150408555,"GPX3"
"20895","chr5",150409504,150467221,"TNIP1"
"20896","chr5",150480267,150537443,"ANXA6"
"20897","chr5",150560613,150603654,"CCDC69"
"20898","chr5",150632612,150649954,"GM2A"
"20899","chr5",150655926,150683334,"SLC36A3"
"20900","chr5",150694539,150727151,"SLC36A2"
"20901","chr5",150816552,150871941,"SLC36A1"
"20902","chr5",150883653,150948505,"FAT2"
"20903","chr5",151031839,151035011,"BC034636"
"20904","chr5",151041009,151066517,"SPARC"
"20905","chr5",151056508,151067469,"BC039364"
"20906","chr5",151136013,151138175,"AX747215"
"20907","chr5",151122383,151138210,"ATOX1"
"20908","chr5",151149354,151150984,"LOC729421"
"20909","chr5",151151475,151184916,"G3BP1"
"20910","chr5",151167423,151169672,"AX747080"
"20913","chr5",151771102,151784840,"NMUR2"
"20914","chr5",151998525,152069089,"AX747764"
"20916","chr5",153371269,153418497,"FAM114A2"
"20917","chr5",153418518,153437015,"MFAP3"
"20919","chr5",153769329,153825382,"FLJ38109"
"20920","chr5",153825516,153840614,"SAP30L"
"20921","chr5",153829527,153831928,"AF157115"
"20922","chr5",153854532,153857824,"HAND1"
"20923","chr5",153975572,153975632,"MIR3141"
"20925","chr5",154198052,154230213,"C5orf4"
"20926","chr5",154237808,154256353,"CNOT8"
"20927","chr5",154266976,154317776,"GEMIN5"
"20928","chr5",154320632,154348972,"MRPL22"
"20929","chr5",154393259,154397686,"KIF4B"
"20931","chr5",156277548,156279540,"PPP1R2P3"
"20932","chr5",156346293,156390266,"TIMD4"
"20933","chr5",156456531,156485970,"HAVCR1"
"20934","chr5",156512843,156536248,"HAVCR2"
"20935","chr5",156565451,156569921,"MED7"
"20936","chr5",156589344,156593279,"FAM71B"
"20937","chr5",156607906,156682110,"ITK"
"20939","chr5",156768607,156772729,"FNDC9"
"20940","chr5",156887026,156901731,"NIPAL4"
"20941","chr5",156904313,156906494,"AL049415"
"20943","chr5",157052687,157098488,"SOX30"
"20944","chr5",157098560,157107163,"C5orf52"
"20945","chr5",157158322,157166773,"THG1L"
"20946","chr5",157166794,157167911,"AK000953"
"20947","chr5",157170754,157183747,"LSM11"
"20948","chr5",157182879,157187718,"AK023159"
"20949","chr5",157212751,157286183,"CLINT1"
"20951","chr5",158527689,158544487,"AK123543"
"20952","chr5",158584417,158587340,"DKFZp686M11215"
"20953","chr5",158595881,158637061,"RNF145"
"20954","chr5",158690088,158713049,"UBLCP1"
"20955","chr5",158741791,158757481,"IL12B"
"20956","chr5",158758525,158789843,"LOC285626"
"20957","chr5",158875564,158893284,"LOC285627"
"20958","chr5",159343739,159400018,"ADRA1B"
"20959","chr5",159436179,159492551,"TTC1"
"20960","chr5",159502892,159546452,"PWWP2A"
"20961","chr5",159614373,159665730,"FABP6"
"20962","chr5",159623598,159631833,"AK097242"
"20963","chr5",159659131,159659151,"HI423497"
"20964","chr5",159678671,159766599,"CCNJL"
"20965","chr5",159774775,159797648,"C1QTNF2"
"20966","chr5",159820155,159827060,"C5orf54"
"20967","chr5",159828648,159846168,"SLU7"
"20968","chr5",159848864,159855747,"PTTG1"
"20969","chr5",159895244,159914434,"DQ658414"
"20970","chr5",159901408,159901491,"MIR3142"
"20971","chr5",159912358,159912458,"MIR146A"
"20973","chr5",160358786,160365633,"LOC285629"
"20975","chr5",161112657,161129599,"GABRA6"
"20976","chr5",161274196,161326966,"GABRA1"
"20977","chr5",161494647,161582546,"GABRG2"
"20978","chr5",162864576,162875206,"CCNG1"
"20979","chr5",162875116,162877423,"AK124680"
"20980","chr5",162880586,162887143,"NUDCD2"
"20981","chr5",162887516,162918954,"HMMR"
"20982","chr5",162909610,162921064,"BC035392"
"20983","chr5",162930230,162946334,"MAT2B"
"20987","chr5",167913462,167946310,"RARS"
"20988","chr5",167956581,167957640,"FBLL1"
"20989","chr5",167975500,167979974,"M55536"
"20990","chr5",167987908,167987971,"MIR103B1"
"20991","chr5",167987901,167987978,"MIR103A1"
"20992","chr5",167982628,168006614,"PANK3"
"20993","chr5",168195151,168195260,"MIR218-2"
"20995","chr5",168440268,168451993,"AK098705"
"20996","chr5",168690605,168690698,"MIR585"
"20997","chr5",169010637,169031782,"CCDC99"
"21000","chr5",169455491,169455571,"MIR378E"
"21001","chr5",169532916,169536730,"FOXI1"
"21002","chr5",169618651,169623637,"AK055811"
"21003","chr5",169659949,169679574,"C5orf58"
"21004","chr5",169675088,169724822,"LCP2"
"21005","chr5",169758434,169762105,"LOC257358"
"21006","chr5",169780468,169780584,"DL490294"
"21008","chr5",169805167,169816638,"KCNMB1"
"21009","chr5",170210722,170241051,"GABRP"
"21011","chr5",170732985,170735759,"AX746723"
"21012","chr5",170736287,170739139,"TLX3"
"21013","chr5",170813660,170813764,"MIR3912"
"21014","chr5",170814707,170837889,"NPM1"
"21015","chr5",170846666,170884631,"FGF18"
"21018","chr5",171621175,171630459,"EFCAB9"
"21019","chr5",171636650,171710795,"UBTD2"
"21021","chr5",172068275,172118534,"NEURL1B"
"21022","chr5",172195093,172198203,"DUSP1"
"21023","chr5",172197701,172198198,"AK316321"
"21025","chr5",172293439,172299821,"BX648961"
"21026","chr5",172381786,172386371,"LOC100268168"
"21027","chr5",172386438,172396775,"RPL26L1"
"21028","chr5",172410762,172461901,"ATP6V0E1"
"21029","chr5",172447728,172447933,"SNORA74B"
"21030","chr5",172483354,172566292,"C5orf41"
"21031","chr5",172571444,172591391,"BNIP1"
"21032","chr5",172659107,172662315,"NKX2-5"
"21033","chr5",172741726,172756506,"STC2"
"21034","chr5",173006645,173012076,"LOC285593"
"21035","chr5",173034148,173043666,"BOD1"
"21036","chr5",173315330,173387314,"CPEB4"
"21037","chr5",173400784,173433144,"C5orf47"
"21038","chr5",173472723,173536183,"HMP19"
"21039","chr5",174151574,174157903,"MSX2"
"21040","chr5",174178736,174178791,"MIR4634"
"21041","chr5",174867675,174871163,"DRD1"
"21042","chr5",174905513,174955622,"SFXN1"
"21043","chr5",175085039,175113246,"HRH2"
"21044","chr5",175223609,175311024,"CPLX2"
"21045","chr5",175309422,175311025,"Hfb1"
"21046","chr5",175386534,175395545,"THOC3"
"21047","chr5",175487691,175543458,"FAM153B"
"21048","chr5",175546551,175559262,"LOC100507387"
"21049","chr5",175601379,175601410,"DQ570256"
"21050","chr5",175601551,175601584,"DQ578341"
"21051","chr5",175609743,175609775,"DQ576909"
"21053","chr5",175570088,175626298,"LOC643201"
"21055","chr5",175773066,175788809,"KIAA1191"
"21056","chr5",175792501,175800504,"ARL10"
"21057","chr5",175810949,175815540,"NOP16"
"21058","chr5",175815783,175816752,"HIGD2A"
"21059","chr5",175819456,175843540,"CLTB"
"21060","chr5",175875355,175937076,"FAF2"
"21061","chr5",175953700,175965026,"RNF44"
"21062","chr5",175969511,176022770,"CDHR2"
"21063","chr5",176022803,176037131,"GPRIN1"
"21064","chr5",176056440,176056501,"MIR4281"
"21065","chr5",176047210,176057557,"SNCB"
"21066","chr5",176057682,176073643,"EIF4E1B"
"21067","chr5",176074387,176086060,"TSPAN17"
"21068","chr5",176237559,176307900,"UNC5A"
"21069","chr5",176307870,176326333,"HK3"
"21071","chr5",176449696,176508191,"ZNF346"
"21072","chr5",176513920,176525127,"FGFR4"
"21074","chr5",176728199,176730744,"RAB24"
"21075","chr5",176730834,176733951,"PRELID1"
"21076","chr5",176732501,176739292,"MXD3"
"21077","chr5",176758563,176778885,"LMAN2"
"21078","chr5",176784843,176799600,"RGS14"
"21079","chr5",176811431,176825850,"SLC34A1"
"21080","chr5",176827108,176827637,"PFN3"
"21081","chr5",176829139,176836577,"F12"
"21082","chr5",176853686,176869851,"GRK6"
"21083","chr5",176873795,176883288,"PRR7"
"21084","chr5",176864890,176874945,"LOC340037"
"21085","chr5",176883614,176900694,"DBN1"
"21086","chr5",176910395,176924602,"PDLIM7"
"21087","chr5",176928906,176937427,"DOK3"
"21088","chr5",176938578,176943967,"DDX41"
"21089","chr5",176946790,176981548,"FAM193B"
"21090","chr5",177019212,177023100,"TMED9"
"21091","chr5",177027118,177037347,"B4GALT7"
"21092","chr5",177045501,177099278,"LOC202181"
"21093","chr5",177138237,177210399,"FAM153A"
"21094","chr5",177302261,177311270,"LOC728554"
"21095","chr5",177378259,177384899,"AK126616"
"21096","chr5",177419236,177423243,"PROP1"
"21097","chr5",177433966,177476089,"FAM153C"
"21098","chr5",177540555,177553108,"N4BP3"
"21099","chr5",177548098,177552587,"AK127224"
"21100","chr5",177558027,177575480,"RMND5B"
"21101","chr5",177576465,177580961,"NHP2"
"21102","chr5",177611511,177614433,"GMCL1P1"
"21103","chr5",177631507,177638185,"HNRNPAB"
"21104","chr5",177635540,177659803,"AGXT2L2"
"21106","chr5",178046292,178047541,"AK309215"
"21107","chr5",178029665,178057616,"CLK4"
"21108","chr5",178138522,178157703,"ZNF354A"
"21109","chr5",178191864,178245436,"AACSP1"
"21110","chr5",178286953,178311425,"ZNF354B"
"21111","chr5",178322915,178360211,"ZFP2"
"21112","chr5",178368193,178393219,"ZNF454"
"21113","chr5",178405330,178422124,"GRM6"
"21114","chr5",178450775,178461389,"ZNF879"
"21115","chr5",178487606,178507692,"ZNF354C"
"21117","chr5",178949499,178952174,"AX747985"
"21118","chr5",178977570,179037020,"RUFY1"
"21119","chr5",179041179,179051670,"HNRNPH1"
"21120","chr5",179048287,179048321,"HI503955"
"21121","chr5",179068558,179072047,"C5orf60"
"21122","chr5",179078542,179080235,"AX747879"
"21123","chr5",179105559,179107975,"CBY3"
"21124","chr5",179125427,179158640,"CANX"
"21125","chr5",179159850,179223513,"MAML1"
"21126","chr5",179220985,179223514,"LTC4S"
"21127","chr5",179225278,179225346,"MIR1229"
"21128","chr5",179224598,179233952,"MGAT4B"
"21129","chr5",179233387,179265078,"SQSTM1"
"21130","chr5",179264276,179267825,"AK095057"
"21131","chr5",179263634,179285840,"C5orf45"
"21132","chr5",179286012,179288283,"BC040901"
"21133","chr5",179289071,179334856,"TBC1D9B"
"21134","chr5",179442303,179442397,"MIR340"
"21137","chr5",179660595,179719071,"MAPK9"
"21138","chr5",179727700,179780315,"GFPT2"
"21139","chr5",179921416,180005354,"CNOT6"
"21140","chr5",180017105,180018487,"SCGB3A1"
"21141","chr5",180028506,180076624,"FLT4"
"21142","chr5",180110725,180110763,"DQ589679"
"21143","chr5",180111832,180111867,"DQ596879"
"21144","chr5",180112948,180112991,"DQ579975"
"21145","chr5",180113363,180113397,"DQ596473"
"21146","chr5",180113462,180113539,"DQ570121"
"21147","chr5",180166123,180167058,"OR2Y1"
"21148","chr5",180217541,180242541,"MGAT1"
"21149","chr5",180256958,180262727,"LOC729678"
"21150","chr5",180256956,180258594,"AK026101"
"21151","chr5",180274611,180288286,"ZFP62"
"21152","chr5",180326076,180377907,"BTNL8"
"21153","chr5",180415844,180433728,"BTNL3"
"21154","chr5",180467224,180488524,"BTNL9"
"21155","chr5",180581942,180582891,"OR2V2"
"21156","chr5",180620924,180632177,"TRIM7"
"21157","chr5",180649566,180649633,"MIR4638"
"21158","chr5",180650262,180662809,"TRIM41"
"21159","chr5",180649869,180657685,"AX748230"
"21160","chr5",180668818,180668889,"SNORD96A"
"21161","chr5",180663928,180670906,"GNB2L1"
"21162","chr5",180683386,180688119,"TRIM52"
"21163","chr5",180688222,180699309,"BC016291"
"21164","chr6",292100,351356,"DUSP22"
"21165","chr6",391738,411444,"IRF4"
"21166","chr6",655939,656964,"HUS1B"
"21168","chr6",709105,711405,"AX747750"
"21169","chr6",775456,780214,"AK093403"
"21170","chr6",1080163,1105182,"AX747250"
"21172","chr6",1312674,1314994,"FOXQ1"
"21173","chr6",1390068,1395833,"FOXF2"
"21174","chr6",1496349,1519557,"BC087858"
"21175","chr6",1610680,1614130,"FOXC1"
"21176","chr6",1727167,1729106,"AK024936"
"21178","chr6",2246031,2284009,"AK023629"
"21179","chr6",2391779,2413826,"CR933638"
"21180","chr6",2399099,2481404,"AJ420566"
"21181","chr6",2452644,2484264,"AK091028"
"21182","chr6",2622972,2635298,"C6orf195"
"21183","chr6",2663863,2751154,"MYLK4"
"21184","chr6",2765665,2785980,"WRNIP1"
"21185","chr6",2833734,2842081,"SERPINB1"
"21186","chr6",2854265,2854341,"MIR4645"
"21187","chr6",2854891,2876744,"MGC39372"
"21188","chr6",2884221,2900911,"AY927512"
"21189","chr6",2887504,2903545,"SERPINB9"
"21190","chr6",2948393,2972399,"SERPINB6"
"21191","chr6",2988200,2991406,"DKFZP686I15217"
"21192","chr6",3000066,3019995,"NQO2"
"21193","chr6",3064121,3115422,"RIPK1"
"21194","chr6",3118925,3153433,"BPHL"
"21195","chr6",3153902,3224985,"TUBB2A"
"21196","chr6",3183052,3196001,"LOC100507194"
"21197","chr6",3224495,3227968,"TUBB2B"
"21198","chr6",3229005,3288895,"AK096219"
"21199","chr6",3259161,3268301,"PSMG4"
"21200","chr6",3267098,3268285,"AL389983"
"21201","chr6",3286351,3288902,"AX746991"
"21203","chr6",3455936,3461033,"AK096549"
"21204","chr6",3722836,3752246,"PXDC1"
"21205","chr6",3849631,3851552,"FAM50B"
"21206","chr6",4021568,4065218,"PRPF4B"
"21207","chr6",4079439,4131000,"C6orf201"
"21208","chr6",4050695,4087578,"C6orf146"
"21209","chr6",4115927,4135831,"ECI2"
"21210","chr6",4136305,4157620,"AK092451"
"21211","chr6",4610845,4612154,"KU-MEL-3"
"21214","chr6",4995280,5004271,"RPP40"
"21215","chr6",5030205,5043174,"BC133670"
"21216","chr6",5085719,5087456,"PPP1R3G"
"21217","chr6",5148467,5148556,"MIR3691"
"21220","chr6",5998233,6007633,"NRN1"
"21222","chr6",6588933,6655217,"LY86"
"21224","chr6",6725118,6730142,"BC039678"
"21226","chr6",7281288,7313541,"SSR1"
"21227","chr6",7326887,7389942,"CAGE1"
"21228","chr6",7390061,7418271,"RIOK1"
"21229","chr6",7541869,7586947,"DSP"
"21230","chr6",7590431,7612201,"SNRNP48"
"21233","chr6",7986334,7990578,"PIP5K1P1"
"21234","chr6",8086641,8086766,"SCARNA27"
"21235","chr6",8073593,8102828,"EEF1E1"
"21236","chr6",8413301,8435794,"SLC35B3"
"21238","chr6",8652441,8654081,"HULC"
"21240","chr6",9897103,9897241,"AF548120"
"21242","chr6",10412550,10416403,"LOC100130275"
"21243","chr6",10396916,10419797,"TFAP2A"
"21244","chr6",10428018,10435055,"LINC00518"
"21246","chr6",10671651,10695030,"C6orf52"
"21247","chr6",10695187,10709971,"PAK1IP1"
"21248","chr6",10723147,10731363,"TMEM14C"
"21250","chr6",10762956,10838788,"MAK"
"21251","chr6",10873456,10882098,"GCM2"
"21252","chr6",10887063,10974542,"SYCP2L"
"21253","chr6",11043990,11079378,"LOC100506409"
"21254","chr6",10980993,11044624,"ELOVL2"
"21255","chr6",11094265,11138970,"C6orf228"
"21256","chr6",11102722,11112071,"ERVFRD-1"
"21257","chr6",11137152,11138972,"AK129879"
"21259","chr6",11417585,11481554,"BC030116"
"21260","chr6",11487462,11516748,"BC038755"
"21261","chr6",11538510,11583758,"TMEM170B"
"21262","chr6",11713888,11779280,"C6orf105"
"21264","chr6",12290528,12297428,"EDN1"
"21266","chr6",13279527,13295818,"LOC100130357"
"21267","chr6",13266774,13328787,"TBC1D7"
"21268","chr6",13358062,13361194,"AK127555"
"21270","chr6",13574760,13615391,"SIRT5"
"21271","chr6",13615558,13621128,"NOL7"
"21272","chr6",13621730,13711796,"RANBP9"
"21273","chr6",13786781,13814792,"CCDC90A"
"21274","chr6",13924676,13980241,"RNF182"
"21275","chr6",14117486,14137149,"CD83"
"21277","chr6",15248048,15248887,"BC033996"
"21279","chr6",16129316,16148479,"MYLIP"
"21280","chr6",16141777,16141862,"MIR4639"
"21281","chr6",16238810,16295781,"GMPR"
"21283","chr6",17102488,17131604,"FLJ23152"
"21284","chr6",17281808,17294100,"RBM24"
"21286","chr6",17600517,17611951,"FAM8A1"
"21287","chr6",17615269,17706818,"NUP153"
"21289","chr6",18120718,18122851,"NHLRC1"
"21290","chr6",18128545,18155374,"TPMT"
"21291","chr6",18155618,18224085,"KDM1B"
"21292","chr6",18224400,18264799,"DEK"
"21293","chr6",18367059,18367086,"DQ599995"
"21294","chr6",18387580,18469106,"RNF144B"
"21296","chr6",18572014,18572112,"MIR548A1"
"21298","chr6",19802395,19804981,"AK092541"
"21299","chr6",19837616,19840916,"ID4"
"21301","chr6",20402136,20493946,"E2F3"
"21303","chr6",21593971,21598850,"SOX4"
"21305","chr6",22134831,22147422,"LOC729177"
"21306","chr6",22287473,22303082,"PRL"
"21307","chr6",22569677,22570751,"HDGFL1"
"21308","chr6",24126413,24147758,"NRSN1"
"21310","chr6",24357130,24358513,"KAAG1"
"21311","chr6",24403152,24425817,"MRS2"
"21312","chr6",24428405,24489850,"GPLD1"
"21313","chr6",24495196,24537436,"ALDH5A1"
"21315","chr6",24650205,24667115,"TDP2"
"21316","chr6",24667262,24705296,"ACOT13"
"21317","chr6",24705090,24719403,"C6orf62"
"21318","chr6",24775158,24786326,"GMNN"
"21320","chr6",25081295,25166793,"CMAHP"
"21321","chr6",25245146,25261635,"BC029534"
"21323","chr6",25652428,25702009,"SCGN"
"21324","chr6",25726291,25726790,"HIST1H2AA"
"21325","chr6",25727136,25727574,"HIST1H2BA"
"21326","chr6",25732351,25732402,"DQ586576"
"21327","chr6",25732660,25733090,"HIST1H2APS1"
"21328","chr6",25754926,25781404,"SLC17A4"
"21329","chr6",25783126,25832287,"SLC17A1"
"21330","chr6",25845328,25874471,"SLC17A3"
"21331","chr6",25912984,25930946,"SLC17A2"
"21332","chr6",25963070,25985353,"TRIM38"
"21333","chr6",26017260,26018040,"HIST1H1A"
"21334","chr6",26020717,26021187,"HIST1H3A"
"21335","chr6",26021906,26022279,"HIST1H4A"
"21336","chr6",26027124,26027480,"HIST1H4B"
"21337","chr6",26031817,26032288,"HIST1H3B"
"21338","chr6",26033320,26033796,"HIST1H2AB"
"21339","chr6",26043455,26043885,"HIST1H2BB"
"21340","chr6",26045638,26046098,"HIST1H3C"
"21341","chr6",26055968,26056699,"HIST1H1C"
"21342","chr6",26087508,26097057,"HFE"
"21343","chr6",26104175,26104566,"HIST1H4C"
"21344","chr6",26107640,26108364,"HIST1H1T"
"21345","chr6",26114626,26124154,"HIST1H2BC"
"21346","chr6",26124372,26139333,"HIST1H2AC"
"21347","chr6",26156558,26157344,"HIST1H1E"
"21348","chr6",26158348,26171577,"HIST1H2BD"
"21349","chr6",26184023,26184459,"HIST1H2BE"
"21350","chr6",26188938,26189304,"HIST1H4D"
"21351","chr6",26197068,26250835,"HIST1H3F"
"21352","chr6",26197012,26199464,"HIST1H3D"
"21353","chr6",26199012,26199471,"HIST1H2AD"
"21354","chr6",26199786,26200217,"HIST1H2BF"
"21355","chr6",26204872,26205250,"HIST1H4E"
"21356","chr6",26216428,26216872,"HIST1H2BG"
"21357","chr6",26217147,26217712,"HIST1H2AE"
"21358","chr6",26225382,26225845,"HIST1H3E"
"21359","chr6",26234440,26235216,"HIST1H1D"
"21360","chr6",26240653,26241022,"HIST1H4F"
"21361","chr6",26246839,26247205,"HIST1H4G"
"21362","chr6",26251878,26252304,"HIST1H2BH"
"21363","chr6",26271146,26271612,"HIST1H3G"
"21364","chr6",26272385,26272943,"BC079832"
"21365","chr6",26273203,26273641,"HIST1H2BI"
"21366","chr6",26281283,26285762,"HIST1H4H"
"21367","chr6",26365397,26378549,"BTN3A2"
"21368","chr6",26383323,26395101,"BTN2A2"
"21369","chr6",26402464,26415445,"BTN3A1"
"21370","chr6",26422316,26431929,"BTN2A3P"
"21371","chr6",26440699,26453644,"BTN3A3"
"21372","chr6",26458152,26476850,"BTN2A1"
"21373","chr6",26472172,26482737,"LOC285819"
"21374","chr6",26501457,26510653,"BTN1A1"
"21375","chr6",26521933,26527613,"HCG11"
"21376","chr6",26538571,26547165,"HMGN4"
"21377","chr6",26569551,26574927,"BC033330"
"21378","chr6",26597170,26600278,"ABT1"
"21379","chr6",26866010,26867685,"DQ571494"
"21380","chr6",26839266,26924333,"GUSBP2"
"21381","chr6",26924771,26991754,"LINC00240"
"21382","chr6",26987145,26988085,"LOC100270746"
"21383","chr6",27092762,27100572,"BC014312"
"21384","chr6",27100095,27100575,"HIST1H2BJ"
"21385","chr6",27100816,27101315,"HIST1H2AG"
"21386","chr6",27107087,27107458,"HIST1H4I"
"21387","chr6",27106072,27114637,"HIST1H2BK"
"21388","chr6",27114907,27115347,"HIST1H2AH"
"21389","chr6",27115404,27115468,"MIR3143"
"21390","chr6",27215501,27224400,"PRSS16"
"21391","chr6",27276842,27280011,"POM121L2"
"21392","chr6",27292539,27293742,"FKSG83"
"21393","chr6",27325602,27343153,"ZNF204P"
"21394","chr6",27356523,27369228,"ZNF391"
"21395","chr6",27356537,27357614,"BC132797"
"21396","chr6",27357717,27358703,"AX747641"
"21397","chr6",27418521,27440897,"ZNF184"
"21398","chr6",27661813,27678002,"LOC100507173"
"21399","chr6",27729522,27730967,"LOC100131289"
"21400","chr6",27775257,27775709,"HIST1H2BL"
"21401","chr6",27775976,27778315,"HIST1H3H"
"21402","chr6",27782080,27782518,"HIST1H2AJ"
"21403","chr6",27782821,27783268,"HIST1H2BM"
"21404","chr6",27791902,27792259,"HIST1H4J"
"21405","chr6",27793689,27794716,"FKSG63"
"21406","chr6",27798952,27799305,"HIST1H4K"
"21407","chr6",27805658,27806117,"HIST1H2AK"
"21408","chr6",27806322,27819975,"HIST1H2BN"
"21409","chr6",27833106,27833577,"HIST1H2AL"
"21410","chr6",27834570,27835359,"HIST1H1B"
"21411","chr6",27839623,27840099,"HIST1H3I"
"21412","chr6",27840926,27841289,"HIST1H4L"
"21413","chr6",27858093,27858570,"HIST1H3J"
"21414","chr6",27860477,27860963,"HIST1H2AM"
"21415","chr6",27861202,27861670,"HIST1H2BO"
"21416","chr6",27878963,27880174,"OR2B2"
"21417","chr6",27925018,27925961,"OR2B6"
"21418","chr6",28048481,28057341,"ZNF165"
"21419","chr6",28058928,28063494,"ZSCAN12P1"
"21420","chr6",28092386,28097857,"ZSCAN16"
"21421","chr6",28058454,28105071,"AK309286"
"21422","chr6",28109715,28125237,"ZNF192"
"21423","chr6",28129569,28131290,"AK311106"
"21424","chr6",28134728,28134757,"DQ581281"
"21425","chr6",28183116,28186707,"TOB2P1"
"21426","chr6",28193028,28201265,"ZNF193"
"21427","chr6",28212490,28227011,"ZKSCAN4"
"21428","chr6",28227097,28228737,"NKAPL"
"21429","chr6",28234787,28245981,"ZNF187"
"21430","chr6",28249313,28270327,"PGBD1"
"21431","chr6",28292515,28324048,"ZNF323"
"21432","chr6",28317690,28336955,"ZKSCAN3"
"21433","chr6",28346598,28367544,"ZSCAN12"
"21434","chr6",28393287,28411279,"ZSCAN23"
"21435","chr6",28471073,28483570,"GPX6"
"21436","chr6",28493788,28502729,"GPX5"
"21437","chr6",28539407,28555112,"SCAND3"
"21438","chr6",28555154,28559525,"AK056211"
"21439","chr6",28827402,28831454,"LOC401242"
"21440","chr6",28870779,28891768,"TRIM27"
"21441","chr6",28962594,28973093,"ZNF311"
"21442","chr6",29003999,29044518,"LOC100129636"
"21443","chr6",29011990,29012952,"OR2W1"
"21444","chr6",29053985,29055090,"OR2B3"
"21445","chr6",29079667,29080604,"OR2J3"
"21446","chr6",29141310,29142352,"OR2J2"
"21447","chr6",29274466,29275433,"OR14J1"
"21448","chr6",29323007,29324054,"OR5V1"
"21449","chr6",29341200,29343068,"OR12D3"
"21450","chr6",29364415,29365449,"OR12D2"
"21451","chr6",29393281,29395509,"OR11A1"
"21452","chr6",29407715,29408755,"OR10C1"
"21453","chr6",29395419,29424848,"6M1-18"
"21454","chr6",29426229,29432100,"OR2H1"
"21455","chr6",29454543,29455679,"MAS1L"
"21456","chr6",29497182,29501346,"LOC100507362"
"21457","chr6",29499232,29500438,"DQ573101"
"21458","chr6",29523389,29527702,"UBD"
"21459","chr6",29550028,29550106,"SNORD32B"
"21460","chr6",29555682,29556746,"OR2H2"
"21461","chr6",29570005,29600962,"GABBR1"
"21462","chr6",29624757,29640150,"MOG"
"21463","chr6",29640169,29644931,"ZFP57"
"21464","chr6",29691116,29706967,"HLA-F"
"21465","chr6",29694378,29716826,"HLA-F-AS1"
"21466","chr6",29718584,29718925,"IFITM4P"
"21467","chr6",29759099,29765585,"LOC554223"
"21468","chr6",29758808,29760850,"HCG4"
"21471","chr6",29892369,29893428,"HCG4B"
"21472","chr6",29894105,29897505,"BC035647"
"21473","chr6",29910246,29913662,"HLA-A"
"21474","chr6",29910308,29911339,"AK309533"
"21475","chr6",29867168,29911213,"AK097625"
"21476","chr6",29942891,29946178,"HCG9"
"21477","chr6",29979875,29981277,"UNQ6501"
"21478","chr6",29968788,30029417,"ZNRD1-AS1"
"21479","chr6",30029035,30032687,"ZNRD1"
"21480","chr6",30034931,30038109,"PPP1R11"
"21481","chr6",30038043,30043628,"RNF39"
"21482","chr6",30070674,30080867,"TRIM31"
"21483","chr6",30093185,30095185,"DQ580846"
"21484","chr6",30103884,30116513,"TRIM40"
"21485","chr6",30119723,30128711,"TRIM10"
"21486","chr6",30130982,30140474,"TRIM15"
"21487","chr6",30152232,30181271,"TRIM26"
"21488","chr6",30227338,30234729,"HLA-L"
"21489","chr6",30294255,30311507,"TRIM39"
"21490","chr6",30255174,30294927,"HCG18"
"21491","chr6",30297087,30314636,"TRIM39-RPP21"
"21492","chr6",30457182,30461983,"HLA-E"
"21493","chr6",30509155,30525371,"GNL1"
"21494","chr6",30524485,30532474,"PRR3"
"21495","chr6",30539169,30559310,"ABCF1"
"21496","chr6",30552108,30552195,"MIR877"
"21497","chr6",30568182,30585020,"PPP1R10"
"21498","chr6",30585485,30594175,"MRPS18B"
"21499","chr6",30594612,30614599,"ATAT1"
"21500","chr6",30614815,30620988,"C6orf136"
"21501","chr6",30620896,30640830,"DHX16"
"21502","chr6",30644166,30655672,"PPP1R18"
"21503","chr6",30655826,30659058,"NRM"
"21504","chr6",30667584,30685458,"MDC1"
"21505","chr6",30688156,30693196,"TUBB"
"21506","chr6",30695511,30710453,"FLOT1"
"21507","chr6",30710976,30712327,"IER3"
"21508","chr6",30780643,30798436,"AK098012"
"21509","chr6",30850693,30867934,"DDR1"
"21510","chr6",30858659,30858750,"MIR4640"
"21511","chr6",30875976,30882815,"GTF2H4"
"21512","chr6",30881587,30894236,"VARS2"
"21513","chr6",30899127,30899952,"SFTA2"
"21514","chr6",30908776,30921999,"DPCR1"
"21515","chr6",30951484,30957676,"MUC21"
"21516","chr6",30973728,31003180,"MUC22"
"21517","chr6",31021226,31027656,"PBMUCL2"
"21518","chr6",31021983,31027654,"HCG22"
"21519","chr6",31079000,31080332,"C6orf15"
"21520","chr6",31082607,31107870,"PSORS1C1"
"21521","chr6",31082865,31088252,"CDSN"
"21522","chr6",31105311,31107127,"PSORS1C2"
"21523","chr6",31110216,31126015,"CCHCR1"
"21524","chr6",31126302,31131993,"TCF19"
"21525","chr6",31133727,31138277,"POU5F1"
"21526","chr6",31141512,31145676,"PSORS1C3"
"21527","chr6",31165536,31171746,"HCG27"
"21528","chr6",31236526,31239913,"HLA-C"
"21529","chr6",31238850,31324989,"HLA-B"
"21530","chr6",31367560,31383091,"MICA"
"21531","chr6",31430956,31433587,"HCP5"
"21532","chr6",31431623,31433482,"PMSP"
"21533","chr6",31439005,31440186,"HCG26"
"21534","chr6",31462657,31478902,"MICB"
"21535","chr6",31496738,31498009,"MCCD1"
"21536","chr6",31497996,31514625,"DDX39B"
"21537","chr6",31504151,31504226,"SNORD117"
"21538","chr6",31508878,31508955,"SNORD84"
"21539","chr6",31514627,31527678,"NFKBIL1"
"21540","chr6",31539875,31542099,"LTA"
"21541","chr6",31543349,31546113,"TNF"
"21542","chr6",31548336,31550202,"LTB"
"21543","chr6",31553955,31556687,"LST1"
"21544","chr6",31556660,31560762,"NCR3"
"21545","chr6",31582993,31584799,"AIF1"
"21546","chr6",31588449,31605555,"PRRC2A"
"21547","chr6",31590855,31590988,"SNORA38"
"21548","chr6",31592669,31594338,"AF075059"
"21549","chr6",31606805,31620477,"BAG6"
"21550","chr6",31620220,31625988,"APOM"
"21551","chr6",31626075,31628549,"C6orf47"
"21552","chr6",31629006,31634060,"GPANK1"
"21553","chr6",31633656,31637844,"CSNK2B"
"21554","chr6",31638727,31640228,"LY6G5B"
"21555","chr6",31644461,31651817,"LY6G5C"
"21556","chr6",31668806,31668868,"MIR4646"
"21557","chr6",31654726,31681842,"ABHD16A"
"21558","chr6",31674683,31685582,"LY6G6F"
"21559","chr6",31686425,31689511,"LY6G6C"
"21560","chr6",31691120,31694486,"C6orf25"
"21561","chr6",31694817,31698039,"DDAH2"
"21562","chr6",31698358,31704341,"CLIC1"
"21563","chr6",31707724,31730946,"MSH5"
"21564","chr6",31727201,31732625,"SAPCD1"
"21565","chr6",31733371,31745108,"VWA7"
"21566","chr6",31745297,31763712,"VARS"
"21567","chr6",31765169,31774761,"LSM2"
"21568","chr6",31777396,31783501,"HSPA1L"
"21569","chr6",31783290,31785720,"HSPA1A"
"21570","chr6",31783319,31798032,"HSPA1B"
"21571","chr6",31783320,31785722,"AK298056"
"21572","chr6",31802692,31807542,"C6orf48"
"21573","chr6",31803039,31803104,"SNORD48"
"21574","chr6",31804852,31804917,"SNORD52"
"21575","chr6",31826829,31830709,"NEU1"
"21576","chr6",31830970,31846823,"SLC44A4"
"21577","chr6",31847537,31865464,"EHMT2"
"21578","chr6",31865561,31913450,"C2"
"21579","chr6",31867394,31869769,"ZBTB12"
"21580","chr6",31913720,31919862,"CFB"
"21581","chr6",31924616,31924717,"MIR1236"
"21582","chr6",31926580,31937533,"SKIV2L"
"21583","chr6",31919864,31926864,"RDBP"
"21584","chr6",31938951,31981962,"STK19"
"21585","chr6",31937588,31940032,"DOM3Z"
"21586","chr6",31949833,32003196,"LOC100293534"
"21587","chr6",31950494,31985207,"C4A"
"21588","chr6",31973358,32009448,"CYP21A2"
"21590","chr6",32083045,32096017,"ATF6B"
"21591","chr6",32096484,32098067,"FKBPL"
"21592","chr6",32116140,32120860,"PRRT1"
"21593","chr6",32121228,32139756,"PPT2"
"21594","chr6",32120579,32122142,"LOC100507547"
"21595","chr6",32132355,32136314,"EGFL8"
"21596","chr6",32135983,32145888,"AGPAT1"
"21597","chr6",32146161,32148571,"RNF5"
"21598","chr6",32148745,32152099,"AGER"
"21599","chr6",32152510,32157963,"PBX2"
"21600","chr6",32158543,32163300,"GPSM3"
"21601","chr6",32162620,32191844,"NOTCH4"
"21602","chr6",32223487,32233616,"AK123889"
"21603","chr6",32256303,32339656,"C6orf10"
"21604","chr6",32358286,32361469,"HCG23"
"21605","chr6",32362513,32374900,"BTNL2"
"21606","chr6",32407618,32412827,"HLA-DRA"
"21607","chr6",32485154,32557613,"HLA-DRB5"
"21608","chr6",32520490,32552155,"HLA-DRB6"
"21609","chr6",32546123,32546497,"AK293020"
"21610","chr6",32489683,32549615,"HLA-DRB1"
"21611","chr6",32605182,32614840,"HLA-DQA1"
"21612","chr6",32627241,32634466,"HLA-DQB1"
"21613","chr6",32709162,32714665,"HLA-DQA2"
"21614","chr6",32723875,32731330,"HLA-DQB2"
"21615","chr6",32780540,32784825,"HLA-DOB"
"21616","chr6",32781500,32806547,"TAP2"
"21617","chr6",32808494,32812712,"PSMB8"
"21618","chr6",32811862,32814278,"LOC100507463"
"21619","chr6",32812986,32821748,"TAP1"
"21620","chr6",32821937,32827629,"PSMB9"
"21621","chr6",32861952,32871536,"LOC100294145"
"21622","chr6",32902406,32908847,"HLA-DMB"
"21623","chr6",32916391,32920899,"HLA-DMA"
"21624","chr6",32936436,32949283,"BRD2"
"21625","chr6",32971960,32977389,"HLA-DOA"
"21626","chr6",33032346,33048555,"HLA-DPA1"
"21627","chr6",33043702,33057474,"HLA-DPB1"
"21628","chr6",33080292,33096891,"HLA-DPB2"
"21629","chr6",33130469,33160245,"COL11A2"
"21630","chr6",33161365,33168630,"RXRB"
"21631","chr6",33167336,33167411,"JA611279"
"21632","chr6",33168602,33172215,"SLC39A7"
"21633","chr6",33172418,33174608,"HSD17B8"
"21634","chr6",33175611,33175722,"MIR219-1"
"21635","chr6",33176285,33180500,"RING1"
"21636","chr6",33217312,33222668,"HCG25"
"21637","chr6",33218049,33239739,"VPS52"
"21638","chr6",33239851,33244282,"RPS18"
"21639","chr6",33244916,33246603,"B3GALT4"
"21640","chr6",33246880,33257304,"WDR46"
"21641","chr6",33257377,33258712,"PFDN6"
"21642","chr6",33259431,33267165,"RGL2"
"21643","chr6",33267471,33268437,"NGS-17"
"21644","chr6",33267472,33282164,"TAPBP"
"21645","chr6",33282182,33285719,"ZBTB22"
"21646","chr6",33286335,33290793,"DAXX"
"21647","chr6",33359312,33377700,"KIFC1"
"21648","chr6",33367539,33368373,"BC146941"
"21649","chr6",33378772,33384231,"PHF1"
"21650","chr6",33384319,33386065,"CUTA"
"21651","chr6",33387846,33421467,"SYNGAP1"
"21652","chr6",33422355,33425321,"ZBTB9"
"21653","chr6",33540323,33548070,"BAK1"
"21654","chr6",33551475,33556804,"GGNBP1"
"21655","chr6",33553883,33561115,"LINC00336"
"21656","chr6",33589155,33664349,"ITPR3"
"21657","chr6",33662057,33666434,"SBP1"
"21658","chr6",33665346,33679504,"C6orf125"
"21659","chr6",33689443,33714762,"IP6K3"
"21660","chr6",33738990,33756906,"LEMD2"
"21661","chr6",33762449,33771793,"MLN"
"21662","chr6",33836692,33836724,"DQ591368"
"21663","chr6",33836897,33836927,"DQ588775"
"21664","chr6",33838046,33838090,"DQ575620"
"21665","chr6",33838531,33838577,"DQ574302"
"21666","chr6",33839234,33839264,"DQ582547"
"21667","chr6",33839353,33839408,"DQ574483"
"21668","chr6",33839760,33839794,"DQ593162"
"21669","chr6",33839982,33840022,"DQ597035"
"21670","chr6",33840037,33840068,"DQ588564"
"21671","chr6",33840069,33840099,"DQ595963"
"21672","chr6",33840688,33840721,"DQ587023"
"21673","chr6",33842074,33842118,"DQ601690"
"21674","chr6",33842349,33842378,"DQ577977"
"21675","chr6",33843184,33843217,"DQ575513"
"21676","chr6",33843234,33843263,"DQ573052"
"21677","chr6",33843306,33843335,"DQ578049"
"21678","chr6",33843706,33843736,"DQ577182"
"21679","chr6",33844275,33844303,"DQ584412"
"21680","chr6",33844328,33844366,"DQ584979"
"21681","chr6",33844423,33844452,"DQ582579"
"21682","chr6",33844701,33844792,"DQ589683"
"21683","chr6",33844802,33844845,"DQ593611"
"21684","chr6",33844864,33844894,"DQ594410"
"21685","chr6",33844971,33845008,"DQ582841"
"21686","chr6",33845038,33845071,"DQ575895"
"21687","chr6",33845361,33845396,"DQ575530"
"21688","chr6",33845417,33845475,"DQ575377"
"21689","chr6",33845546,33845575,"DQ586570"
"21690","chr6",33846087,33846117,"DQ593990"
"21691","chr6",33846532,33846576,"DQ573704"
"21692","chr6",33846637,33846666,"DQ579654"
"21693","chr6",33846860,33846895,"DQ570748"
"21694","chr6",33847282,33847332,"DQ599657"
"21695","chr6",33847341,33847375,"DQ596290"
"21696","chr6",33847407,33847467,"DQ601334"
"21697","chr6",33848972,33849014,"DQ584108"
"21698","chr6",33849272,33849307,"DQ577931"
"21699","chr6",33849612,33849646,"DQ575305"
"21700","chr6",33850009,33850051,"DQ586699"
"21701","chr6",33850092,33850129,"DQ575290"
"21702","chr6",33850753,33850802,"DQ572560"
"21703","chr6",33851933,33851994,"DQ575175"
"21704","chr6",33853295,33853325,"DQ574159"
"21705","chr6",33853348,33853381,"DQ575062"
"21706","chr6",33853740,33853784,"DQ599837"
"21707","chr6",33854973,33855002,"DQ587590"
"21708","chr6",33855169,33855211,"DQ595081"
"21709","chr6",33856203,33856246,"DQ570026"
"21710","chr6",33856386,33856426,"DQ599581"
"21711","chr6",33857071,33857107,"DQ595416"
"21712","chr6",33859438,33859470,"DQ584005"
"21713","chr6",33860254,33860321,"DQ597072"
"21714","chr6",33857288,33864684,"LOC100507584"
"21715","chr6",33860544,33860575,"DQ594437"
"21716","chr6",33860603,33860636,"DQ571863"
"21717","chr6",33860598,33860626,"DQ585264"
"21718","chr6",33860645,33860677,"DQ593272"
"21719","chr6",33860628,33860656,"DQ571410"
"21720","chr6",33862895,33864467,"DQ589635"
"21721","chr6",33865514,33865552,"DQ599760"
"21722","chr6",33865587,33865618,"DQ578421"
"21723","chr6",33865676,33865717,"DQ600887"
"21724","chr6",33866040,33866093,"DQ583382"
"21725","chr6",33866162,33866197,"DQ574291"
"21726","chr6",33866237,33866271,"DQ590088"
"21727","chr6",33866369,33866402,"DQ588801"
"21728","chr6",33866586,33866626,"DQ592196"
"21729","chr6",33866715,33866822,"DQ571485"
"21730","chr6",33866907,33866940,"DQ572638"
"21731","chr6",33867037,33867089,"DQ590110"
"21732","chr6",33867289,33867327,"DQ587803"
"21733","chr6",33867390,33867421,"DQ592861"
"21734","chr6",33867503,33867546,"DQ601324"
"21735","chr6",33867617,33867694,"DQ583111"
"21736","chr6",33867725,33867772,"DQ583986"
"21737","chr6",33868324,33868394,"DQ600101"
"21738","chr6",33868573,33868612,"DQ599137"
"21739","chr6",33868660,33868691,"DQ597264"
"21740","chr6",33869143,33869175,"DQ590825"
"21741","chr6",33869312,33869347,"DQ578079"
"21742","chr6",33869383,33869423,"DQ578686"
"21743","chr6",33869755,33869824,"DQ601655"
"21744","chr6",33869912,33869943,"DQ591577"
"21745","chr6",33870300,33870328,"DQ571738"
"21746","chr6",33870425,33870478,"DQ589976"
"21747","chr6",33870637,33870687,"DQ587230"
"21748","chr6",33870715,33870745,"DQ576197"
"21749","chr6",33870855,33870898,"DQ570651"
"21750","chr6",33870927,33870973,"DQ599973"
"21751","chr6",33871585,33871621,"DQ596554"
"21752","chr6",33871660,33871702,"DQ597719"
"21753","chr6",33871715,33871757,"DQ571433"
"21754","chr6",33871876,33871912,"DQ596227"
"21755","chr6",33871993,33872082,"DQ600808"
"21756","chr6",33872217,33872252,"DQ576849"
"21757","chr6",33872300,33872342,"DQ586674"
"21758","chr6",33872410,33872462,"DQ573006"
"21759","chr6",33872530,33872571,"DQ599213"
"21760","chr6",33872606,33872651,"DQ594165"
"21761","chr6",33872810,33872889,"DQ587262"
"21762","chr6",33873015,33873068,"DQ573430"
"21763","chr6",33873285,33873317,"DQ578525"
"21764","chr6",33873326,33873381,"DQ597061"
"21765","chr6",33873506,33873574,"DQ573348"
"21766","chr6",33873784,33873833,"DQ579247"
"21767","chr6",33874087,33874119,"DQ597052"
"21768","chr6",33874158,33874218,"DQ600333"
"21769","chr6",33874314,33874454,"DQ589422"
"21770","chr6",33874995,33875037,"DQ586584"
"21771","chr6",33875267,33875312,"DQ597137"
"21772","chr6",33875463,33875496,"DQ571282"
"21773","chr6",33876055,33876095,"DQ570892"
"21774","chr6",33876097,33876159,"DQ570017"
"21775","chr6",33876552,33876601,"DQ589393"
"21776","chr6",33876603,33876636,"DQ589595"
"21777","chr6",33876660,33876701,"DQ598002"
"21778","chr6",33876730,33876838,"DQ592096"
"21779","chr6",33877007,33877045,"DQ584058"
"21780","chr6",33877543,33877581,"DQ579071"
"21781","chr6",33877627,33877677,"DQ586217"
"21782","chr6",33877783,33877835,"DQ575913"
"21783","chr6",33877982,33878016,"DQ595616"
"21784","chr6",33878152,33878220,"DQ589313"
"21785","chr6",33878245,33878286,"DQ579683"
"21786","chr6",33878303,33878379,"DQ579150"
"21787","chr6",33878523,33878555,"DQ570403"
"21788","chr6",33878770,33878817,"DQ575962"
"21789","chr6",33878878,33885986,"AL832447"
"21790","chr6",33967749,33967828,"MIR1275"
"21792","chr6",34204576,34214009,"HMGA1"
"21793","chr6",34212964,34214008,"BC015662"
"21794","chr6",34214157,34216904,"C6orf1"
"21795","chr6",34247456,34249545,"DQ572964"
"21796","chr6",34252327,34253796,"DQ591995"
"21798","chr6",34385231,34393818,"RPS10"
"21799","chr6",34433852,34504040,"PACSIN1"
"21800","chr6",34505579,34524110,"SPDEF"
"21802","chr6",34724870,34741635,"SNRPC"
"21803","chr6",34759793,34853119,"UHRF1BP1"
"21804","chr6",34845555,34855819,"TAF11"
"21806","chr6",35085849,35109187,"TCP11"
"21807","chr6",35172922,35178950,"AY927475"
"21808","chr6",35182189,35218610,"SCUBE3"
"21809","chr6",35226685,35263761,"ZNF76"
"21810","chr6",35265594,35289549,"DEF6"
"21811","chr6",35310334,35395969,"PPARD"
"21812","chr6",35420137,35434882,"FANCE"
"21813","chr6",35436177,35438559,"RPL10A"
"21814","chr6",35441374,35464861,"TEAD3"
"21815","chr6",35465651,35480647,"TULP1"
"21817","chr6",35694539,35704724,"LOC285847"
"21818","chr6",35704858,35716689,"ARMC12"
"21819","chr6",35744391,35747330,"C6orf126"
"21820","chr6",35748830,35755842,"C6orf127"
"21821","chr6",35762759,35765121,"CLPS"
"21822","chr6",35773070,35791853,"LHFPL5"
"21823","chr6",35800811,35888957,"SRPK1"
"21824","chr6",35911291,35992413,"SLC26A8"
"21825","chr6",35995453,36079014,"MAPK14"
"21826","chr6",36098261,36107843,"MAPK13"
"21827","chr6",36125845,36163947,"BC042825"
"21828","chr6",36164549,36200568,"BRPF3"
"21829","chr6",36210944,36276373,"PNPLA1"
"21830","chr6",36283535,36304662,"C6orf222"
"21831","chr6",36321998,36355577,"ETV7"
"21832","chr6",36410543,36458316,"KCTD20"
"21833","chr6",36358329,36410666,"PXT1"
"21834","chr6",36461669,36515247,"STK38"
"21835","chr6",36562089,36572245,"SRSF3"
"21836","chr6",36590213,36590289,"MIR3925"
"21837","chr6",36644236,36655117,"CDKN1A"
"21838","chr6",36665627,36700961,"AK125083"
"21839","chr6",36708555,36807220,"CPNE5"
"21840","chr6",36807550,36816400,"AK096023"
"21841","chr6",36839645,36896741,"C6orf89"
"21842","chr6",36822606,36842800,"PPIL1"
"21843","chr6",36916038,36932614,"PI16"
"21844","chr6",36935917,36953949,"MTCH1"
"21845","chr6",36973422,36996846,"FGD2"
"21846","chr6",37137921,37143205,"PIM1"
"21847","chr6",37179954,37225931,"TMEM217"
"21848","chr6",37225547,37300747,"TBC1D22B"
"21849","chr6",37321747,37362515,"RNF8"
"21850","chr6",37400906,37449285,"FTSJD2"
"21851","chr6",37450697,37467700,"CCDC167"
"21852","chr6",37523141,37523198,"MIR4462"
"21853","chr6",37600284,37665766,"MDGA1"
"21854","chr6",37618995,37620094,"AY927499"
"21856","chr6",38147073,38149011,"AX747659"
"21858","chr6",38643702,38670952,"GLO1"
"21860","chr6",38874271,38920883,"LOC100131047"
"21861","chr6",39016556,39055521,"GLP1R"
"21862","chr6",39071840,39082865,"SAYSD1"
"21863","chr6",39156747,39197251,"KCNK5"
"21864","chr6",39266777,39282237,"KCNK17"
"21865","chr6",39282474,39290330,"KCNK16"
"21868","chr6",39851292,39854344,"AX747174"
"21869","chr6",39872034,39902290,"MOCS1"
"21870","chr6",40312084,40323745,"FLJ41649"
"21871","chr6",40346131,40346177,"DQ571907"
"21872","chr6",40346162,40347632,"TDRG1"
"21874","chr6",40994640,41039015,"UNC5CL"
"21875","chr6",41010236,41012077,"TSPO2"
"21876","chr6",41020939,41032631,"APOBEC2"
"21877","chr6",41034531,41040268,"C6orf130"
"21878","chr6",41040706,41070147,"NFYA"
"21879","chr6",41068772,41108574,"LOC221442"
"21880","chr6",41117342,41122070,"TREML1"
"21881","chr6",41126246,41130922,"TREM2"
"21882","chr6",41157552,41168925,"TREML2"
"21883","chr6",41176292,41185685,"TREML3"
"21884","chr6",41196061,41206121,"TREML4"
"21885","chr6",41217114,41217328,"TREML2P1"
"21886","chr6",41242999,41254457,"TREM1"
"21887","chr6",41303527,41318626,"NCR2"
"21888","chr6",41470181,41487591,"DQ141194"
"21889","chr6",41514163,41570123,"FOXP4"
"21890","chr6",41566451,41566532,"MIR4641"
"21891","chr6",41606194,41621983,"MDFI"
"21892","chr6",41651716,41703997,"TFEB"
"21893","chr6",41704449,41715139,"PGC"
"21894","chr6",41737914,41747630,"FRS3"
"21895","chr6",41748499,41757635,"PRICKLE4"
"21896","chr6",41754177,41757634,"TOMM6"
"21897","chr6",41765383,41863099,"USP49"
"21898","chr6",41873092,41888877,"MED20"
"21899","chr6",41888964,41900785,"BYSL"
"21901","chr6",42018250,42055200,"TAF8"
"21902","chr6",42068857,42110715,"C6orf132"
"21903","chr6",42123143,42147795,"GUCA1A"
"21904","chr6",42151022,42162694,"GUCA1B"
"21905","chr6",42174539,42185633,"MRPS10"
"21908","chr6",42664333,42690358,"PRPH2"
"21909","chr6",42695121,42695174,"DQ582057"
"21910","chr6",42695313,42695933,"ATP6V0CP3"
"21911","chr6",42712234,42713884,"TBCC"
"21912","chr6",42749789,42836297,"KIAA0240"
"21913","chr6",42847670,42855669,"RPL7L1"
"21914","chr6",42855730,42857577,"DQ581019"
"21915","chr6",42858003,42858554,"C6orf226"
"21916","chr6",42883726,42893576,"PTCRA"
"21917","chr6",42896859,42907009,"CNPY3"
"21918","chr6",42928499,42931619,"GNMT"
"21919","chr6",42929295,42929645,"BC040637"
"21920","chr6",42931611,42946981,"PEX6"
"21921","chr6",42952329,42980081,"PPP2R5D"
"21922","chr6",42948082,42981660,"MEA1"
"21923","chr6",42981840,42989037,"KLHDC3"
"21924","chr6",42989384,42997338,"RRP36"
"21925","chr6",43008514,43042834,"KLC4"
"21926","chr6",43005355,43021683,"CUL7"
"21927","chr6",43021767,43027242,"MRPL2"
"21928","chr6",43044028,43129458,"PTK7"
"21929","chr6",43127275,43129452,"AX748119"
"21930","chr6",43138919,43149245,"SRF"
"21931","chr6",43149921,43192326,"CUL9"
"21932","chr6",43193367,43197211,"C6orf108"
"21933","chr6",43211221,43255998,"TTBK1"
"21934","chr6",43265997,43273277,"SLC22A7"
"21935","chr6",43273211,43276530,"CRIP3"
"21936","chr6",43278871,43337181,"ZNF318"
"21937","chr6",43395291,43418164,"ABCC10"
"21938","chr6",43418090,43423786,"DLK2"
"21939","chr6",43445260,43474295,"TJAP1"
"21940","chr6",43474707,43478424,"LRRC73"
"21941","chr6",43479565,43484728,"YIPF3"
"21942","chr6",43484776,43497115,"POLR1C"
"21943","chr6",43490068,43543812,"XPO5"
"21944","chr6",43543877,43588261,"POLH"
"21945","chr6",43588218,43596936,"GTPBP2"
"21946","chr6",43597278,43608689,"MAD2L1BP"
"21947","chr6",43612766,43638749,"RSPH9"
"21948","chr6",43638934,43655549,"MRPS18A"
"21949","chr6",43737945,43754224,"VEGFA"
"21950","chr6",43746210,43746262,"HV497030"
"21951","chr6",43812608,43820054,"AK097853"
"21952","chr6",43858764,43905945,"LOC100132354"
"21953","chr6",43968336,43973695,"C6orf223"
"21954","chr6",43964177,44042389,"AK024736"
"21955","chr6",44081373,44095191,"MRPL14"
"21956","chr6",44095375,44123257,"TMEM63B"
"21957","chr6",44126547,44152140,"CAPN11"
"21958","chr6",44187241,44201889,"SLC29A1"
"21959","chr6",44214848,44221615,"HSP90AB1"
"21960","chr6",44221943,44222022,"MIR4647"
"21961","chr6",44221838,44225283,"SLC35B2"
"21962","chr6",44225903,44233525,"NFKBIE"
"21963","chr6",44238479,44275967,"TMEM151B"
"21965","chr6",44247897,44265458,"TCTE1"
"21966","chr6",44266463,44281063,"AARS2"
"21967","chr6",44355250,44418162,"CDC5L"
"21968","chr6",44403377,44403460,"MIR4642"
"21969","chr6",44698854,44705094,"BX647715"
"21971","chr6",45165411,45165507,"MIR586"
"21974","chr6",46097700,46114437,"ENPP4"
"21975","chr6",46127762,46138717,"ENPP5"
"21976","chr6",46172959,46173270,"HM358993"
"21978","chr6",46459788,46501218,"BC042616"
"21980","chr6",46620651,46645928,"SLC25A27"
"21981","chr6",46655611,46672057,"TDRD6"
"21982","chr6",46672053,46703430,"PLA2G7"
"21983","chr6",46714653,46726955,"LOC100287718"
"21984","chr6",46761093,46807520,"MEP1A"
"21986","chr6",46871209,46877767,"BC042990"
"21987","chr6",46967813,47010082,"GPR110"
"21988","chr6",47199268,47277680,"TNFRSF21"
"21990","chr6",47624221,47665534,"GPR111"
"21991","chr6",47653599,47689758,"GPR115"
"21992","chr6",47749774,47794117,"OPN5"
"21994","chr6",49398073,49431041,"MUT"
"21995","chr6",49431095,49460821,"CENPQ"
"21996","chr6",49467670,49495778,"GLYATL3"
"21997","chr6",49518112,49529626,"C6orf141"
"21998","chr6",49572890,49604587,"RHAG"
"21999","chr6",49660072,49681299,"CRISP2"
"22000","chr6",49695092,49712168,"CRISP3"
"22001","chr6",49753364,49755053,"PGK2"
"22002","chr6",49783206,49792479,"BC067243"
"22003","chr6",49801979,49844809,"CRISP1"
"22004","chr6",49913814,49917157,"DEFB133"
"22005","chr6",49928005,49931818,"DEFB114"
"22006","chr6",49936390,49937338,"DEFB113"
"22007","chr6",49976851,49989694,"DEFB110"
"22008","chr6",50011288,50016364,"DEFB112"
"22009","chr6",50681256,50740747,"TFAP2D"
"22010","chr6",50786438,50815327,"TFAP2B"
"22012","chr6",52009146,52009233,"MIR206"
"22013","chr6",52013720,52013840,"MIR133B"
"22014","chr6",52051184,52055437,"IL17A"
"22015","chr6",52101484,52109298,"IL17F"
"22016","chr6",52128812,52149582,"MCM3"
"22017","chr6",52226925,52272576,"PAQR8"
"22019","chr6",52362200,52441862,"TRAM2"
"22020","chr6",52442104,52448784,"AK095117"
"22021","chr6",52529198,52533952,"LOC730101"
"22022","chr6",52535883,52551386,"TMEM14A"
"22023","chr6",52604261,52609957,"GSTA7P"
"22024","chr6",52614885,52628361,"GSTA2"
"22025","chr6",52656178,52668664,"GSTA1"
"22026","chr6",52696541,52710893,"GSTA5"
"22027","chr6",52761439,52774496,"GSTA3"
"22028","chr6",52856572,52859054,"AK125212"
"22029","chr6",52842746,52860178,"GSTA4"
"22030","chr6",52866098,52926600,"ICK"
"22031","chr6",52929795,52965671,"FBXO9"
"22032","chr6",52991760,53013624,"GCM1"
"22033","chr6",53134256,53135525,"BC009838"
"22034","chr6",53132196,53213977,"ELOVL5"
"22035","chr6",53362140,53409927,"GCLC"
"22036","chr6",53426087,53481967,"AK126334"
"22037","chr6",53516383,53518905,"AX746830"
"22038","chr6",53512699,53530506,"KLHL31"
"22040","chr6",53794843,53862466,"AK056584"
"22042","chr6",54173202,54254951,"TINAG"
"22043","chr6",54639170,54639196,"JA072123"
"22044","chr6",54711568,54806820,"FAM83B"
"22045","chr6",55009501,55039609,"EF633108"
"22047","chr6",55192266,55267292,"GFRAL"
"22052","chr6",56819772,56892143,"BEND6"
"22053","chr6",56911383,56920024,"KIAA1586"
"22054","chr6",56954827,57035099,"ZNF451"
"22055","chr6",56965018,56969404,"KIAA1702"
"22056","chr6",56979709,57037011,"BC032020"
"22057","chr6",57037103,57050013,"BAG2"
"22058","chr6",57053582,57087101,"RAB23"
"22060","chr6",58246159,58287724,"GUSBP4"
"22061","chr6",62284232,62284308,"MTRNR2L9"
"22063","chr6",63985856,64029882,"LGSN"
"22064","chr6",64231650,64293490,"PTP4A1"
"22065","chr6",64345724,64424406,"PHF3"
"22067","chr6",66011353,66014961,"AK302514"
"22068","chr6",66497771,66499377,"MCART3P"
"22069","chr6",68590881,68599051,"LOC648232"
"22073","chr6",70925743,71012786,"COL9A1"
"22075","chr6",71276624,71298607,"C6orf57"
"22077","chr6",71571069,71666788,"B3GAT2"
"22078","chr6",71998476,72012231,"OGFRL1"
"22079","chr6",72086663,72086734,"MIR30C2"
"22080","chr6",72113256,72113279,"DM119538"
"22081","chr6",72113297,72113320,"DM119539"
"22082","chr6",72113254,72113324,"MIR30A"
"22083","chr6",72124149,72130448,"LINC00472"
"22086","chr6",73677410,73677476,"MIR4282"
"22087","chr6",73933268,73935175,"KHDC1L"
"22089","chr6",73972949,73986226,"BC031876"
"22090","chr6",73977773,74001062,"AL832252"
"22091","chr6",73983862,74020088,"C6orf147"
"22092","chr6",74062785,74063999,"DPPA5"
"22093","chr6",74072399,74073899,"C6orf221"
"22094","chr6",74078280,74104816,"OOEP"
"22095","chr6",74104284,74127290,"DDX43"
"22096","chr6",74134856,74162043,"MB21D1"
"22097","chr6",74171453,74211180,"MTO1"
"22098","chr6",74228126,74228181,"DL491467"
"22099","chr6",74228272,74228299,"DQ590492"
"22100","chr6",74225473,74230755,"EEF1A1"
"22101","chr6",74303102,74363737,"SLC17A5"
"22103","chr6",74403626,74405743,"AK124950"
"22106","chr6",75947391,75953644,"COX7A2"
"22107","chr6",75962638,75994632,"TMEM30A"
"22108","chr6",75994729,76001581,"LOC100506804"
"22113","chr6",78171948,78173120,"HTR1B"
"22114","chr6",79577188,79656158,"IRAK1BP1"
"22116","chr6",79943390,79946518,"LOC100288198"
"22117","chr6",79910962,79944455,"HMGN3"
"22118","chr6",80017386,80023101,"BC070061"
"22119","chr6",80194708,80247147,"LCA5"
"22120","chr6",80340999,80413370,"SH3BGRL2"
"22121","chr6",80451635,80451670,"RNY4"
"22122","chr6",80513304,80580137,"C6orf7"
"22123","chr6",80624529,80657315,"ELOVL4"
"22124","chr6",80714321,80752245,"TTK"
"22126","chr6",82455447,82462428,"FAM46A"
"22127","chr6",82523003,82523909,"BC038576"
"22128","chr6",82879956,82957448,"IBTK"
"22129","chr6",83072922,83077134,"TPBG"
"22132","chr6",83874593,83903655,"PGM3"
"22133","chr6",83903031,83906257,"RWDD2A"
"22135","chr6",84222193,84235422,"PRSS35"
"22137","chr6",84562984,84567235,"RIPPLY2"
"22139","chr6",84743419,84800606,"MRAP2"
"22141","chr6",85397079,85473899,"TBX18"
"22142","chr6",86096937,86099904,"AK024998"
"22143","chr6",86159301,86205510,"NT5E"
"22144","chr6",86215215,86303629,"SNX14"
"22145","chr6",86317502,86353043,"SYNCRIP"
"22146","chr6",86387012,86387086,"SNORD50A"
"22147","chr6",86387307,86387377,"SNORD50B"
"22148","chr6",86386725,86388451,"SNHG5"
"22149","chr6",87647023,87726398,"HTR1E"
"22150","chr6",87795216,87804865,"CGA"
"22152","chr6",87992697,88038996,"GJB7"
"22153","chr6",88032305,88085429,"C6orf162"
"22154","chr6",88054570,88075182,"C6orf163"
"22155","chr6",88091719,88109460,"C6orf164"
"22156","chr6",88117689,88205859,"C6orf165"
"22157","chr6",88146443,88222058,"SLC35A1"
"22158","chr6",88218259,88218732,"AK299432"
"22159","chr6",88224096,88299735,"RARS2"
"22160","chr6",88299784,88377173,"ORC3"
"22161","chr6",88410194,88411242,"AKIRIN2-AS1"
"22162","chr6",88384578,88411985,"AKIRIN2"
"22164","chr6",88757506,88776551,"SPACA1"
"22165","chr6",88849585,88875767,"CNR1"
"22167","chr6",89790428,89794880,"PNRC1"
"22168","chr6",89805678,89827800,"SRSF12"
"22169","chr6",89855768,89875285,"PM20D2"
"22170","chr6",89887223,89927496,"GABRR1"
"22171","chr6",89967239,90024967,"GABRR2"
"22172","chr6",90036344,90062619,"UBE2J1"
"22173","chr6",90074335,90121995,"RRAGD"
"22175","chr6",90277863,90348474,"LYRM2"
"22177","chr6",90539618,90584156,"CASP8AP2"
"22178","chr6",90604187,90605820,"GJA10"
"22180","chr6",91022460,91022553,"MIR4464"
"22181","chr6",91225353,91296907,"MAP3K7"
"22182","chr6",92231377,92231456,"MIR4643"
"22183","chr6",92338754,92400146,"BC037927"
"22185","chr6",94416800,94486200,"TSG1"
"22186","chr6",96025372,96057329,"MANEA"
"22188","chr6",96969701,97003152,"UFL1"
"22189","chr6",97010423,97064513,"FHL5"
"22190","chr6",97241998,97285353,"GPR63"
"22191","chr6",97337187,97345767,"NDUFAF4"
"22195","chr6",98472406,98472496,"MIR2113"
"22196","chr6",99282579,99286667,"POU3F2"
"22197","chr6",99321601,99395849,"FBXL4"
"22198","chr6",99720793,99797531,"C6orf168"
"22199","chr6",99817348,99842082,"COQ3"
"22200","chr6",99846537,99848504,"BC033061"
"22201","chr6",99847841,99873207,"PNISR"
"22202","chr6",99872797,99875597,"DQ599242"
"22203","chr6",99880184,99963308,"USP45"
"22204","chr6",99968869,100033085,"LOC100130890"
"22205","chr6",99990263,100016690,"CCNC"
"22206","chr6",100054649,100063455,"PRDM13"
"22207","chr6",100441913,100524296,"LOC728012"
"22208","chr6",100367786,100442114,"MCHR2"
"22209","chr6",100836750,100912805,"SIM1"
"22212","chr6",101878709,101878736,"DQ585302"
"22215","chr6",105544699,105585049,"BVES"
"22216","chr6",105585561,105617820,"C6orf112"
"22217","chr6",105605775,105627858,"POPDC3"
"22219","chr6",106534194,106557815,"PRDM1"
"22221","chr6",106959304,107018335,"AIM1"
"22222","chr6",107018903,107078366,"RTN4IP1"
"22223","chr6",107077440,107116293,"QRSL1"
"22224","chr6",107165327,107235300,"LOC100422737"
"22225","chr6",107218005,107222877,"AK123416"
"22226","chr6",107349406,107372548,"C6orf203"
"22227","chr6",107386385,107435636,"BEND3"
"22231","chr6",108188960,108279482,"SEC63"
"22232","chr6",108362676,108365439,"AJ420489"
"22233","chr6",108362613,108395941,"OSTM1"
"22234","chr6",108444839,108479223,"AF520419"
"22235","chr6",108487214,108510014,"NR2E1"
"22236","chr6",108532717,108582464,"SNX3"
"22239","chr6",109072856,109091146,"LINC00222"
"22242","chr6",109416355,109485116,"CEP57L1"
"22243","chr6",109557816,109591721,"AK094715"
"22244","chr6",109615505,109629424,"CCDC162P"
"22245","chr6",109659677,109676152,"C6orf185"
"22246","chr6",109687717,109703762,"CD164"
"22247","chr6",109761930,109765123,"SMPD2"
"22248","chr6",109711418,109762374,"PPIL6"
"22249","chr6",109765266,109787171,"MICAL1"
"22250","chr6",109783719,109804440,"ZBTB24"
"22253","chr6",110299508,110301925,"GPR6"
"22254","chr6",110421022,110501207,"WASF1"
"22255","chr6",110501586,110553423,"CDC40"
"22257","chr6",110713383,110736753,"DDO"
"22258","chr6",110745892,110797844,"SLC22A16"
"22260","chr6",111135823,111216914,"AMD1"
"22261","chr6",111133328,111136191,"BC047513"
"22262","chr6",111279762,111289092,"GTF3C6"
"22263","chr6",111303290,111346795,"RPF2"
"22264","chr6",111367622,111368757,"GSTM2P1"
"22266","chr6",111580481,111590262,"KIAA1919"
"22269","chr6",111816122,111816969,"AF216583"
"22270","chr6",111880143,111927474,"TRAF3IP2"
"22272","chr6",112375277,112390888,"WISP3"
"22273","chr6",112408673,112423994,"C6orf225"
"22274","chr6",112391860,112408751,"TUBE1"
"22276","chr6",112668531,112672499,"RFPL4B"
"22277","chr6",114178526,114184653,"MARCKS"
"22278","chr6",114189179,114194512,"LOC285758"
"22279","chr6",114225550,114242807,"FLJ34503"
"22281","chr6",114257320,114292359,"HDAC2"
"22283","chr6",116359893,116361108,"TPI1P3"
"22286","chr6",116440085,116447296,"COL10A1"
"22287","chr6",116571131,116575261,"TSPYL4"
"22289","chr6",116575436,116577907,"AK093256"
"22290","chr6",116596022,116601280,"TSPYL1"
"22291","chr6",116782555,116784935,"FAM26F"
"22292","chr6",116817651,116866773,"BET3L"
"22293","chr6",116832807,116839710,"FAM26E"
"22294","chr6",116850194,116880032,"FAM26D"
"22295","chr6",116892582,116914437,"RWDD1"
"22296","chr6",116937641,116954149,"RSPH4A"
"22297","chr6",116956781,116989973,"ZUFSP"
"22298","chr6",116999740,117001922,"AX746765"
"22299","chr6",117002366,117063031,"KPNA5"
"22300","chr6",117073360,117086886,"FAM162B"
"22301","chr6",117113248,117150198,"GPRC6A"
"22302","chr6",117198375,117253327,"RFX6"
"22303","chr6",117586720,117594729,"VGLL2"
"22305","chr6",117803819,117891021,"DCBLD1"
"22307","chr6",117896483,117897548,"AJ420595"
"22308","chr6",117996616,118031887,"NUS1"
"22310","chr6",118822535,118824997,"BRD7P3"
"22311","chr6",118869441,118881588,"PLN"
"22313","chr6",119103870,119104582,"LOC100287632"
"22314","chr6",119215240,119230336,"ASF1A"
"22317","chr6",119390212,119390308,"MIR548B"
"22319","chr6",119774353,119812467,"AK097101"
"22321","chr6",121756744,121770874,"GJA1"
"22322","chr6",122720695,122754265,"HSF2"
"22323","chr6",122757934,122760368,"BC022047"
"22324","chr6",122764493,122792952,"SERINC1"
"22326","chr6",123100645,123105219,"FABP7"
"22327","chr6",123109970,123130865,"SMPDL3A"
"22328","chr6",123317581,123385064,"CLVS2"
"22330","chr6",123760748,123792902,"AL832096"
"22333","chr6",125229392,125284173,"STL"
"22335","chr6",125596496,125623282,"HDDC2"
"22336","chr6",125995498,126041365,"LOC643623"
"22337","chr6",126068779,126082416,"HEY2"
"22338","chr6",126039387,126070336,"BC036196"
"22340","chr6",126277860,126301390,"HINT3"
"22341","chr6",126307575,126360421,"TRMT11"
"22342","chr6",126661252,126669755,"CENPW"
"22343","chr6",126923380,126923444,"Vimentin3"
"22344","chr6",127440047,127518911,"RSPO3"
"22346","chr6",127587826,127609706,"RNF146"
"22347","chr6",127609857,127664754,"ECHDC1"
"22348","chr6",127759551,127796859,"KIAA0408"
"22349","chr6",127898318,127912961,"C6orf58"
"22353","chr6",129800758,129873731,"BC035400"
"22355","chr6",130152389,130182416,"C6orf191"
"22358","chr6",130686878,130764211,"TMEM200A"
"22359","chr6",131148544,131158277,"LOC100507203"
"22362","chr6",131894343,131905473,"ARG1"
"22363","chr6",131895106,131949363,"MED23"
"22365","chr6",132021609,132022541,"OR2A4"
"22366","chr6",132029581,132032157,"CTAGE9"
"22367","chr6",132129155,132216296,"ENPP1"
"22368","chr6",132270468,132270492,"DD182001"
"22369","chr6",132269317,132272518,"CTGF"
"22370","chr6",132455117,132490515,"LOC100507254"
"22372","chr6",132778663,132834337,"STX7"
"22373","chr6",132859426,132860476,"TAAR9"
"22374","chr6",132873831,132874861,"TAAR8"
"22375","chr6",132891460,132892499,"TAAR6"
"22376","chr6",132909731,132910877,"TAAR5"
"22377","chr6",132929364,132930441,"TAAR3"
"22378","chr6",132938289,132945414,"TAAR2"
"22379","chr6",132966123,132967142,"TAAR1"
"22380","chr6",133001997,133035194,"VNN1"
"22381","chr6",133043926,133055904,"VNN3"
"22382","chr6",133065009,133084598,"VNN2"
"22383","chr6",133090507,133119747,"C6orf192"
"22384","chr6",133135707,133138704,"RPS12"
"22385","chr6",133136445,133138491,"SNORA33"
"22386","chr6",133409218,133427718,"LINC00326"
"22388","chr6",133756216,133828795,"AK093513"
"22389","chr6",134142284,134175131,"MGC34034"
"22391","chr6",134210258,134216676,"TCF21"
"22392","chr6",134216640,134219158,"AX747860"
"22393","chr6",134273307,134308639,"TBPL1"
"22394","chr6",134308719,134373789,"SLC2A12"
"22395","chr6",134435111,134438818,"HMGA1P7"
"22397","chr6",134758853,134825159,"LOC154092"
"22398","chr6",134749386,134797680,"AJ606330"
"22399","chr6",134846456,134930796,"AJ606331"
"22400","chr6",134943816,134943843,"DQ591448"
"22401","chr6",135238528,135271260,"ALDH8A1"
"22402","chr6",135300476,135300570,"MIR3662"
"22403","chr6",135281517,135376036,"HBS1L"
"22404","chr6",135502452,135540312,"MYB"
"22408","chr6",136364990,136393965,"BC038719"
"22410","chr6",136552168,136571449,"FAM54A"
"22411","chr6",136578001,136610989,"BCLAF1"
"22412","chr6",136692056,136694961,"AB073649"
"22414","chr6",136972993,136973028,"CRISPR_DR35"
"22416","chr6",137143701,137235073,"PEX7"
"22417","chr6",137243401,137246777,"SLC35D3"
"22418","chr6",137303296,137314368,"NHEG1"
"22419","chr6",137321108,137366298,"IL20RA"
"22420","chr6",137464957,137494785,"IL22RA2"
"22421","chr6",137518621,137540567,"IFNGR1"
"22422","chr6",137813336,137815531,"OLIG3"
"22423","chr6",138188580,138204450,"TNFAIP3"
"22424","chr6",138144812,138189370,"AK124173"
"22425","chr6",138409642,138428660,"PERP"
"22427","chr6",138537127,138539627,"PBOV1"
"22428","chr6",138725335,138734583,"HEBP2"
"22429","chr6",138756350,138756431,"MIR3145"
"22431","chr6",139012804,139018426,"FLJ46906"
"22432","chr6",139094656,139114457,"CCDC28A"
"22433","chr6",139046348,139094816,"LOC100507462"
"22435","chr6",139225620,139309398,"REPS1"
"22436","chr6",139349818,139364440,"C6orf115"
"22437","chr6",139456248,139501947,"HECA"
"22438","chr6",139561199,139613208,"TXLNB"
"22439","chr6",139693397,139695785,"CITED2"
"22440","chr6",139790132,139795733,"LOC645434"
"22441","chr6",140092209,140181609,"LOC100132735"
"22443","chr6",140526388,140526464,"MIR3668"
"22444","chr6",141004950,141005021,"MIR4465"
"22445","chr6",142334796,142334861,"JA611294"
"22446","chr6",142334792,142334865,"JA611295"
"22448","chr6",142396745,142409936,"NMBR"
"22449","chr6",142468409,142542086,"VTA1"
"22453","chr6",143287559,143358719,"LOC100507489"
"22455","chr6",143743969,143771841,"ADAT2"
"22456","chr6",143771917,143811752,"PEX3"
"22457","chr6",143815949,143833020,"FUCA2"
"22458","chr6",143875467,143890476,"LOC285740"
"22460","chr6",144164507,144184944,"LTV1"
"22461","chr6",144175205,144177091,"AX746989"
"22462","chr6",144178439,144259484,"C6orf94"
"22464","chr6",144324034,144329867,"HYMAI"
"22465","chr6",144416018,144416754,"SF3B5"
"22466","chr6",144471653,144513077,"STX11"
"22470","chr6",146110406,146113109,"FLJ44955"
"22471","chr6",146119272,146135921,"FBXO30"
"22472","chr6",146205945,146285559,"SHPRH"
"22474","chr6",146864827,146876087,"RAB32"
"22475","chr6",146870894,146873505,"FW339973"
"22477","chr6",147122805,147124960,"LOC729176"
"22480","chr6",147708803,147711604,"BC043173"
"22481","chr6",147829827,147891158,"SAMD5"
"22482","chr6",148048812,148051503,"BC047626"
"22485","chr6",149275397,149285820,"LOC100128176"
"22486","chr6",149539061,149544219,"BC041998"
"22488","chr6",149721494,149722183,"SUMO4"
"22489","chr6",149768766,149806148,"ZC3H12D"
"22490","chr6",149825631,149867238,"PPIL4"
"22491","chr6",149887527,149912068,"C6orf72"
"22492","chr6",149916011,149969940,"KATNA1"
"22493","chr6",149982051,150039392,"LATS1"
"22494","chr6",150045452,150067688,"NUP43"
"22495","chr6",150070830,150132558,"PCMT1"
"22496","chr6",150184633,150240645,"LOC100652739"
"22497","chr6",150139894,150185480,"LRP11"
"22498","chr6",150204511,150217195,"RAET1E"
"22499","chr6",150238014,150244214,"RAET1G"
"22500","chr6",150255662,150257456,"BC040898"
"22501","chr6",150263135,150270369,"ULBP2"
"22502","chr6",150285142,150294847,"ULBP1"
"22503","chr6",150319155,150326280,"RAET1K"
"22504","chr6",150341266,150346668,"RAET1L"
"22505","chr6",150383341,150390283,"ULBP3"
"22507","chr6",150690027,150725766,"IYD"
"22510","chr6",151517808,151549592,"BC031960"
"22512","chr6",151685250,151712677,"ZBTB2"
"22513","chr6",151725989,151773316,"RMND1"
"22514","chr6",151773421,151791233,"C6orf211"
"22518","chr6",153019029,153045716,"MYCT1"
"22519","chr6",153071932,153080903,"VIP"
"22520","chr6",153291658,153304740,"FBXO5"
"22521","chr6",153308400,153323925,"MTRF1L"
"22528","chr6",155184661,155230001,"AK124484"
"22529","chr6",155226210,155226340,"U8"
"22530","chr6",155572434,155575064,"AB075492"
"22531","chr6",155574274,155577858,"AK022993"
"22532","chr6",155585146,155597683,"CLDN20"
"22533","chr6",155577264,155635617,"TFB1M"
"22534","chr6",155716502,155777037,"NOX3"
"22536","chr6",157100812,157100865,"MIR4466"
"22537","chr6",157710054,157745253,"TMEM242"
"22539","chr6",157950163,157950233,"MIR3692"
"22540","chr6",158050420,158053915,"AK092380"
"22543","chr6",158448398,158450059,"AK026758"
"22544","chr6",158530536,158589312,"SERAC1"
"22545","chr6",158589378,158620377,"GTF2H5"
"22547","chr6",158957467,159056468,"TMEM181"
"22548","chr6",158981118,158981147,"DQ581726"
"22549","chr6",159031785,159031814,"DQ586009"
"22550","chr6",159057507,159065804,"DYNLT1"
"22552","chr6",159185693,159185785,"MIR3918"
"22553","chr6",159186773,159240456,"EZR"
"22554","chr6",159219682,159221893,"AX747826"
"22555","chr6",159262158,159278664,"OSTCP1"
"22556","chr6",159309618,159331386,"C6orf99"
"22557","chr6",159398266,159421198,"RSPH3"
"22558","chr6",159456027,159466184,"TAGAP"
"22560","chr6",160007987,160010201,"AK130765"
"22561","chr6",160100149,160101403,"BC016015"
"22562","chr6",160102755,160114353,"SOD2"
"22563","chr6",160148128,160177352,"WTAP"
"22564","chr6",160182988,160200088,"ACAT2"
"22565","chr6",160181291,160183364,"LOC100129518"
"22566","chr6",160201282,160201413,"SNORA20"
"22567","chr6",160206626,160206765,"SNORA29"
"22568","chr6",160199530,160210735,"TCP1"
"22569","chr6",160211021,160219462,"MRPL18"
"22570","chr6",160221300,160241736,"PNLDC1"
"22571","chr6",160327973,160329108,"MAS1"
"22573","chr6",160514113,160517245,"LOC729603"
"22574","chr6",160542862,160579751,"SLC22A1"
"22575","chr6",160637794,160679963,"SLC22A2"
"22577","chr6",160887587,160932156,"LPAL2"
"22579","chr6",161123224,161175086,"PLG"
"22581","chr6",161581164,161583014,"AGPAT4-IT1"
"22585","chr6",163464012,163475193,"AK058177"
"22586","chr6",163586446,163612840,"AK296276"
"22587","chr6",163603635,163613034,"AK311212"
"22588","chr6",163731017,163745505,"LOC285796"
"22589","chr6",163759374,163768065,"DKFZp451B082"
"22590","chr6",163834097,163834982,"CAHM"
"22593","chr6",165206864,165235542,"AK090788"
"22594","chr6",165693153,165723111,"C6orf118"
"22597","chr6",166401038,166403104,"LOC441177"
"22598","chr6",166337536,166401527,"LINC00473"
"22599","chr6",166513340,166513413,"SNORD45"
"22600","chr6",166571086,166582131,"T"
"22601","chr6",166719168,166721871,"PRR18"
"22602","chr6",166733517,166755991,"SFT2D1"
"22603","chr6",166756118,166764958,"LOC100289495"
"22604","chr6",166778408,166796486,"BRP44L"
"22606","chr6",166922842,166922921,"MIR1913"
"22607","chr6",167343004,167370679,"RNASET2"
"22608","chr6",167411295,167411400,"MIR3939"
"22609","chr6",167412815,167454067,"FGFR1OP"
"22610","chr6",167525294,167552630,"CCR6"
"22611","chr6",167570360,167571319,"GPR31"
"22612","chr6",167584080,167596397,"TCP10L2"
"22613","chr6",167704802,167729503,"UNC93A"
"22614","chr6",167738573,167756178,"TTLL2"
"22615","chr6",167770521,167797998,"TCP10"
"22616","chr6",168067524,168079903,"AK127120"
"22617","chr6",168084341,168084736,"LOC441178"
"22618","chr6",168080306,168096970,"AL832737"
"22619","chr6",168185219,168197539,"C6orf123"
"22620","chr6",168224570,168227476,"C6orf124"
"22622","chr6",168265223,168265427,"MLL/AF6 fusion"
"22623","chr6",168362689,168365708,"BX649158"
"22624","chr6",168376604,168377619,"HGC6.3"
"22625","chr6",168393502,168397757,"HGC6.1.1"
"22626","chr6",168399771,168445770,"KIF25"
"22627","chr6",168456464,168479839,"FRMD1"
"22628","chr6",168707584,168720402,"DACT2"
"22630","chr6",169575399,169582835,"AF086258"
"22631","chr6",169615875,169654137,"THBS2"
"22632","chr6",169773776,169788480,"AK055570"
"22634","chr6",170060913,170063234,"AK128656"
"22635","chr6",170102232,170106403,"C6orf120"
"22636","chr6",170104002,170124106,"PHF10"
"22637","chr6",170140215,170151638,"TCTE3"
"22638","chr6",170149608,170151679,"AK023627"
"22639","chr6",170151720,170181618,"C6orf70"
"22640","chr6",170190168,170202970,"C6orf208"
"22641","chr6",170188886,170198921,"LINC00242"
"22642","chr6",170563422,170571657,"LOC154449"
"22643","chr6",170591294,170599697,"DLL1"
"22644","chr6",170615843,170714238,"FAM120B"
"22645","chr6",170639848,170639933,"MIR4644"
"22646","chr6",170780107,170862417,"PSMB1"
"22647","chr6",170863420,170881959,"TBP"
"22648","chr6",170884660,170893780,"PDCD2"
"22649","chr7",149596,154869,"AK024243"
"22651","chr7",227554,229557,"AX746542"
"22652","chr7",330135,331455,"LOC100288524"
"22653","chr7",419390,422846,"LOC442497"
"22654","chr7",536897,559481,"PDGFA"
"22655","chr7",560027,564870,"FLJ44511"
"22657","chr7",766337,826117,"HEATR2"
"22658","chr7",855193,936072,"SUN1"
"22659","chr7",937537,1015235,"ADAP1"
"22660","chr7",1022834,1029277,"CYP2W1"
"22661","chr7",1062569,1062662,"MIR339"
"22663","chr7",1094944,1098898,"GPR146"
"22664","chr7",1121843,1133452,"GPER"
"22665","chr7",1193840,1196333,"AK123998"
"22666","chr7",1192543,1199855,"ZFAND2A"
"22667","chr7",1200127,1205595,"AK090593"
"22668","chr7",1272653,1276614,"UNCX"
"22669","chr7",1473995,1499109,"MICALL2"
"22670","chr7",1488971,1493787,"AK127339"
"22671","chr7",1509913,1544018,"INTS1"
"22672","chr7",1570367,1582680,"MAFK"
"22673","chr7",1572089,1574516,"FW339998"
"22674","chr7",1581871,1596066,"TMEM184A"
"22675","chr7",1606970,1609668,"PSMG3"
"22676","chr7",1609708,1629262,"KIAA1908"
"22677","chr7",1654105,1656329,"TFAMP1"
"22678","chr7",1732446,1733961,"LOC401296"
"22679","chr7",1748797,1787591,"ELFN1"
"22680","chr7",1883816,1883889,"MIR4655"
"22681","chr7",1884935,1889568,"AK127048"
"22683","chr7",2273926,2281833,"FTSJ2"
"22684","chr7",2281856,2290781,"NUDT1"
"22685","chr7",2291405,2354099,"SNX8"
"22686","chr7",2394473,2420378,"EIF3B"
"22687","chr7",2443194,2474217,"CHST12"
"22688","chr7",2477397,2487486,"BC034268"
"22689","chr7",2552162,2568811,"LFNG"
"22690","chr7",2566707,2566787,"MIR4648"
"22691","chr7",2577444,2595392,"BRAT1"
"22692","chr7",2598631,2654369,"IQCE"
"22693","chr7",2671602,2704437,"TTYH3"
"22694","chr7",2719162,2755070,"AMZ1"
"22697","chr7",3186629,3214287,"BC038729"
"22699","chr7",3549815,3549834,"DL490859"
"22701","chr7",4815261,4834027,"KIAA0415"
"22702","chr7",4828196,4828270,"MIR4656"
"22703","chr7",4834285,4923335,"RADIL"
"22704","chr7",4897369,4901625,"PAPOLB"
"22705","chr7",4936899,4938473,"BC045805"
"22706","chr7",4931876,4998844,"MMD2"
"22707","chr7",5013615,5037801,"RNF216P1"
"22708","chr7",5023301,5112855,"RBAK-LOC389458"
"22709","chr7",5085451,5109120,"RBAK"
"22710","chr7",5160941,5184177,"ZNF890P"
"22711","chr7",5229834,5273487,"WIPI2"
"22712","chr7",5322560,5343705,"SLC29A4"
"22714","chr7",5459626,5461518,"BC140723"
"22715","chr7",5535450,5535548,"MIR589"
"22716","chr7",5515428,5553399,"FBXL18"
"22717","chr7",5553484,5564595,"BC044606"
"22718","chr7",5569112,5569209,"DL492006"
"22719","chr7",5566779,5570232,"ACTB"
"22720","chr7",5632435,5646288,"FSCN1"
"22722","chr7",5817157,5819899,"BC040728"
"22723","chr7",5862790,5894067,"ZNF815"
"22724","chr7",5920428,5925995,"OCM"
"22725","chr7",5938340,5965604,"CCZ1"
"22727","chr7",6793739,6838397,"RSPH10B"
"22728","chr7",6010556,6012906,"DKFZp686J1569"
"22729","chr7",6012870,6048737,"PMS2"
"22730","chr7",6048881,6063466,"AIMP2"
"22731","chr7",6061878,6098860,"EIF2AK1"
"22732","chr7",6144549,6201196,"USP42"
"22734","chr7",6369040,6388590,"C7orf70"
"22735","chr7",6414125,6443599,"RAC1"
"22736","chr7",6448747,6523849,"DAGLB"
"22737","chr7",6536409,6591067,"GRID2IP"
"22738","chr7",6617064,6628611,"ZDHHC4"
"22739","chr7",6628427,6628462,"DQ579268"
"22740","chr7",6629914,6648356,"C7orf26"
"22741","chr7",6655526,6663922,"ZNF853"
"22742","chr7",6692370,6692401,"DQ594582"
"22743","chr7",6703604,6714111,"AK123300"
"22744","chr7",6728064,6746566,"ZNF12"
"22745","chr7",6749756,6793494,"PMS2CL"
"22746","chr7",6838566,6865926,"CCZ1B"
"22747","chr7",7115401,7136417,"LOC100131257"
"22748","chr7",7222245,7288252,"C1GALT1"
"22750","chr7",7606615,7647111,"MIOS"
"22752","chr7",7676575,7758238,"RPA3"
"22755","chr7",8384552,8387653,"AX746880"
"22757","chr7",9136901,9229487,"RBSG3"
"22758","chr7",9673899,9675448,"PER4"
"22759","chr7",10971580,10979813,"NDUFA4"
"22763","chr7",12250847,12276891,"TMEM106B"
"22764","chr7",12370509,12443852,"VWDE"
"22765","chr7",12596186,12616812,"BC075797"
"22766","chr7",12610202,12693229,"SCIN"
"22767","chr7",12726451,12730559,"ARL4A"
"22768","chr7",13930853,13933767,"AK055368"
"22772","chr7",15707571,15721605,"BX538274"
"22773","chr7",15650837,15726308,"MEOX2"
"22774","chr7",16250110,16310230,"LOC100506025"
"22776","chr7",16501106,16570205,"SOSTDC1"
"22777","chr7",16566504,16621115,"LRRC72"
"22778","chr7",16639401,16685442,"ANKMY2"
"22779","chr7",16685758,16746149,"BZW2"
"22780","chr7",16793350,16824162,"TSPAN13"
"22781","chr7",16832264,16844738,"AGR2"
"22782","chr7",16899030,16921613,"AGR3"
"22783","chr7",17338275,17385776,"AHR"
"22785","chr7",18066400,18067486,"PRPS1L1"
"22787","chr7",19155091,19157295,"TWIST1"
"22788","chr7",19183915,19185877,"BC043576"
"22789","chr7",19184405,19185044,"FERD3L"
"22790","chr7",19744981,19745059,"MIR3146"
"22791","chr7",19735085,19748660,"TWISTNB"
"22792","chr7",19758938,19813216,"TMEM196"
"22793","chr7",20174279,20257013,"MACC1"
"22794","chr7",20370324,20455383,"ITGB8"
"22796","chr7",20821894,20826508,"SP8"
"22797","chr7",20866916,20867440,"RPL23P8"
"22798","chr7",21467688,21554152,"SP4"
"22799","chr7",21510675,21510765,"Mir_1183"
"22801","chr7",21940517,21985542,"CDCA7L"
"22803","chr7",22459063,22539901,"STEAP1B"
"22804","chr7",22602955,22613618,"LOC100506178"
"22805","chr7",22766765,22771622,"IL6"
"22806","chr7",22765014,22767235,"LOC541472"
"22807","chr7",22852252,22862421,"TOMM7"
"22808","chr7",22896231,22896306,"SNORD93"
"22809","chr7",22980878,23053770,"FAM126A"
"22810","chr7",23140847,23145322,"AK054880"
"22811","chr7",23145352,23215039,"KLHL7"
"22812","chr7",23221445,23240631,"NUPL2"
"22813","chr7",23245631,23247665,"AK057873"
"22814","chr7",23286315,23314730,"GPNMB"
"22815","chr7",23338939,23349181,"C7orf30"
"22816","chr7",23347585,23349184,"BC065766"
"22818","chr7",23530006,23531032,"RPS2P32"
"22819","chr7",23544401,23571656,"TRA2A"
"22820","chr7",23624335,23626146,"CLK2P"
"22821","chr7",23636997,23684328,"CCDC126"
"22822","chr7",23719748,23742270,"C7orf46"
"22824","chr7",24323806,24331485,"NPY"
"22826","chr7",24737974,24797639,"DFNA5"
"22828","chr7",25158270,25164980,"CYCS"
"22829","chr7",25174316,25219817,"C7orf31"
"22830","chr7",25264191,25268105,"NPVF"
"22831","chr7",25632971,25702673,"AK057379"
"22832","chr7",25989539,25989606,"MIR148A"
"22833","chr7",26191846,26226757,"NFE2L3"
"22834","chr7",26229556,26240413,"HNRNPA2B1"
"22835","chr7",26240830,26253228,"CBX3"
"22836","chr7",26331514,26413950,"SNX10"
"22838","chr7",26572740,26578444,"KIAA0087"
"22839","chr7",26677489,26686925,"C7orf71"
"22841","chr7",27132614,27135625,"HOXA1"
"22842","chr7",27135712,27139878,"HOTAIRM1"
"22843","chr7",27140313,27142305,"AK291164"
"22844","chr7",27139973,27142394,"HOXA2"
"22845","chr7",27145809,27166639,"HOXA3"
"22846","chr7",27160555,27162504,"AK311383"
"22847","chr7",27161537,27168380,"BC035889"
"22848","chr7",27168126,27170399,"HOXA4"
"22849","chr7",27179982,27195548,"LOC100133311"
"22850","chr7",27180671,27183287,"HOXA5"
"22851","chr7",27185202,27187393,"HOXA6"
"22852","chr7",27186985,27192217,"DQ655986"
"22853","chr7",27193338,27196296,"HOXA7"
"22854","chr7",27202057,27205149,"HOXA9"
"22855","chr7",27209099,27209182,"MIR196B"
"22856","chr7",27210210,27213955,"HOXA10"
"22857","chr7",27220776,27224842,"HOXA11"
"22858","chr7",27225026,27228913,"HOXA11-AS1"
"22859","chr7",27236499,27239725,"HOXA13"
"22860","chr7",27240039,27246131,"HOTTIP"
"22861","chr7",27282163,27286193,"EVX1"
"22862","chr7",27451782,27452511,"BC034444"
"22863","chr7",27655592,27667112,"TSL-A"
"22865","chr7",27778991,27869387,"TAX1BP1"
"22867","chr7",28220075,28280997,"JAZF1-AS1"
"22869","chr7",28448994,28450373,"BC087859"
"22870","chr7",28992974,28998029,"TRIL"
"22871","chr7",28998746,28998777,"DQ601810"
"22872","chr7",29019582,29052986,"LOC100506497"
"22875","chr7",29553840,29603273,"BC038570"
"22876","chr7",29603426,29606912,"PRR15"
"22877","chr7",29688993,29689734,"BC121815"
"22878","chr7",29720350,29720444,"MIR550A3"
"22879","chr7",29724769,29782020,"DPY19L2P3"
"22880","chr7",29685538,29725437,"LOC646762"
"22882","chr7",29959719,30029905,"SCRN1"
"22883","chr7",30052884,30066268,"FKBP14"
"22884","chr7",30067976,30157962,"PLEKHA8"
"22885","chr7",30174551,30202382,"C7orf41"
"22886","chr7",30199972,30202380,"AK098769"
"22887","chr7",30323922,30407309,"ZNRF2"
"22888","chr7",30329409,30329507,"MIR550A1"
"22889","chr7",30329410,30329506,"MIR550B1"
"22890","chr7",30409665,30412411,"DKFZP586I1420"
"22891","chr7",30464143,30518393,"NOD1"
"22892","chr7",30536237,30544457,"GGCT"
"22893","chr7",30555926,30634419,"LOC401320"
"22894","chr7",30617111,30625588,"AL137445"
"22895","chr7",30634180,30673649,"GARS"
"22896","chr7",30691559,30739719,"CRHR2"
"22897","chr7",30737600,30797219,"INMT"
"22899","chr7",30893009,30965132,"AQP1"
"22900","chr7",31003635,31019147,"GHRHR"
"22901","chr7",31092075,31151094,"ADCYAP1R1"
"22902","chr7",31377080,31380538,"NEUROD6"
"22904","chr7",31726630,31748070,"PPP1R17"
"22905","chr7",31823141,31828099,"BC043188"
"22907","chr7",32496510,32498106,"LOC100130673"
"22908","chr7",32524945,32534870,"LSM5"
"22911","chr7",32767561,32769596,"ZNRF2P1"
"22912","chr7",32768503,32794386,"AK057321"
"22913","chr7",32772592,32772690,"MIR550A2"
"22914","chr7",32772593,32772689,"MIR550B2"
"22915","chr7",32797897,32802537,"LOC401321"
"22916","chr7",32865913,32878357,"DPY19L1P2"
"22917","chr7",32907778,32931468,"KBTBD2"
"22918","chr7",32956427,32982782,"RP9P"
"22919","chr7",32997004,33046544,"FKBP9"
"22920","chr7",33075808,33076426,"AX721280"
"22921","chr7",33053742,33102409,"NT5C3"
"22922","chr7",33102954,33102982,"DQ584906"
"22923","chr7",33134410,33149002,"RP9"
"22925","chr7",33765592,33768068,"AK225487"
"22926","chr7",33923727,33925378,"AK025321"
"22931","chr7",34979765,34980380,"AJ011981"
"22932","chr7",35082722,35084165,"BC084560"
"22934","chr7",35242042,35293711,"TBX20"
"22935","chr7",35353465,35416087,"LOC401324"
"22936","chr7",35672270,35734772,"HERPUD2"
"22937","chr7",35734847,35738525,"DQ594967"
"22939","chr7",35987319,35987346,"DQ595191"
"22940","chr7",36134922,36140263,"BC043264"
"22942","chr7",36363759,36429734,"KIAA0895"
"22943","chr7",36429431,36493401,"ANLN"
"22945","chr7",36958962,36959037,"MIR1200"
"22947","chr7",37538989,37539011,"JA660652"
"22949","chr7",37779995,37780914,"GPR141"
"22950","chr7",37888198,37940003,"TXNDC3"
"22951","chr7",37945535,37956525,"SFRP4"
"22952","chr7",37960162,37991543,"EPDR1"
"22953","chr7",38217807,38270273,"STARD3NL"
"22954","chr7",38292946,38309138,"Z22690"
"22955","chr7",38279181,38356821,"TRGC2"
"22956","chr7",38288827,38295990,"TCR V3-JP2-Cgamma2"
"22957","chr7",38288844,38356709,"TCRGC2"
"22958","chr7",38299244,38357589,"TARP"
"22959","chr7",38339412,38403119,"TCRGV"
"22960","chr7",38342349,38344378,"AK096766"
"22961","chr7",38369948,38370558,"X06774"
"22962","chr7",38381177,38418239,"LOC100506776"
"22963","chr7",38388711,38389604,"Y00482"
"22964","chr7",38397535,38398683,"TRGV3"
"22966","chr7",38724946,38726689,"FAM183B"
"22969","chr7",39023850,39053161,"AK023033"
"22970","chr7",39606002,39612481,"YAE1D1"
"22971","chr7",39649085,39651688,"LOC646999"
"22972","chr7",39663151,39747724,"RALA"
"22973","chr7",39773166,39834223,"LINC00265"
"22975","chr7",40172342,40174251,"C7orf11"
"22977","chr7",41733513,41818977,"LOC285954"
"22978","chr7",41728601,41742706,"INHBA"
"22980","chr7",42948872,42971805,"C7orf25"
"22981","chr7",42971938,42977454,"MRPL32"
"22983","chr7",43157494,43202787,"AX748020"
"22984","chr7",43190493,43190594,"MIR3943"
"22985","chr7",43548327,43562141,"LOC100506895"
"22986","chr7",43622691,43666979,"STK17A"
"22988","chr7",43798271,43846942,"BLVRA"
"22989","chr7",43906157,43909145,"MRPS24"
"22990","chr7",43915501,43965996,"URGCP"
"22991","chr7",43966034,43995736,"UBE2D4"
"22992","chr7",44040488,44049724,"SPDYE1"
"22993","chr7",44043645,44047465,"AX747182"
"22995","chr7",43980494,44058748,"POLR2J4"
"22996","chr7",44068486,44078607,"RASA4P"
"22997","chr7",44078697,44082083,"FLJ35390"
"22999","chr7",44084238,44101316,"DBNL"
"23000","chr7",44102326,44105186,"PGAM2"
"23001","chr7",44115337,44117891,"AX747737"
"23002","chr7",44111847,44122129,"POLM"
"23003","chr7",44143959,44154160,"AEBP1"
"23004","chr7",44150440,44150524,"MIR4649"
"23005","chr7",44154286,44163147,"POLD2"
"23006","chr7",44178463,44180916,"MYL7"
"23007","chr7",44183870,44229022,"GCK"
"23008","chr7",44240577,44253894,"YKT6"
"23010","chr7",44406739,44408891,"AX746562"
"23012","chr7",44552135,44580914,"NPC1L1"
"23013","chr7",44605403,44614137,"DDX56"
"23014","chr7",44618762,44621827,"TMED4"
"23015","chr7",44622023,44623272,"DQ574505"
"23017","chr7",44788179,44809480,"ZMIZ2"
"23018","chr7",44808453,44810736,"BC008049"
"23019","chr7",44836240,44842717,"PPIA"
"23020","chr7",44866488,44887725,"H2AFV"
"23021","chr7",44915892,44924960,"PURB"
"23022","chr7",45008120,45008986,"BC041623"
"23023","chr7",45002260,45018704,"MYO1G"
"23024","chr7",45022627,45026259,"SNHG15"
"23025","chr7",45039344,45116070,"CCM2"
"23026","chr7",45120036,45128493,"NACAD"
"23027","chr7",45143948,45144081,"SNORA5A"
"23028","chr7",45144505,45144641,"SNORA5C"
"23029","chr7",45145567,45145698,"SNORA5B"
"23030","chr7",45139699,45151317,"TBRG4"
"23031","chr7",45197366,45223851,"RAMP3"
"23033","chr7",45763396,45766827,"BC015774"
"23034","chr7",45763386,45808617,"SEPT7P2"
"23035","chr7",45847216,45847252,"DQ584937"
"23036","chr7",45848515,45848548,"DQ574672"
"23037","chr7",45849142,45849191,"DQ573852"
"23038","chr7",45850289,45850324,"DQ583079"
"23039","chr7",45927958,45933268,"IGFBP1"
"23040","chr7",45951844,45960871,"IGFBP3"
"23041","chr7",46727477,46736720,"AK125311"
"23042","chr7",47314754,47317376,"AK310472"
"23044","chr7",47694841,47701247,"C7orf65"
"23045","chr7",47801073,47806371,"LINC00525"
"23046","chr7",47834888,47872415,"C7orf69"
"23048","chr7",48002885,48019222,"HUS1"
"23049","chr7",48026746,48068716,"SUN3"
"23050","chr7",48075116,48100895,"C7orf57"
"23051","chr7",48128354,48148331,"UPP1"
"23053","chr7",48313698,48316322,"AX746840"
"23054","chr7",48964156,48967050,"CDC14C"
"23057","chr7",50135681,50198853,"C7orf72"
"23059","chr7",50511832,50518088,"FIGNL1"
"23060","chr7",50599456,50611162,"LOC100129427"
"23066","chr7",53103348,53104619,"POM121L12"
"23068","chr7",54268917,54270114,"HPVC1"
"23069","chr7",54610018,54636949,"VSTM2A"
"23070","chr7",54624662,54639420,"LOC285878"
"23071","chr7",54637476,54641811,"AB074160"
"23072","chr7",54643746,54646487,"BC036261"
"23073","chr7",54819940,54826939,"SEC61G"
"23075","chr7",55247443,55256627,"AK123474"
"23076","chr7",55277117,55279322,"GU228584"
"23077","chr7",55433140,55501436,"LANCL2"
"23079","chr7",55748767,55772260,"FKBP9L"
"23080","chr7",55813825,55813853,"DQ575984"
"23081","chr7",55840871,55841377,"CO9"
"23082","chr7",55861237,55930482,"SEPT14"
"23083","chr7",55947025,55947047,"DD413584"
"23084","chr7",55955148,56008434,"ZNF713"
"23085","chr7",56019610,56023034,"MRPS17"
"23086","chr7",56032269,56067876,"GBAS"
"23088","chr7",56119377,56131683,"CCT6A"
"23090","chr7",56128162,56128296,"SNORA15"
"23091","chr7",56131916,56148366,"SUMF2"
"23092","chr7",56148675,56160689,"PHKG1"
"23093","chr7",56169266,56174187,"CHCHD2"
"23094","chr7",56491397,56516068,"LOC650226"
"23095","chr7",56549798,56550988,"BC036258"
"23096","chr7",56563915,56564978,"DKFZp434L192"
"23097","chr7",56601923,56605823,"BC035176"
"23098","chr7",56877281,56880024,"DQ581928"
"23099","chr7",56943078,56949839,"LOC100130849"
"23101","chr7",57187326,57207571,"ZNF479"
"23102","chr7",57233377,57247863,"GUSBP10"
"23103","chr7",57472730,57472797,"MIR3147"
"23104","chr7",57476012,57476044,"DQ578920"
"23105","chr7",57509882,57533266,"ZNF716"
"23106","chr7",57698645,57698805,"L37717"
"23107","chr7",62751670,62764434,"LOC643955"
"23108","chr7",62809447,62812153,"LOC100287704"
"23109","chr7",62856718,62859419,"LOC100287834"
"23110","chr7",63361200,63378373,"BC042811"
"23111","chr7",63484796,63490480,"LOC100506050"
"23112","chr7",63505820,63538928,"ZNF727"
"23113","chr7",63667580,63680669,"ZNF735"
"23114","chr7",63688851,63727310,"ZNF679"
"23115","chr7",63773185,63810018,"ZNF736"
"23116","chr7",63813368,63817013,"AK123141"
"23117","chr7",63894070,63895896,"LOC649395"
"23118","chr7",63980255,64023505,"ZNF680"
"23119","chr7",64035072,64078968,"AK125429"
"23120","chr7",64042987,64044130,"LOC641746"
"23121","chr7",64126510,64171402,"ZNF107"
"23122","chr7",64141510,64147265,"BC053669"
"23123","chr7",64254770,64294026,"ZNF138"
"23124","chr7",64330549,64350234,"AK097702"
"23125","chr7",64342870,64391956,"ZNF273"
"23126","chr7",64434830,64451414,"ZNF117"
"23127","chr7",64450733,64467124,"ERV3-1"
"23128","chr7",64498731,64535092,"CCT6P3"
"23129","chr7",64538983,64541638,"BC044608"
"23130","chr7",64601602,64694601,"INTS4L1"
"23131","chr7",64673115,64673147,"DQ596928"
"23132","chr7",64838767,64865999,"ZNF92"
"23133","chr7",65112776,65183633,"INTS4L2"
"23135","chr7",65216091,65228663,"CCT6P1"
"23136","chr7",65305191,65305611,"DQ580039"
"23137","chr7",65338256,65419801,"VKORC1L1"
"23138","chr7",65419769,65423533,"DQ594001"
"23139","chr7",65425673,65447301,"GUSB"
"23140","chr7",65540775,65558330,"ASL"
"23141","chr7",65579804,65619554,"CRCP"
"23143","chr7",65841031,65865395,"LINC00174"
"23144","chr7",65993455,66057371,"LOC493754"
"23145","chr7",66093867,66108217,"KCTD7"
"23147","chr7",66274980,66309813,"LOC729156"
"23148","chr7",66386202,66423539,"C7orf42"
"23149","chr7",66452690,66460588,"SBDS"
"23152","chr7",66742732,66743114,"BC006435"
"23154","chr7",66767624,66786514,"STAG3L4"
"23155","chr7",66800962,66805013,"BC017910"
"23158","chr7",70772659,70772755,"MIR3914-2"
"23159","chr7",70772658,70772756,"MIR3914-1"
"23162","chr7",72299951,72307979,"SBDSP1"
"23164","chr7",72333318,72339655,"SPDYE7P"
"23165","chr7",72349935,72421980,"POM121"
"23166","chr7",72418832,72425302,"NSUN5P2"
"23167","chr7",72424050,72439870,"TRIM74"
"23168","chr7",72440191,72443669,"LOC541473"
"23170","chr7",72445092,72476448,"STAG3L3"
"23177","chr7",72634673,72649980,"NCF1B"
"23179","chr7",72656902,72685658,"GTF2IRD2P1"
"23180","chr7",72693843,72698885,"BC018166"
"23181","chr7",72712965,72716801,"AK127026"
"23182","chr7",72716514,72722864,"NSUN5"
"23183","chr7",72726535,72742085,"TRIM50"
"23185","chr7",72848108,72850451,"FZD9"
"23186","chr7",72854744,72856458,"BC050599"
"23187","chr7",72854728,72936615,"BAZ1B"
"23188","chr7",72950683,72972065,"BCL7B"
"23189","chr7",72983277,72993013,"TBL2"
"23190","chr7",73007524,73038870,"MLXIPL"
"23191","chr7",73082173,73086441,"VPS37D"
"23192","chr7",73095248,73097781,"DNAJC30"
"23193","chr7",73097897,73119492,"WBSCR22"
"23194","chr7",73125646,73125728,"MIR4284"
"23195","chr7",73113535,73134017,"STX1A"
"23196","chr7",73149398,73150331,"ABHD11-AS1"
"23197","chr7",73150425,73153190,"ABHD11"
"23198","chr7",73183327,73184600,"CLDN3"
"23199","chr7",73242073,73247015,"hCPE-R"
"23200","chr7",73245192,73247016,"CLDN4"
"23201","chr7",73248921,73256855,"WBSCR27"
"23202","chr7",73275488,73280224,"WBSCR28"
"23203","chr7",73442426,73484237,"ELN"
"23204","chr7",73498106,73536856,"LIMK1"
"23205","chr7",73588705,73611430,"EIF4H"
"23206","chr7",73605527,73605625,"MIR590"
"23207","chr7",73624086,73644165,"LAT2"
"23208","chr7",73645832,73668738,"RFC2"
"23212","chr7",74113792,74143187,"BC070376"
"23213","chr7",74210484,74267841,"GTF2IRD2"
"23214","chr7",74298263,74306731,"STAG3L2"
"23216","chr7",74379082,74438804,"GATSL1"
"23217","chr7",74441354,74445623,"AL832384"
"23218","chr7",74440309,74445630,"AK095583"
"23220","chr7",74508346,74565624,"GTF2IRD2B"
"23221","chr7",74572384,74587816,"NCF1C"
"23223","chr7",74800776,74806100,"AL831977"
"23224","chr7",74800785,74805053,"DQ571357"
"23226","chr7",74988428,75026253,"STAG3L1"
"23227","chr7",75024902,75040280,"TRIM73"
"23228","chr7",75044869,75046066,"NSUN5P1"
"23229","chr7",75046065,75115568,"POM121C"
"23230","chr7",75124298,75133629,"SPDYE5"
"23231","chr7",75137069,75157453,"PMS2P3"
"23233","chr7",75398842,75419064,"CCL26"
"23234","chr7",75441114,75443092,"CCL24"
"23235","chr7",75508316,75518245,"RHBDD2"
"23236","chr7",75544419,75616174,"POR"
"23237","chr7",75544514,75544588,"MIR4651"
"23238","chr7",75573100,75573235,"SNORA14A"
"23239","chr7",75616155,75623992,"TMEM120A"
"23240","chr7",75625655,75677321,"STYXL1"
"23241","chr7",75677392,75695931,"MDH2"
"23242","chr7",75831215,75916606,"SRRM3"
"23243","chr7",75914374,75916619,"BC063788"
"23244","chr7",75931874,75933615,"HSPB1"
"23245","chr7",75935608,75937654,"AX747594"
"23246","chr7",75956108,75988342,"YWHAG"
"23247","chr7",76018646,76039012,"SRCRB4D"
"23248","chr7",76026840,76071389,"ZP3"
"23249","chr7",76090971,76135313,"DTX2"
"23250","chr7",76099337,76104317,"FDPSL2A"
"23251","chr7",76139744,76157200,"UPK3B"
"23252","chr7",76178657,76182448,"BC090058"
"23253","chr7",76239303,76256620,"POMZP3"
"23254","chr7",76610138,76673096,"DTX2P1-UPK3BP1-PMS2P11"
"23255","chr7",76668796,76682356,"LOC100132832"
"23257","chr7",76822688,76829150,"FGL2"
"23260","chr7",77286977,77287972,"BC037783"
"23261","chr7",77325742,77409121,"RSBN1L"
"23262","chr7",77287973,77326662,"LOC100505854"
"23263","chr7",77423045,77427747,"TMEM60"
"23265","chr7",77619733,77621941,"AK124308"
"23266","chr7",77976558,77988771,"RPL13AP17"
"23268","chr7",79082272,79100525,"MAGI2-AS3"
"23269","chr7",79400571,79400607,"MIR548M"
"23270","chr7",79764139,79848726,"GNAI1"
"23272","chr7",80087987,80141242,"GNAT3"
"23275","chr7",81331444,81399452,"HGF"
"23276","chr7",81575760,81578977,"AK092048"
"23278","chr7",81638492,81659272,"AK055932"
"23282","chr7",84161791,84204160,"BX647900"
"23286","chr7",86780739,86781595,"BC035377"
"23287","chr7",86781676,86825649,"DMTF1"
"23288","chr7",86825478,86849031,"C7orf23"
"23289","chr7",86954664,86974831,"TP53TG1"
"23290","chr7",86974950,87029113,"CROT"
"23291","chr7",87031361,87105019,"ABCB4"
"23294","chr7",87505543,87538857,"DBF4"
"23295","chr7",87463814,87505692,"SLC25A40"
"23297","chr7",87834432,87856308,"SRI"
"23298","chr7",87905744,87936228,"STEAP4"
"23300","chr7",88423420,88425031,"C7orf62"
"23301","chr7",89748713,89754915,"DPY19L2P4"
"23302","chr7",89783688,89794142,"STEAP1"
"23303","chr7",89796903,89866993,"STEAP2"
"23304","chr7",89874487,89940378,"C7orf63"
"23305","chr7",89969689,90020770,"GTPBP10"
"23306","chr7",90013034,90045269,"CLDN12"
"23308","chr7",90893782,90898133,"FZD1"
"23309","chr7",91431460,91510016,"MTERF"
"23311","chr7",91741463,91808845,"CYP51A1"
"23312","chr7",91763905,91809229,"AL133568"
"23313","chr7",91770957,91794590,"LRRD1"
"23314","chr7",91828283,91875414,"KRIT1"
"23316","chr7",92076764,92088743,"GATAD1"
"23317","chr7",92098079,92099695,"ERVW-1"
"23318","chr7",92116337,92157845,"PEX1"
"23319","chr7",92158086,92167320,"RBM48"
"23320","chr7",92167788,92169080,"MGC16142"
"23321","chr7",92190072,92219706,"FAM133B"
"23323","chr7",92728826,92747336,"SAMD9"
"23324","chr7",92759368,92777680,"SAMD9L"
"23325","chr7",92817899,92855782,"HEPACAM2"
"23327","chr7",93112072,93112167,"MIR653"
"23328","chr7",93113248,93113331,"MIR489"
"23331","chr7",93346239,93346318,"MIR4652"
"23332","chr7",93515745,93520065,"TFPI2"
"23333","chr7",93551015,93555827,"GNG11"
"23334","chr7",93592082,93633690,"BET1"
"23335","chr7",94023872,94060545,"COL1A2"
"23336","chr7",94139169,94186329,"CASD1"
"23337","chr7",94214536,94285521,"SGCE"
"23338","chr7",94285636,94299007,"PEG10"
"23340","chr7",94927669,95025687,"PON1"
"23341","chr7",95034174,95064384,"PON2"
"23342","chr7",95115212,95169544,"ASB4"
"23343","chr7",95212809,95225925,"PDK4"
"23345","chr7",95848974,95849068,"MIR591"
"23346","chr7",95936145,95936164,"JA429672"
"23348","chr7",96110938,96132835,"FLJ42280"
"23349","chr7",96250969,96293650,"LOC100506136"
"23350","chr7",96302237,96339203,"SHFM1"
"23351","chr7",96594613,96594794,"Evf1_1"
"23352","chr7",96594800,96595008,"Evf1_2"
"23353","chr7",96597827,96643377,"DLX6-AS1"
"23354","chr7",96635289,96640353,"DLX6"
"23355","chr7",96649702,96654143,"DLX5"
"23356","chr7",96745904,96811076,"ACN9"
"23357","chr7",97361270,97369785,"TAC1"
"23358","chr7",97481429,97501854,"ASNS"
"23359","chr7",97595943,97596476,"BC122864"
"23360","chr7",97503667,97601638,"MGC72080"
"23361","chr7",97614013,97619416,"OCM2"
"23363","chr7",97840777,97842272,"BHLHA15"
"23364","chr7",97846047,97881468,"TECPR1"
"23365","chr7",97910978,97922276,"BRI3"
"23366","chr7",97937196,97938206,"hCG_2023280"
"23368","chr7",98246596,98259182,"NPTX2"
"23369","chr7",98444111,98467673,"TMEM130"
"23371","chr7",98479272,98479353,"MIR3609"
"23372","chr7",98610787,98634103,"AK001533"
"23374","chr7",98771197,98805089,"KPNA7"
"23375","chr7",98870923,98895595,"MYH16"
"23376","chr7",98923495,98985885,"ARPC1A"
"23377","chr7",98972297,98992405,"ARPC1B"
"23378","chr7",98992298,99006305,"PDAP1"
"23379","chr7",99006591,99017240,"BUD31"
"23380","chr7",99014362,99036462,"PTCD1"
"23381","chr7",99036562,99054997,"CPSF4"
"23382","chr7",99070514,99085218,"ZNF789"
"23383","chr7",99090854,99097877,"ZNF394"
"23384","chr7",99097488,99097890,"AJ297365"
"23385","chr7",99102272,99131446,"ZKSCAN5"
"23386","chr7",99143923,99156115,"FAM200A"
"23387","chr7",99156044,99174077,"ZNF655"
"23388","chr7",99195901,99208457,"LOC100289187"
"23390","chr7",99245813,99332819,"CYP3A5"
"23391","chr7",99354583,99381811,"CYP3A4"
"23392","chr7",99425635,99464174,"CYP3A43"
"23393","chr7",99473685,99474656,"OR2AE1"
"23394","chr7",99488030,99517223,"TRIM4"
"23395","chr7",99520892,99527243,"GJC3"
"23396","chr7",99564350,99573735,"AZGP1"
"23397","chr7",99578384,99591589,"AZGP1P1"
"23398","chr7",99613218,99635404,"ZKSCAN1"
"23399","chr7",99647416,99662664,"ZSCAN21"
"23400","chr7",99661653,99680359,"ZNF3"
"23401","chr7",99686582,99689823,"COPS6"
"23402","chr7",99691183,99691266,"MIR25"
"23403","chr7",99691437,99691460,"DD413568"
"23404","chr7",99691391,99691470,"MIR93"
"23405","chr7",99691616,99691697,"MIR106B"
"23406","chr7",99690404,99699427,"MCM7"
"23407","chr7",99699129,99707943,"AP4M1"
"23408","chr7",99704693,99717481,"TAF6"
"23409","chr7",99717264,99723129,"CNPY4"
"23410","chr7",99724319,99726122,"MBLAC1"
"23411","chr7",99746529,99751834,"C7orf59"
"23412","chr7",99752043,99756338,"C7orf43"
"23413","chr7",99754228,99754292,"MIR4658"
"23414","chr7",99756865,99766373,"GAL3ST4"
"23415","chr7",99767229,99774990,"GPC2"
"23416","chr7",99775537,99812011,"STAG3"
"23417","chr7",99816242,99819112,"PVRIG"
"23418","chr7",99798278,99869855,"GATS"
"23419","chr7",99905324,99919820,"SPDYE3"
"23420","chr7",99918263,99933930,"PMS2P1"
"23421","chr7",99933766,99965455,"PILRB"
"23422","chr7",99971067,99997723,"PILRA"
"23423","chr7",99998495,100026302,"ZCWPW1"
"23424","chr7",100026412,100031750,"MEPCE"
"23425","chr7",100032912,100034094,"PPP1R35"
"23426","chr7",100054238,100061894,"C7orf61"
"23427","chr7",100064142,100076902,"TSC22D4"
"23428","chr7",100081549,100092423,"NYAP1"
"23429","chr7",100136833,100165844,"AGFG2"
"23430","chr7",100169853,100171270,"SAP25"
"23431","chr7",100171658,100172356,"ZASP"
"23432","chr7",100171634,100183776,"LRCH4"
"23433","chr7",100183955,100198741,"FBXO24"
"23434","chr7",100199881,100205799,"PCOLCE"
"23435","chr7",100187024,100201661,"LOC100129845"
"23436","chr7",100209724,100213001,"MOSPD3"
"23437","chr7",100218039,100240402,"TFR2"
"23438","chr7",100240726,100254084,"ACTL6B"
"23439","chr7",100254183,100264333,"AK055267"
"23440","chr7",100271362,100276793,"GNB2"
"23441","chr7",100277130,100286870,"GIGYF1"
"23442","chr7",100303675,100305124,"POP7"
"23443","chr7",100318422,100321324,"EPO"
"23444","chr7",100331248,100395420,"ZAN"
"23445","chr7",100400187,100425143,"EPHB4"
"23446","chr7",100450357,100464635,"SLC12A9"
"23447","chr7",100464949,100471077,"TRIP6"
"23448","chr7",100472700,100486286,"SRRT"
"23449","chr7",100486344,100487339,"UFSP1"
"23450","chr7",100488709,100488761,"DJ051769"
"23451","chr7",100487615,100494539,"ACHE"
"23452","chr7",100550749,100608373,"MUC3B"
"23453","chr7",100606878,100609286,"AK057259"
"23454","chr7",100612903,100662231,"MUC12"
"23455","chr7",100663363,100702141,"MUC17"
"23456","chr7",100728785,100735011,"TRIM56"
"23457","chr7",100770378,100782548,"SERPINE1"
"23458","chr7",100770384,100771202,"BC005927"
"23459","chr7",100781706,100782533,"PAI1"
"23460","chr7",100797685,100804558,"AP1S1"
"23461","chr7",100802753,100802837,"MIR4653"
"23462","chr7",100805790,100808852,"VGF"
"23463","chr7",100813774,100823557,"NAT16"
"23464","chr7",100839013,100844302,"MOGAT3"
"23465","chr7",100860984,100867472,"ZNHIT1"
"23466","chr7",100849258,100861011,"PLOD3"
"23467","chr7",100875373,100882101,"CLDN15"
"23468","chr7",100882893,100895593,"FIS1"
"23469","chr7",100893616,100895601,"AK091729"
"23470","chr7",100951620,100954266,"BC032716"
"23471","chr7",100956648,100965093,"RABL5"
"23473","chr7",101208587,101212286,"BC039094"
"23474","chr7",101256605,101272576,"MYL10"
"23476","chr7",101928404,101962179,"SH2B2"
"23477","chr7",101936368,101936454,"MIR4285"
"23478","chr7",101979403,101979440,"DQ595418"
"23479","chr7",101986192,101996889,"SPDYE6"
"23480","chr7",102004307,102036770,"LOC100289561"
"23481","chr7",102016658,102067130,"PRKRIP1"
"23482","chr7",102063377,102067121,"AK097289"
"23483","chr7",102073995,102097269,"ORAI2"
"23484","chr7",102096667,102105321,"ALKBH4"
"23485","chr7",102105389,102113613,"LRWD1"
"23486","chr7",102111915,102111979,"MIR4467"
"23487","chr7",102113548,102119381,"POLR2J"
"23488","chr7",102123591,102128370,"KIAA0538"
"23490","chr7",102128377,102135315,"RASA4B"
"23491","chr7",102188514,102288458,"BC041025"
"23493","chr7",102219873,102220258,"HSPC047"
"23494","chr7",102233477,102244906,"BC085014"
"23495","chr7",102389398,102449673,"FAM185A"
"23496","chr7",102553343,102585557,"LRRC17"
"23498","chr7",102715327,102740211,"ARMC10"
"23499","chr7",102781717,102782850,"RPL19P12"
"23500","chr7",102740023,102790007,"NAPEPLD"
"23502","chr7",102937872,102969959,"PMPCB"
"23503","chr7",102952921,102985320,"DNAJC2"
"23504","chr7",102987970,103009843,"PSMC2"
"23505","chr7",102993177,103086624,"SLC26A5"
"23507","chr7",103766788,103848495,"ORC5"
"23509","chr7",103969740,103969761,"JA682610"
"23510","chr7",104436954,104444539,"LOC645591"
"23511","chr7",104535075,104567092,"LOC723809"
"23512","chr7",104581652,104602782,"BC061919"
"23513","chr7",104622194,104631612,"LOC100216546"
"23514","chr7",104650989,104654588,"LOC100216545"
"23515","chr7",104654636,104754533,"MLL5"
"23516","chr7",104748534,104749020,"AF520793"
"23517","chr7",104754025,104755465,"AF520792"
"23519","chr7",105096960,105162685,"PUS7"
"23520","chr7",105172531,105208125,"RINT1"
"23521","chr7",105208141,105208837,"BC007100"
"23522","chr7",105205580,105221976,"EFCAB10"
"23525","chr7",105730952,105753057,"SYPL1"
"23526","chr7",105888732,105925638,"NAMPT"
"23527","chr7",106297211,106301634,"CCDC71L"
"23529","chr7",106505722,106547593,"PIK3CG"
"23531","chr7",106809405,106842975,"HBP1"
"23532","chr7",107110501,107116126,"GPR22"
"23533","chr7",107204431,107218969,"DUS4L"
"23535","chr7",107220421,107263763,"BCAP29"
"23536","chr7",107301079,107358253,"SLC26A4"
"23537","chr7",107296961,107302243,"LOC286002"
"23538","chr7",107384278,107402084,"CBLL1"
"23539","chr7",107405912,107443678,"SLC26A3"
"23540","chr7",107531585,107561644,"DLD"
"23541","chr7",107564246,107643804,"LAMB1"
"23544","chr7",108112071,108168605,"PNPLA8"
"23545","chr7",108202671,108210167,"THAP5"
"23546","chr7",108210188,108215295,"DNAJB9"
"23547","chr7",108524038,108524637,"C7orf66"
"23548","chr7",109599284,109600270,"EIF3IP1"
"23549","chr7",110658283,110658309,"Mir_875"
"23550","chr7",110731061,110765510,"LRRN3"
"23553","chr7",111448593,111461830,"BC043243"
"23555","chr7",112063198,112117259,"IFRD1"
"23556","chr7",112120907,112130944,"C7orf53"
"23557","chr7",112405787,112430478,"TMEM168"
"23559","chr7",112720468,112727833,"GPR85"
"23560","chr7",112756773,112758637,"LOC401397"
"23561","chr7",113516882,113559082,"PPP1R3A"
"23563","chr7",114293399,114293511,"MIR3666"
"23564","chr7",114562208,114659971,"MDFIC"
"23565","chr7",114719011,114766369,"BC022431"
"23566","chr7",115319401,115322672,"BC039665"
"23568","chr7",115850546,115898838,"TES"
"23569","chr7",115849286,115851565,"BC040208"
"23570","chr7",115893169,115895119,"BD495725"
"23571","chr7",115915660,115926718,"AK097428"
"23572","chr7",115928126,115977313,"EF070119"
"23573","chr7",115929932,115930105,"DQ656011"
"23574","chr7",116139654,116148596,"CAV2"
"23575","chr7",116164838,116201240,"CAV1"
"23579","chr7",116593952,116599868,"ST7-OT4"
"23580","chr7",116592501,116594388,"ST7-AS1"
"23581","chr7",116712126,116730835,"ST7OT2"
"23582","chr7",116712481,116785614,"ST7-AS2"
"23583","chr7",116822734,116849992,"ST7-OT3"
"23584","chr7",116916686,116963343,"WNT2"
"23585","chr7",117003276,117067577,"ASZ1"
"23588","chr7",117824085,117844094,"NAA38"
"23589","chr7",117864711,117882785,"ANKRD7"
"23591","chr7",120427374,120498177,"TSPAN12"
"23592","chr7",120590816,120615712,"ING3"
"23594","chr7",120965420,120981159,"WNT16"
"23595","chr7",120988905,121036422,"FAM3C"
"23597","chr7",121713598,121784344,"AASS"
"23598","chr7",121943711,121950132,"LOC154860"
"23599","chr7",121941448,121944565,"FEZF1"
"23601","chr7",122337766,122339208,"RNF133"
"23602","chr7",122341720,122343021,"RNF148"
"23603","chr7",122634759,122635754,"TAS2R16"
"23604","chr7",122753588,122840025,"SLC13A1"
"23605","chr7",123092236,123174718,"IQUB"
"23606","chr7",123181083,123197958,"NDUFA5"
"23607","chr7",123241920,123277933,"ASB15"
"23608","chr7",123295860,123304148,"LMOD2"
"23609","chr7",123321997,123389116,"WASL"
"23610","chr7",123389268,123391035,"AL110181"
"23611","chr7",123454192,123459485,"HYALP1"
"23612","chr7",123485222,123517532,"HYAL4"
"23613","chr7",123565285,123611462,"SPAM1"
"23614","chr7",123634678,123667701,"BC041947"
"23615","chr7",123634981,123668756,"L13779"
"23617","chr7",123670970,123673523,"TMEM229A"
"23618","chr7",123977434,123992154,"BC031318"
"23619","chr7",124386114,124405681,"GPR37"
"23620","chr7",124417346,124430864,"LOC154872"
"23623","chr7",124869633,124904345,"EF565094"
"23624","chr7",126698142,126698238,"MIR592"
"23626","chr7",126855180,126869976,"BC040328"
"23627","chr7",127010354,127032767,"ZNF800"
"23628","chr7",127220682,127225654,"GCC1"
"23629","chr7",127228405,127231760,"ARF5"
"23630","chr7",127231462,127241852,"FSCN3"
"23631","chr7",127250346,127255982,"PAX4"
"23633","chr7",127637561,127640131,"SND1-IT1"
"23634","chr7",127667124,127671002,"LRRC4"
"23635","chr7",127700597,127701076,"BC150500"
"23636","chr7",127721912,127722013,"MIR593"
"23637","chr7",127847924,127847997,"MIR129-1"
"23638","chr7",127881330,127897683,"LEP"
"23639","chr7",127950436,127983962,"RBM28"
"23640","chr7",127990379,128001739,"PRRT4"
"23641","chr7",128034565,128034596,"DQ596753"
"23642","chr7",128032331,128050036,"IMPDH1"
"23643","chr7",128095883,128098473,"HILPDA"
"23644","chr7",128116782,128142979,"METTL2B"
"23645","chr7",128281294,128301053,"FLJ45340"
"23646","chr7",128312345,128324301,"FAM71F2"
"23647","chr7",128349114,128371798,"FAM71F1"
"23648","chr7",128379345,128413478,"CALU"
"23649","chr7",128412543,128415844,"OPN1SW"
"23650","chr7",128431463,128462188,"CCDC136"
"23651","chr7",128470482,128499329,"FLNC"
"23652","chr7",128502856,128505904,"ATP6V1F"
"23653","chr7",128506463,128512102,"LOC100130705"
"23654","chr7",128502505,128550773,"KCP"
"23655","chr7",128577768,128590089,"IRF5"
"23657","chr7",128695276,128697294,"TPI1P2"
"23658","chr7",128766324,128768051,"LOC407835"
"23659","chr7",128784711,128809535,"TSPAN33"
"23660","chr7",128828712,128853386,"SMO"
"23662","chr7",129074273,129128240,"FAM40B"
"23663","chr7",129142319,129152774,"LOC100287482"
"23665","chr7",129410223,129410332,"MIR182"
"23666","chr7",129414533,129414609,"MIR96"
"23667","chr7",129414745,129414854,"MIR183"
"23668","chr7",129470572,129475681,"AL832212"
"23670","chr7",129594599,129594680,"JA611275"
"23671","chr7",129658126,129691233,"ZC3HC1"
"23672","chr7",129710348,129775561,"KLHDC10"
"23673","chr7",129804555,129845338,"TMEM209"
"23674","chr7",129847703,129856685,"C7orf45"
"23675","chr7",129906702,129929638,"CPA2"
"23676","chr7",129932973,129964021,"CPA4"
"23677","chr7",129984629,130008572,"CPA5"
"23678","chr7",130007190,130009387,"AK097910"
"23679","chr7",130020289,130027950,"CPA1"
"23680","chr7",130036375,130080854,"CEP41"
"23681","chr7",130126015,130146139,"MEST"
"23682","chr7",130126898,130131013,"MESTIT1"
"23683","chr7",130135951,130136046,"MIR335"
"23685","chr7",130353486,130372268,"TSGA13"
"23686","chr7",130417396,130418888,"KLF14"
"23687","chr7",130561506,130561569,"MIR29A"
"23688","chr7",130562218,130562298,"MIR29B1"
"23689","chr7",130557251,130598069,"LOC646329"
"23692","chr7",130994503,131012535,"AK054623"
"23693","chr7",131154742,131157707,"AK057978"
"23694","chr7",131185021,131241376,"PODXL"
"23696","chr7",132333552,132413529,"AK097607"
"23700","chr7",133974090,134001827,"SLC35B4"
"23701","chr7",134127107,134143888,"AKR1B1"
"23702","chr7",134212343,134226167,"AKR1B10"
"23703","chr7",134233848,134264593,"AKR1B15"
"23704","chr7",134331530,134364568,"BPGM"
"23707","chr7",134832765,134850968,"TMEM140"
"23708","chr7",134777117,134832915,"LOC653739"
"23709","chr7",134850532,134855578,"C7orf49"
"23710","chr7",134868590,134896316,"WDR91"
"23711","chr7",134916730,134943245,"STRA8"
"23713","chr7",135242661,135333500,"NUP205"
"23714","chr7",135347220,135378163,"C7orf73"
"23715","chr7",135365987,135412933,"SLC13A4"
"23716","chr7",135414346,135433594,"FAM180A"
"23717","chr7",135611503,135662204,"MTPN"
"23719","chr7",136587913,136588042,"MIR490"
"23721","chr7",137003338,137011701,"AK094915"
"23725","chr7",137638093,137642713,"LOC100130880"
"23727","chr7",137808503,137808568,"MIR4468"
"23728","chr7",138125547,138125585,"DQ573766"
"23730","chr7",138279030,138363790,"SVOPL"
"23731","chr7",138391039,138482941,"ATP6V0A4"
"23732","chr7",138482738,138490770,"TMEM213"
"23734","chr7",138710452,138720775,"ZC3HAV1L"
"23735","chr7",138728266,138794465,"ZC3HAV1"
"23736","chr7",138818489,138874551,"TTC26"
"23737","chr7",138916230,138992983,"UBN2"
"23738","chr7",138940643,138944134,"BC045656"
"23739","chr7",139025104,139108204,"LUC7L2"
"23740","chr7",139025896,139030542,"C7orf55"
"23741","chr7",139102209,139112272,"LOC100129148"
"23742","chr7",139138088,139168457,"KLRG2"
"23743","chr7",139208673,139229732,"CLEC2L"
"23746","chr7",139723549,139763521,"PARP12"
"23747","chr7",139784546,139876741,"JHDM1D"
"23748","chr7",139877060,139879441,"LOC100134229"
"23749","chr7",140033552,140098311,"SLC37A3"
"23750","chr7",140103842,140126051,"RAB19"
"23751","chr7",140100136,140104233,"AK131347"
"23752","chr7",140152840,140179369,"MKRN1"
"23754","chr7",140372952,140395746,"ADCK2"
"23755","chr7",140396480,140406447,"NDUFB2"
"23756","chr7",140395136,140396877,"LOC100134713"
"23757","chr7",140405000,140406438,"BC065735"
"23758","chr7",140419138,140421887,"AK098095"
"23760","chr7",140705961,140714781,"MRPS33"
"23763","chr7",141356528,141401953,"KIAA1147"
"23764","chr7",141408152,141431072,"WEE2"
"23765","chr7",141404138,141438030,"FLJ40852"
"23766","chr7",141438175,141450258,"SSBP1"
"23767","chr7",141463896,141464998,"TAS2R3"
"23768","chr7",141478288,141479189,"TAS2R4"
"23769","chr7",141490016,141491167,"TAS2R5"
"23770","chr7",141536078,141541285,"PRSS37"
"23771","chr7",141618675,141619621,"OR9A4"
"23772","chr7",141627157,141646783,"CLEC5A"
"23773","chr7",141672431,141673573,"TAS2R38"
"23775","chr7",141811548,141843784,"LOC93432"
"23776","chr7",141870969,141921089,"LOC100124692"
"23777","chr7",141940556,141946886,"MOXD2P"
"23778","chr7",141951958,141957878,"PRSS58"
"23779","chr7",141968101,141972068,"LOC730441"
"23783","chr7",142008362,142008869,"TCRBV9S1A1T"
"23784","chr7",142013006,142013488,"TCRBV7S1A1N2T"
"23785","chr7",142013325,142013490,"TCRVb7.1-Jb1.5"
"23787","chr7",142028196,142028612,"T-cell receptor IGR b 14 Vbeta 13"
"23788","chr7",142028272,142028604,"TCRBV13S1-TCRBJ2S1"
"23789","chr7",142045253,142045815,"TCRBV7S3A2"
"23790","chr7",142045724,142045817,"TCRVb7.2-Jb1.2"
"23791","chr7",142099456,142099540,"TRBV7-8"
"23792","chr7",142104124,142104534,"AY124788"
"23793","chr7",142131412,142149009,"BV5-8"
"23794","chr7",142131416,142131921,"TCRBV5S2"
"23795","chr7",142143654,142144065,"AF397448"
"23796","chr7",142148932,142149474,"TCRBV5S3A2T"
"23797","chr7",142161933,142162280,"T-cell receptor IGR b 16 Vbeta"
"23798","chr7",142161935,142162407,"TCRBV13S6A2T"
"23800","chr7",142168382,142169010,"TCRBV5S6A3N2T"
"23801","chr7",142176331,142176408,"TCRBV"
"23802","chr7",142180517,142180999,"TCRBV13S1"
"23803","chr7",142197572,142198055,"TRB"
"23804","chr7",142206514,142207007,"TCRBV12S3"
"23805","chr7",142223825,142224284,"TCRBV21S1"
"23806","chr7",142231578,142232120,"TCRBV12S2"
"23807","chr7",142239539,142240022,"TCRBV1S1A1N1"
"23808","chr7",142247110,142247590,"TCRBV6S1A1N1"
"23809","chr7",142326375,142327045,"TCRBV17S1A1T"
"23810","chr7",142326946,142327047,"BV17S1A1T"
"23811","chr7",142334185,142334913,"BV02S1J2.2"
"23813","chr7",142344832,142344892,"TCRBV10S1P"
"23814","chr7",142353907,142428290,"TCRBV19S1P"
"23815","chr7",142364199,142364708,"TCRBV15S1"
"23816","chr7",142374130,142375526,"MTRNR2L6"
"23817","chr7",142378608,142379076,"TCRBV11S1A1T"
"23818","chr7",142423182,142423935,"TCRBV14S1"
"23819","chr7",142423393,142426273,"AX748042"
"23820","chr7",142428486,142428989,"TCRBV3S1"
"23821","chr7",142448088,142448744,"TCRBV4S1A1T"
"23822","chr7",142457318,142460928,"PRSS1"
"23823","chr7",142478756,142482400,"TRY6"
"23824","chr7",142493821,142494030,"X04930"
"23825","chr7",142494054,142494076,"TCRBV14.1-J2.1"
"23826","chr7",142494243,142494294,"AY006148"
"23827","chr7",142462184,142494293,"BV6S4-BJ2S2"
"23828","chr7",142510273,142511084,"TCRBV20S1A1N2"
"23829","chr7",142552791,142568848,"EPHB6"
"23830","chr7",142568960,142583490,"TRPV6"
"23831","chr7",142605648,142630820,"TRPV5"
"23832","chr7",142636602,142637958,"C7orf34"
"23833","chr7",142638201,142659503,"KEL"
"23834","chr7",142723287,142724219,"OR9A2"
"23835","chr7",142749437,142750380,"OR6V1"
"23836","chr7",142759381,142760882,"OR6W1P"
"23837","chr7",142829173,142836835,"PIP"
"23838","chr7",142880511,142881529,"TAS2R39"
"23839","chr7",142919171,142920144,"TAS2R40"
"23840","chr7",142960521,142966223,"GSTK1"
"23841","chr7",142982039,142985142,"TMEM139"
"23842","chr7",142985307,143004790,"CASP2"
"23843","chr7",143013218,143049098,"CLCN1"
"23844","chr7",143050493,143059840,"FAM131B"
"23845","chr7",143058809,143088207,"ZYX"
"23847","chr7",143088205,143105985,"EPHA1"
"23848","chr7",143140545,143141503,"TAS2R60"
"23849","chr7",143174965,143175890,"TAS2R41"
"23850","chr7",143268889,143271245,"CTAGE15P"
"23851","chr7",143306174,143307660,"DQ786304"
"23853","chr7",143452182,143454843,"CTAGE6P"
"23854","chr7",143548461,143599278,"FAM115A"
"23855","chr7",143632325,143633280,"OR2F2"
"23856","chr7",143656156,143657064,"7M1-2"
"23857","chr7",143657019,143658109,"OR2F1"
"23858","chr7",143701089,143702026,"OR6B1"
"23859","chr7",143747494,143748431,"OR2A5"
"23860","chr7",143771312,143772246,"OR2A25"
"23861","chr7",143792200,143793134,"OR2A12"
"23862","chr7",143806675,143807633,"OR2A2"
"23863","chr7",143826205,143827139,"OR2A14"
"23864","chr7",143839226,143840032,"BAC05914.1"
"23865","chr7",143880547,143963767,"CTAGE4"
"23866","chr7",143883176,143892791,"ARHGEF35"
"23867","chr7",143929004,144015217,"OR2A1"
"23868","chr7",143947564,143996465,"OR2A9P"
"23870","chr7",143948761,143953326,"BC040701"
"23871","chr7",143955789,143956721,"OR2A7"
"23872","chr7",143956089,143991256,"LOC728377"
"23873","chr7",144052488,144077726,"ARHGEF5"
"23874","chr7",144094333,144107320,"NOBOX"
"23876","chr7",145694483,145694513,"DQ597485"
"23878","chr7",147075109,147075213,"MIR548F4"
"23880","chr7",147797616,147797649,"MIR548F3"
"23881","chr7",148043899,148043928,"MIR548T"
"23882","chr7",148287656,148312953,"C7orf33"
"23884","chr7",148504464,148581441,"EZH2"
"23885","chr7",148700154,148725782,"PDIA4"
"23886","chr7",148766733,148787869,"ZNF786"
"23887","chr7",148799878,148823438,"ZNF425"
"23888","chr7",148823507,148880119,"ZNF398"
"23889","chr7",148892576,148923340,"ZNF282"
"23890","chr7",148936741,148952701,"ZNF212"
"23891","chr7",148959261,148994404,"ZNF783"
"23892","chr7",148982371,148990915,"LOC155060"
"23893","chr7",148991289,148994394,"AF035281"
"23894","chr7",149128454,149158053,"ZNF777"
"23895","chr7",149169884,149194898,"ZNF746"
"23896","chr7",149244245,149321881,"ZNF767"
"23897","chr7",149412101,149431665,"KRBA1"
"23898","chr7",149461271,149470295,"ZNF467"
"23899","chr7",149473130,149531054,"SSPO"
"23900","chr7",149535478,149537349,"BC045757"
"23901","chr7",149535508,149564569,"ZNF862"
"23902","chr7",149570056,149577788,"ATP6V0E2"
"23903","chr7",149564783,149570951,"LOC401431"
"23904","chr7",149578563,149579189,"DQ590227"
"23905","chr7",149944301,150020758,"ACTR3C"
"23906","chr7",150006629,150035246,"LRRC61"
"23907","chr7",150026937,150029812,"C7orf29"
"23908","chr7",150035407,150038763,"RARRES2"
"23909","chr7",150065360,150071134,"REPIN1"
"23910","chr7",150076405,150095720,"ZNF775"
"23911","chr7",150097789,150109559,"LOC728743"
"23912","chr7",150130741,150145229,"LOC285972"
"23913","chr7",150147961,150176484,"GIMAP8"
"23914","chr7",150211944,150218162,"GIMAP7"
"23915","chr7",150264457,150271042,"GIMAP4"
"23916","chr7",150322464,150329736,"GIMAP6"
"23917","chr7",150382793,150390729,"GIMAP2"
"23918","chr7",150413644,150421369,"GIMAP1"
"23919","chr7",150446823,150487838,"NM_001162367"
"23920","chr7",150474296,150478201,"AK125599"
"23921","chr7",150488376,150498448,"TMEM176B"
"23922","chr7",150497853,150502209,"TMEM176A"
"23923","chr7",150526068,150558380,"ABP1"
"23924","chr7",150642044,150675402,"KCNH2"
"23925","chr7",150688143,150711688,"NOS3"
"23926","chr7",150709297,150721586,"ATG9B"
"23927","chr7",150725509,150744870,"ABCB8"
"23928","chr7",150745604,150749844,"ACCN3"
"23929","chr7",150750899,150755052,"CDK5"
"23930","chr7",150755298,150773615,"SLC4A2"
"23931","chr7",150771829,150773617,"AK296065"
"23932","chr7",150773708,150777951,"FASTK"
"23933","chr7",150778172,150780620,"TMUB1"
"23934","chr7",150782953,150841524,"AGAP3"
"23935","chr7",150818400,150820727,"AX747175"
"23936","chr7",150845676,150864867,"GBX1"
"23937","chr7",150872785,150884919,"ASB10"
"23938","chr7",150890565,150894388,"IQCA1L"
"23939","chr7",150904923,150924317,"ABCF2"
"23940","chr7",150929574,150935906,"CHPF2"
"23941","chr7",150935506,150935625,"MIR671"
"23942","chr7",150936059,150974231,"SMARCD3"
"23943","chr7",151038846,151075549,"NUB1"
"23944","chr7",151062456,151065689,"AK055458"
"23945","chr7",151106321,151110133,"LOC100131176"
"23946","chr7",151078207,151107740,"WDR86"
"23947","chr7",151130575,151130725,"MIR3907"
"23948","chr7",151127056,151137899,"CRYGN"
"23949","chr7",151163098,151217010,"RHEB"
"23951","chr7",151503819,151507546,"BC040865"
"23952","chr7",151574126,151576309,"LOC100505483"
"23953","chr7",151653463,151717020,"GALNTL5"
"23954","chr7",151722777,151819428,"GALNT11"
"23956","chr7",152133979,152140101,"FABP5P3"
"23957","chr7",152161208,152162631,"LOC100128822"
"23958","chr7",152343587,152373250,"XRCC2"
"23959","chr7",152456850,152552464,"ACTR3B"
"23961","chr7",153752670,153756646,"AK127966"
"23962","chr7",154720226,154741197,"LOC100132707"
"23963","chr7",154735400,154794682,"PAXIP1"
"23964","chr7",154795142,154797414,"LOC202781"
"23965","chr7",154862545,154877460,"HTR5A"
"23966","chr7",154858779,154863267,"LOC100128264"
"23967","chr7",155022391,155025215,"AX746871"
"23968","chr7",155089485,155101946,"INSIG1"
"23969","chr7",155174770,155189052,"BC150495"
"23970","chr7",155250823,155257527,"EN2"
"23971","chr7",155293953,155326539,"CNPY1"
"23972","chr7",155434168,155437113,"AX747269"
"23974","chr7",155592736,155604967,"SHH"
"23975","chr7",156230483,156238282,"LOC285889"
"23976","chr7",156333184,156333796,"LINC00244"
"23977","chr7",156432123,156433257,"BC070228"
"23978","chr7",156431060,156433348,"C7orf13"
"23979","chr7",156433352,156469821,"RNF32"
"23981","chr7",156742416,156765877,"NOM1"
"23982","chr7",156786745,156803347,"MNX1"
"23983","chr7",156803550,156809119,"LOC645249"
"23985","chr7",157129709,157210134,"DNAJB6"
"23986","chr7",157367028,157367114,"MIR153-2"
"23987","chr7",157647276,157658783,"LOC100506585"
"23988","chr7",157859628,157862199,"DQ583756"
"23989","chr7",158325410,158325505,"MIR595"
"23991","chr7",158331908,158335856,"AX746826"
"23992","chr7",158424003,158497520,"NCAPG2"
"23993","chr7",158523689,158622319,"ESYT2"
"23994","chr7",158649268,158738884,"WDR60"
"23995","chr7",158801044,158822883,"LOC154822"
"23997","chr8",116086,117024,"OR4F21"
"23998","chr8",182199,197340,"ZNF596"
"23999","chr8",158345,182318,"RPL23AP53"
"24000","chr8",356807,419876,"FBXO25"
"24001","chr8",424454,427967,"AK056623"
"24002","chr8",439803,441959,"AK126209"
"24003","chr8",439961,495331,"C8orf42"
"24004","chr8",590408,594400,"AK128400"
"24005","chr8",614200,681226,"ERICH1"
"24008","chr8",1244294,1250827,"LOC286083"
"24010","chr8",1552721,1570583,"AK093412"
"24011","chr8",1711869,1734737,"CLN8"
"24012","chr8",1765396,1765474,"MIR596"
"24014","chr8",1817437,1818400,"BC047307"
"24015","chr8",1922043,1955110,"KBTBD11"
"24017","chr8",2147222,2149989,"AX747124"
"24018","chr8",2447076,2480453,"BC045738"
"24019","chr8",2554056,2585957,"AK128880"
"24021","chr8",6261077,6264069,"LOC100287015"
"24023","chr8",6357175,6420784,"ANGPT2"
"24024","chr8",6565877,6619022,"AGPAT5"
"24025","chr8",6602684,6602766,"MIR4659A"
"24026","chr8",6602689,6602761,"MIR4659B"
"24027","chr8",6693075,6699976,"LOC100652791"
"24028","chr8",6666041,6693166,"XKR5"
"24029","chr8",6728097,6735529,"DEFB1"
"24030","chr8",6782216,6783598,"DEFA6"
"24031","chr8",6793345,6795786,"DEFA4"
"24032","chr8",6825663,6826635,"DEFA10P"
"24033","chr8",6835171,6875823,"DEFA1"
"24034","chr8",6844700,6866346,"DEFT1P"
"24035","chr8",6912829,6914259,"DEFA5"
"24036","chr8",7010238,7044423,"BC030294"
"24038","chr8",7118141,7128636,"FLJ00326"
"24039","chr8",7141007,7143880,"LOC349196"
"24040","chr8",7144913,7147925,"FAM90A5"
"24041","chr8",7152535,7155547,"FAM90A20"
"24043","chr8",7143733,7212876,"FAM66B"
"24044","chr8",7215498,7220490,"ZNF705G"
"24045","chr8",7272385,7274354,"DEFB4B"
"24046","chr8",7286416,7287870,"DEFB103A"
"24052","chr8",7413660,7440175,"FAM90A7"
"24053","chr8",7580612,7614215,"FAM90A18"
"24054","chr8",7595908,7598919,"FAM90A8"
"24055","chr8",7618851,7621863,"FAM90A9"
"24056","chr8",7626498,7629511,"FAM90A10"
"24057","chr8",7706212,7721320,"SPAG11A"
"24058","chr8",7738725,7740181,"DEFB103B"
"24059","chr8",7752198,7754238,"DEFB4A"
"24060","chr8",7783858,7809936,"LOC100132396"
"24061","chr8",7812534,7866278,"FAM66E"
"24062","chr8",7946463,7946611,"MIR548I3"
"24063","chr8",8086091,8102388,"FLJ10661"
"24064","chr8",8175258,8239257,"SGK223"
"24065","chr8",8559665,8561618,"CLDN23"
"24067","chr8",8860313,8890850,"ERI1"
"24068","chr8",8905954,8906029,"MIR4660"
"24069","chr8",8993764,9009152,"PPP1R3B"
"24070","chr8",9046508,9060364,"BC017578"
"24071","chr8",9182560,9192591,"LOC157273"
"24073","chr8",9599181,9599279,"MIR597"
"24074","chr8",9757574,9760839,"LOC157627"
"24075","chr8",9760898,9760982,"MIR124-1"
"24077","chr8",10383055,10411677,"PRSS55"
"24078","chr8",10340388,10405095,"AK307207"
"24079","chr8",10463860,10512617,"RP1L1"
"24080","chr8",10530146,10558104,"C8orf74"
"24081","chr8",10586823,10622668,"BC043573"
"24083","chr8",10682883,10682953,"MIR1322"
"24084","chr8",10713595,10716946,"AK094525"
"24085","chr8",10892716,10892812,"MIR598"
"24086","chr8",10980891,10982327,"C8orf15"
"24088","chr8",11141999,11185655,"MTMR9"
"24089","chr8",11173371,11182938,"CR749668"
"24090","chr8",11188494,11189696,"SLC35G5"
"24091","chr8",11197145,11225962,"TDH"
"24092","chr8",11203437,11204999,"BC038546"
"24093","chr8",11225910,11296167,"C8orf12"
"24094","chr8",11278973,11324276,"FAM167A"
"24095","chr8",11351520,11422109,"BLK"
"24096","chr8",11434043,11438851,"LINC00208"
"24097","chr8",11534467,11617510,"GATA4"
"24098","chr8",11618764,11620733,"C8orf49"
"24099","chr8",11627171,11644855,"NEIL2"
"24100","chr8",11653081,11696819,"FDFT1"
"24101","chr8",11700034,11725646,"CTSB"
"24102","chr8",11831446,11832108,"DEFB136"
"24103","chr8",11839829,11842100,"DEFB135"
"24104","chr8",11851489,11853760,"DEFB134"
"24105","chr8",11871650,11874982,"DQ580909"
"24107","chr8",11946846,11973026,"ZNF705D"
"24108","chr8",11973290,12008699,"FAM66D"
"24109","chr8",11985367,11986804,"LOC392196"
"24110","chr8",11994677,11996269,"USP17L2"
"24112","chr8",12219527,12279971,"FAM66A"
"24113","chr8",12250793,12257874,"DEFB109P1"
"24114","chr8",12272030,12277095,"FAM90A25P"
"24115","chr8",12281922,12282230,"DQ587039"
"24116","chr8",12282231,12282893,"AK308439"
"24117","chr8",12283124,12293864,"FAM86B2"
"24119","chr8",12426978,12428992,"AX747586"
"24120","chr8",12435814,12438799,"AX747590"
"24122","chr8",12584745,12584809,"MIR3926-2"
"24123","chr8",12584741,12584813,"MIR3926-1"
"24124","chr8",12579406,12612992,"LONRF1"
"24125","chr8",12623571,12668910,"LOC340357"
"24126","chr8",12803150,12889013,"KIAA1456"
"24128","chr8",13196082,13200264,"BC035181"
"24129","chr8",13424351,13425798,"C8orf48"
"24131","chr8",14710947,14711019,"MIR383"
"24132","chr8",15183104,15183165,"DPB"
"24134","chr8",15965387,16050300,"MSR1"
"24135","chr8",16850334,16859674,"FGF20"
"24136","chr8",16884746,16980149,"EFHA2"
"24137","chr8",17013835,17080242,"ZDHHC2"
"24138","chr8",17086740,17104387,"CNOT7"
"24139","chr8",17104400,17155534,"VPS37A"
"24141","chr8",17354596,17428078,"SLC7A2"
"24142","chr8",17433941,17500643,"PDGFRL"
"24144","chr8",17721900,17767874,"FGL1"
"24146","chr8",17913925,17942507,"ASAH1"
"24147","chr8",18027970,18081199,"NAT1"
"24148","chr8",18248754,18258724,"NAT2"
"24150","chr8",19041186,19103032,"LOC100128993"
"24151","chr8",19171080,19253730,"SH2D4A"
"24152","chr8",19448176,19451930,"BC048103"
"24154","chr8",19674917,19709587,"INTS10"
"24155","chr8",19796581,19824771,"LPL"
"24156","chr8",20002366,20040717,"SLC18A1"
"24157","chr8",20054703,20079208,"ATP6V1B2"
"24158","chr8",20076170,20079206,"AK127443"
"24159","chr8",20103676,20112803,"LZTS1"
"24160","chr8",20831496,20852631,"LOC286114"
"24161","chr8",21155749,21166961,"AK057515"
"24162","chr8",21549530,21646346,"GFRA2"
"24164","chr8",21777179,21864097,"XPO7"
"24165","chr8",21881644,21894409,"NPM2"
"24166","chr8",21900427,21906320,"FGF17"
"24167","chr8",21911080,21940037,"EPB49"
"24168","chr8",21946713,21961892,"FAM160B2"
"24169","chr8",21964383,21967456,"NUDT18"
"24170","chr8",21971932,21988565,"HR"
"24171","chr8",21995533,21999448,"REEP4"
"24172","chr8",22004343,22014344,"LGI3"
"24173","chr8",22016233,22021992,"SFTPC"
"24174","chr8",22021798,22021993,"AK298119"
"24175","chr8",22022652,22069841,"BMP1"
"24176","chr8",22077216,22089851,"PHYHIP"
"24177","chr8",22102475,22102556,"MIR320A"
"24178","chr8",22102618,22108681,"POLR3D"
"24179","chr8",22132809,22213585,"PIWIL2"
"24180","chr8",22224761,22291641,"SLC39A14"
"24182","chr8",22398358,22402918,"AK125860"
"24183","chr8",22409250,22433009,"SORBS3"
"24184","chr8",22436253,22455539,"PDLIM2"
"24185","chr8",22446662,22451804,"FLJ00072"
"24186","chr8",22457113,22461663,"C8orf58"
"24187","chr8",22462144,22477984,"KIAA1967"
"24188","chr8",22497884,22499722,"FLJ14107"
"24189","chr8",22477947,22526661,"BIN3"
"24190","chr8",22545174,22550815,"EGR3"
"24191","chr8",22735496,22745536,"AK124682"
"24193","chr8",22844929,22877711,"RHOBTB2"
"24194","chr8",22863896,22876848,"BC043400"
"24195","chr8",22877648,22926700,"TNFRSF10B"
"24196","chr8",22925741,22941133,"LOC286059"
"24197","chr8",22941867,22961071,"MGC31957"
"24198","chr8",22960326,22974951,"TNFRSF10C"
"24199","chr8",22993104,23021540,"TNFRSF10D"
"24200","chr8",23048970,23082680,"TNFRSF10A"
"24201","chr8",23082733,23088440,"LOC389641"
"24202","chr8",23101149,23119513,"CHMP7"
"24203","chr8",23145611,23153793,"R3HCC1"
"24204","chr8",23152462,23153682,"BC128546"
"24206","chr8",23193720,23223639,"LOC100507156"
"24207","chr8",23243442,23315244,"ENTPD4"
"24208","chr8",23386362,23430064,"SLC25A37"
"24209","chr8",23427477,23429096,"AF116693"
"24210","chr8",23430967,23432977,"FP15737"
"24211","chr8",23537934,23540434,"BC111574"
"24212","chr8",23536206,23540450,"NKX3-1"
"24213","chr8",23559964,23564111,"NKX2-6"
"24214","chr8",23699434,23712320,"STC1"
"24215","chr8",24151579,24212727,"ADAM28"
"24216","chr8",24241797,24263527,"ADAMDEC1"
"24217","chr8",24298508,24384484,"ADAM7"
"24218","chr8",24771273,24776607,"NEFM"
"24219","chr8",24770532,24772230,"AK308605"
"24220","chr8",24808469,24814131,"NEFL"
"24223","chr8",25272425,25273232,"DKFZp451J181"
"24224","chr8",25276774,25282556,"GNRH1"
"24225","chr8",25285364,25315984,"KCTD9"
"24226","chr8",25316512,25365426,"CDCA2"
"24228","chr8",26227020,26228648,"CR936829"
"24229","chr8",26236777,26240469,"BC034827"
"24230","chr8",26240522,26270645,"BNIP3L"
"24231","chr8",26362196,26371483,"PNMA2"
"24234","chr8",26723017,26724760,"AK311558"
"24235","chr8",27093814,27115903,"STMN4"
"24236","chr8",27142404,27168834,"TRIM35"
"24238","chr8",27317278,27336813,"CHRNA2"
"24239","chr8",27348644,27402487,"EPHX2"
"24240","chr8",27454434,27472328,"CLU"
"24241","chr8",27491576,27534287,"SCARA3"
"24242","chr8",27559193,27559277,"MIR3622A"
"24243","chr8",27559190,27559284,"MIR3622B"
"24244","chr8",27590833,27630170,"CCDC25"
"24245","chr8",27632057,27670142,"ESCO2"
"24246","chr8",27667138,27695572,"PBK"
"24247","chr8",27743556,27743633,"MIR4287"
"24249","chr8",27879481,27941388,"C8orf80"
"24251","chr8",28174648,28200869,"PNOC"
"24253","chr8",28351721,28431786,"FZD3"
"24254","chr8",28362633,28362699,"MIR4288"
"24255","chr8",28553719,28558836,"BC043205"
"24256","chr8",28559152,28611203,"EXTL3"
"24259","chr8",28918209,28920184,"DQ595103"
"24261","chr8",28968089,28998198,"AF086219"
"24262","chr8",29190579,29208267,"DUSP4"
"24263","chr8",29578776,29605625,"C8orf75"
"24264","chr8",29605840,29656009,"BC082237"
"24265","chr8",29779028,29811124,"LOC286135"
"24266","chr8",29814788,29814864,"MIR3148"
"24267","chr8",29920631,29940649,"TMEM66"
"24268","chr8",29952921,29995223,"LEPROTL1"
"24269","chr8",29989187,30002200,"MBOAT4"
"24270","chr8",30013812,30041156,"DCTN6"
"24273","chr8",30239642,30242917,"AK057935"
"24274","chr8",30496116,30503470,"LOC100507341"
"24275","chr8",30436031,30515738,"GTF2E2"
"24276","chr8",30535580,30585486,"GSR"
"24277","chr8",30601689,30624521,"UBXN8"
"24278","chr8",30643126,30670352,"PPP2CB"
"24279","chr8",30689060,30746222,"TEX15"
"24280","chr8",30853321,30891231,"PURG"
"24283","chr8",31883734,31957255,"BC037250"
"24286","chr8",33342684,33358779,"MAK16"
"24287","chr8",33330904,33370703,"TTI2"
"24288","chr8",33405273,33424643,"RNF122"
"24289","chr8",33448854,33457439,"DUSP26"
"24291","chr8",35649364,35653628,"AK092313"
"24293","chr8",37553300,37556397,"ZNF703"
"24294","chr8",37575096,37591012,"BC031939"
"24295","chr8",37594096,37615320,"ERLIN2"
"24296","chr8",37592279,37594944,"AX747135"
"24297","chr8",37604074,37605564,"LOC728024"
"24298","chr8",37620100,37637287,"PROSC"
"24299","chr8",37654400,37701505,"GPR124"
"24300","chr8",37701398,37707431,"BRF2"
"24301","chr8",37716465,37757015,"RAB11FIP1"
"24302","chr8",37791800,37797647,"GOT1L1"
"24303","chr8",37820514,37824184,"ADRB3"
"24304","chr8",37888019,37917884,"EIF4EBP1"
"24305","chr8",37963010,37997229,"ASH2L"
"24306","chr8",38000218,38008600,"STAR"
"24307","chr8",38034105,38070820,"BAG4"
"24308","chr8",38020839,38034248,"LSM1"
"24309","chr8",38089008,38120288,"DDHD2"
"24310","chr8",38120650,38126738,"PPAPDC1B"
"24312","chr8",38243958,38266063,"LETM2"
"24313","chr8",38268656,38326352,"FGFR1"
"24314","chr8",38368352,38386180,"C8orf86"
"24315","chr8",38457693,38458775,"RNF5P1"
"24317","chr8",38758752,38831431,"PLEKHA2"
"24318","chr8",38831667,38846182,"HTRA4"
"24319","chr8",38846327,38854041,"TM2D2"
"24321","chr8",38876134,38876202,"SNORD38"
"24324","chr8",39308564,39380470,"ADAM3A"
"24326","chr8",39601255,39695779,"ADAM2"
"24327","chr8",39771327,39786310,"IDO1"
"24328","chr8",39792473,39873911,"IDO2"
"24329","chr8",40010986,40012828,"C8orf4"
"24331","chr8",41119476,41166990,"SFRP1"
"24332","chr8",41348080,41368500,"GOLGA7"
"24333","chr8",41386724,41402566,"GINS4"
"24334","chr8",41435706,41482521,"AGPAT6"
"24336","chr8",41517958,41518027,"JA429246"
"24337","chr8",41517959,41518026,"MIR486"
"24340","chr8",42010463,42028702,"AP3M2"
"24341","chr8",42032236,42065194,"PLAT"
"24342","chr8",42128819,42190172,"IKBKB"
"24343","chr8",42187553,42189966,"AX746775"
"24344","chr8",42195972,42229332,"POLB"
"24345","chr8",42231586,42234674,"DKK4"
"24346","chr8",42249278,42263456,"VDAC3"
"24348","chr8",42396297,42408141,"C8orf40"
"24349","chr8",42552561,42592210,"CHRNB3"
"24350","chr8",42607780,42623929,"CHRNA6"
"24351","chr8",42691817,42698474,"THAP1"
"24352","chr8",42751340,42751418,"MIR4469"
"24353","chr8",42704780,42751866,"RNF170"
"24355","chr8",42911441,42940933,"FNTA"
"24356","chr8",42948656,42978324,"SGK196"
"24357","chr8",42995591,43057971,"HGSNAT"
"24358","chr8",43147584,43218329,"POTEA"
"24359","chr8",47752507,47767408,"LINC00293"
"24360","chr8",48100929,48104440,"LOC100287846"
"24362","chr8",48649476,48650726,"CEBPD"
"24364","chr8",48872762,48890720,"MCM4"
"24365","chr8",48920994,48974455,"UBE2V2"
"24366","chr8",49623351,49647870,"EFCAB1"
"24367","chr8",49830239,49833999,"SNAI2"
"24368","chr8",49984902,49988643,"C8orf22"
"24369","chr8",50047180,50047788,"BC042029"
"24372","chr8",52730140,52811735,"PCMTD1"
"24373","chr8",52812208,52859734,"AK299452"
"24374","chr8",52860661,52862695,"AX747167"
"24376","chr8",53446597,53478021,"FAM150A"
"24377","chr8",53535018,53627026,"RB1CC1"
"24378","chr8",53852467,53853455,"NPBWR1"
"24379","chr8",54138276,54164194,"OPRK1"
"24380","chr8",54427731,54436491,"AK056897"
"24383","chr8",54879116,54935008,"TCEA1"
"24384","chr8",54955552,54957513,"BC039537"
"24385","chr8",54958938,55014577,"LYPLA1"
"24386","chr8",55047780,55061075,"MRPL15"
"24387","chr8",55370494,55373457,"SOX17"
"24390","chr8",56361757,56367881,"SBF1P1"
"24391","chr8",56651320,56685885,"TMEM68"
"24392","chr8",56685790,56738006,"TGS1"
"24394","chr8",56986398,56986460,"SNORD54"
"24395","chr8",56986582,56986660,"DL492700"
"24396","chr8",56980739,56987140,"RPS20"
"24397","chr8",57025501,57026541,"MOS"
"24398","chr8",57073468,57123859,"PLAG1"
"24399","chr8",57124314,57131177,"CHCHD7"
"24400","chr8",57212570,57233241,"SDR16C5"
"24402","chr8",57353513,57359282,"PENK"
"24403","chr8",57430878,57472382,"LOC100507632"
"24404","chr8",57870488,57906430,"IMPAD1"
"24405","chr8",58131647,58145389,"LOC100507651"
"24406","chr8",58173784,58179171,"LOC286177"
"24407","chr8",58192101,58197291,"C8orf71"
"24408","chr8",58256345,58277416,"BC048118"
"24409","chr8",58658707,58662755,"AX746596"
"24411","chr8",59168330,59184660,"BC032030"
"24412","chr8",59323822,59364061,"UBXN2B"
"24413","chr8",59402737,59412720,"CYP7A1"
"24414","chr8",59465727,59495420,"SDCBP"
"24415","chr8",59571857,59573986,"AX747379"
"24416","chr8",59496064,59572404,"NSMAF"
"24418","chr8",61101423,61193954,"CA8"
"24419","chr8",61315771,61326377,"AK124262"
"24422","chr8",61878680,61880307,"LOC100130298"
"24425","chr8",62627346,62627419,"MIR4470"
"24426","chr8",62671659,62678528,"BC047540"
"24428","chr8",63890419,63897461,"UG0898H09"
"24429","chr8",63927639,63951610,"GGH"
"24430","chr8",63972048,63998612,"TTPA"
"24431","chr8",64081120,64125347,"YTHDF3"
"24432","chr8",64297397,64330488,"AK093370"
"24433","chr8",64681987,64698055,"LOC286184"
"24434","chr8",65285774,65295843,"LOC100130155"
"24435","chr8",65291705,65291815,"MIR124-2"
"24436","chr8",65486866,65494445,"LOC401463"
"24437","chr8",65492794,65496192,"BHLHE22"
"24439","chr8",66073380,66092575,"LINC00251"
"24440","chr8",66439243,66474901,"LOC286186"
"24441","chr8",66514691,66546452,"ARMC1"
"24442","chr8",66556887,66622799,"MTFR1"
"24444","chr8",66933790,67012756,"DNAJC5B"
"24445","chr8",67039277,67087719,"TRIM55"
"24446","chr8",67088612,67090846,"CRH"
"24447","chr8",67104348,67109555,"LOC100505659"
"24448","chr8",67331822,67341212,"LOC100505676"
"24449","chr8",67341262,67342969,"RRS1"
"24450","chr8",67344717,67381045,"ADHFE1"
"24451","chr8",67405490,67430760,"C8orf46"
"24452","chr8",67474410,67525480,"MYBL1"
"24453","chr8",67524380,67526482,"LOC645895"
"24454","chr8",67542488,67579452,"VCPIP1"
"24455","chr8",67579786,67593378,"C8orf44"
"24456","chr8",67679632,67680240,"PTTG3P"
"24457","chr8",67782983,67834284,"C8orf45"
"24458","chr8",67834709,67834784,"SNORD87"
"24459","chr8",67834165,67837777,"SNHG6"
"24460","chr8",67858736,67874825,"TCF24"
"24461","chr8",67900367,67940786,"PPP1R42"
"24462","chr8",67955315,67974571,"COPS5"
"24465","chr8",68497704,68497734,"DQ584699"
"24467","chr8",68864347,68867385,"BC036055"
"24469","chr8",69214472,69216749,"AX747593"
"24471","chr8",69215703,69243726,"LOC286189"
"24475","chr8",70963886,70983562,"PRDM14"
"24477","chr8",71485453,71520694,"TRAM1"
"24478","chr8",71520811,71575514,"LOC286190"
"24479","chr8",71549501,71581447,"LACTB2"
"24480","chr8",71581599,71648178,"XKR9"
"24484","chr8",72753777,72756731,"MSC"
"24485","chr8",72933486,72987819,"TRPA1"
"24486","chr8",73117534,73163869,"LOC392232"
"24488","chr8",73921096,73959988,"TERF1"
"24489","chr8",73976778,74005507,"C8orf84"
"24490","chr8",74153659,74171737,"LOC100130301"
"24491","chr8",74202874,74205869,"RPL7"
"24492","chr8",74206836,74237521,"RDH10"
"24493","chr8",74223141,74268696,"AK128216"
"24494","chr8",74332308,74353754,"LOC100128126"
"24496","chr8",74692332,74791110,"UBE2W"
"24497","chr8",74857373,74884522,"TCEB1"
"24498","chr8",74888376,74895019,"TMEM70"
"24499","chr8",74903563,74941308,"LY96"
"24500","chr8",75146939,75233562,"JPH1"
"24501","chr8",75262617,75279336,"GDAP1"
"24503","chr8",75617927,75617983,"MIR2052"
"24504","chr8",75736771,75767265,"PI15"
"24505","chr8",75728286,75779174,"AK024242"
"24506","chr8",75896707,75946794,"CRISPLD1"
"24507","chr8",76135661,76190696,"BC062758"
"24510","chr8",77523114,77595510,"LOC100192378"
"24511","chr8",77892494,77913280,"PEX2"
"24512","chr8",77908883,77912306,"AL832262"
"24513","chr8",79428335,79517503,"PKIA"
"24514","chr8",79446127,79470738,"BC036404"
"24515","chr8",79578281,79631998,"FAM164A"
"24516","chr8",79645007,79717758,"IL7"
"24517","chr8",80523048,80578411,"STMN2"
"24518","chr8",80676245,80680098,"HEY1"
"24522","chr8",81397853,81434611,"ZBTB10"
"24525","chr8",82192717,82197013,"FABP5"
"24526","chr8",82352564,82359719,"PMP2"
"24527","chr8",82370618,82373758,"FABP9"
"24528","chr8",82390732,82395473,"FABP4"
"24529","chr8",82437281,82443550,"FABP12"
"24530","chr8",82569151,82598589,"IMPA1"
"24531","chr8",82605891,82607207,"SLC10A5"
"24532","chr8",82613566,82633539,"ZFAND1"
"24533","chr8",82644687,82671749,"CHMP4C"
"24534","chr8",82711818,82754521,"SNX16"
"24535","chr8",84315992,84321133,"BC038578"
"24537","chr8",86019322,86058315,"LRRCC1"
"24538","chr8",86089618,86126754,"E2F5"
"24539","chr8",86126823,86129388,"AB209185"
"24540","chr8",86126288,86132643,"C8orf59"
"24542","chr8",86240458,86290342,"CA1"
"24543","chr8",86351055,86361268,"CA3"
"24544","chr8",86376130,86393722,"CA2"
"24546","chr8",87060691,87081851,"PSKH2"
"24547","chr8",87111138,87166455,"ATP6V0D2"
"24548","chr8",87226288,87242609,"SLC7A13"
"24550","chr8",87345503,87355543,"BC038731"
"24551","chr8",87484578,87521009,"FAM82B"
"24552","chr8",87526655,87573727,"CPNE3"
"24555","chr8",88882971,88886296,"DCAF4L2"
"24556","chr8",89044237,89046790,"DKFZp761D112"
"24558","chr8",90769974,90803293,"RIPK2"
"24559","chr8",90914095,90940096,"OSGIN2"
"24560","chr8",90945564,90996899,"NBN"
"24561","chr8",91013579,91064228,"DECR1"
"24562","chr8",91070838,91107687,"CALB1"
"24564","chr8",91658668,91663986,"BC040572"
"24566","chr8",91970706,91997485,"LOC100127983"
"24567","chr8",92006502,92053203,"TMEM55A"
"24568","chr8",92080143,92082417,"BC067244"
"24569","chr8",92082423,92099324,"OTUD6B"
"24571","chr8",92217712,92217787,"MIR4661"
"24576","chr8",94146324,94179079,"LOC389676"
"24578","chr8",94712772,94740672,"FAM92A1"
"24579","chr8",94743731,94753224,"RBM12B"
"24580","chr8",94752338,94753048,"C8orf39"
"24581","chr8",94767071,94830348,"TMEM67"
"24582","chr8",94928250,94928347,"MIR378D2"
"24583","chr8",94929082,94938297,"PDP1"
"24584","chr8",95139394,95229531,"CDH17"
"24585","chr8",95261485,95274547,"GEM"
"24587","chr8",95500005,95565746,"KIAA1429"
"24588","chr8",95649513,95651695,"LOC100288748"
"24589","chr8",95653363,95719695,"ESRP1"
"24590","chr8",95732102,95806077,"DPY19L4"
"24591","chr8",95835533,95892722,"INTS8"
"24592","chr8",95892453,95907482,"CCNE2"
"24593","chr8",95938200,95961615,"TP53INP1"
"24595","chr8",96085141,96085222,"MIR3150A"
"24596","chr8",96079037,96085148,"AX747981"
"24597","chr8",96085139,96085224,"MIR3150B"
"24598","chr8",96145948,96168914,"PLEKHF2"
"24600","chr8",96257141,96281462,"C8orf37"
"24601","chr8",96959213,96960576,"LOC100500773"
"24602","chr8",97154558,97173020,"GDF6"
"24603","chr8",97238904,97247862,"UQCRB"
"24604","chr8",97251645,97273796,"MTERFD1"
"24605","chr8",97274166,97346775,"PTDSS1"
"24608","chr8",98285714,98290176,"TSPYL5"
"24609","chr8",98656406,98742489,"MTDH"
"24610","chr8",98787808,98864831,"LAPTM4B"
"24612","chr8",99054314,99054445,"SNORA72"
"24613","chr8",99037079,99057818,"RPL30"
"24614","chr8",99076749,99105839,"C8orf47"
"24615","chr8",99114567,99129418,"HRSP12"
"24616","chr8",99129520,99172070,"POP1"
"24618","chr8",99439249,99443024,"KCNS2"
"24620","chr8",99956630,99964327,"OSR2"
"24622","chr8",100548864,100548958,"MIR599"
"24623","chr8",100549014,100549089,"MIR875"
"24624","chr8",100890378,100893849,"DL491896"
"24625","chr8",100890223,100906242,"COX6C"
"24627","chr8",101145588,101158099,"FBXO43"
"24628","chr8",101162838,101166231,"POLR2K"
"24629","chr8",101170262,101254133,"SPAG1"
"24630","chr8",101269288,101322327,"RNF19A"
"24631","chr8",101394990,101395074,"MIR4471"
"24632","chr8",101521980,101572012,"ANKRD46"
"24633","chr8",101585112,101661893,"SNX31"
"24634","chr8",101715144,101734315,"PABPC1"
"24635","chr8",101946568,101949291,"AX746867"
"24636","chr8",101930804,101965623,"YWHAZ"
"24637","chr8",102064281,102088480,"FLJ42969"
"24638","chr8",102209266,102217960,"ZNF706"
"24639","chr8",102374021,102384936,"AK291701"
"24640","chr8",102381120,102381824,"NACAP1"
"24643","chr8",103216729,103251346,"RRM2B"
"24644","chr8",103255836,103265562,"AK095151"
"24646","chr8",103563847,103573246,"ODF1"
"24647","chr8",103661005,103667983,"KLF10"
"24648","chr8",103819049,103822200,"AK127183"
"24649","chr8",103838536,103876397,"AZIN1"
"24650","chr8",104033247,104085286,"ATP6V1C1"
"24651","chr8",104133259,104147520,"AK001351"
"24652","chr8",104152920,104242534,"BAALC"
"24653","chr8",104145191,104153570,"C8orf56"
"24654","chr8",104166841,104166918,"MIR3151"
"24656","chr8",104310660,104345095,"FZD6"
"24657","chr8",104383785,104395218,"CTHRC1"
"24658","chr8",104426941,104455681,"DCAF13"
"24659","chr8",104410866,104427468,"SLC25A32"
"24660","chr8",104476927,104481214,"BX641143"
"24662","chr8",105352053,105368917,"TM7SF4"
"24663","chr8",105391652,105479277,"DPYS"
"24664","chr8",105501459,105601252,"LRP12"
"24667","chr8",107771711,107782472,"ABRA"
"24670","chr8",109213972,109260959,"EIF3E"
"24671","chr8",109455852,109499137,"TTC35"
"24673","chr8",110099652,110131813,"TRHR"
"24674","chr8",110253148,110346350,"NUDCD1"
"24675","chr8",110346551,110358190,"ENY2"
"24677","chr8",110551928,110577392,"EBAG9"
"24679","chr8",110656343,110660314,"AX748380"
"24680","chr8",110979233,110988076,"KCNV1"
"24682","chr8",113655721,113655813,"MIR2053"
"24685","chr8",117778741,117786922,"UTP23"
"24686","chr8",117886662,117889108,"RAD21-AS1"
"24687","chr8",117886967,117887039,"MIR3610"
"24688","chr8",117858173,117887105,"RAD21"
"24689","chr8",117950463,117956240,"C8orf85"
"24690","chr8",117947899,117950697,"AL832163"
"24692","chr8",118532964,118552502,"MED30"
"24693","chr8",119097733,119100498,"AK025288"
"24697","chr8",119935796,119964383,"TNFRSF11B"
"24698","chr8",120079423,120119203,"COLEC10"
"24699","chr8",120220609,120257915,"MAL2"
"24700","chr8",120428551,120436679,"NOV"
"24701","chr8",120569317,120651106,"ENPP2"
"24703","chr8",120846181,120868170,"DSCC1"
"24706","chr8",121408083,121457647,"MRPL13"
"24707","chr8",121457665,121535876,"MTBP"
"24708","chr8",121773492,121789073,"AK057448"
"24710","chr8",122651585,122657565,"HAS2-AS1"
"24711","chr8",122625271,122653630,"HAS2"
"24714","chr8",124025568,124054648,"DERL1"
"24715","chr8",124084919,124164393,"WDR67"
"24716","chr8",124191286,124222319,"FAM83A"
"24717","chr8",124213412,124214983,"LOC100131726"
"24718","chr8",124228028,124228103,"MIR4663"
"24719","chr8",124232196,124253638,"C8orf76"
"24720","chr8",124260690,124287781,"ZHX1"
"24721","chr8",124238429,124286727,"ZHX1-C8ORF76"
"24722","chr8",124332091,124428590,"ATAD2"
"24723","chr8",124412918,124412958,"DQ573774"
"24724","chr8",124414225,124414255,"DQ599993"
"24725","chr8",124414757,124414789,"DQ587954"
"24726","chr8",124428964,124454261,"WDYHV1"
"24727","chr8",124510127,124553493,"FBXO32"
"24728","chr8",124657915,124665190,"KLHL38"
"24729","chr8",124693034,124749647,"ANXA13"
"24730","chr8",124780881,124827691,"FAM91A1"
"24732","chr8",124996378,125053023,"FER1L6-AS1"
"24734","chr8",125323159,125384940,"TMEM65"
"24735","chr8",125463047,125465267,"TRMT12"
"24736","chr8",125474738,125486804,"CR933665"
"24737","chr8",125487007,125500860,"RNF139"
"24738","chr8",125500735,125551329,"TATDN1"
"24739","chr8",125551342,125580752,"NDUFB9"
"24741","chr8",125928361,125928395,"DQ589437"
"24742","chr8",125934287,125934355,"DQ572100"
"24743","chr8",125937530,125937561,"DQ585837"
"24744","chr8",125940248,125940290,"DQ601943"
"24745","chr8",125940396,125940430,"DQ589253"
"24746","chr8",125944826,125944854,"DQ570460"
"24747","chr8",125949164,125949190,"DQ581357"
"24748","chr8",125951616,125951646,"DQ583712"
"24749","chr8",125951883,125963338,"LOC157381"
"24750","chr8",125953393,125953948,"DQ580489"
"24751","chr8",125985538,125991631,"ZNF572"
"24752","chr8",126010719,126034526,"SQLE"
"24753","chr8",126036503,126104061,"KIAA0196"
"24755","chr8",126442562,126450645,"TRIB1"
"24756","chr8",126448661,126450648,"AK022787"
"24757","chr8",126934767,126963441,"LOC100130231"
"24758","chr8",127564683,127570711,"FAM84B"
"24759","chr8",128025398,128033260,"PCAT1"
"24760","chr8",128219629,128231333,"CCAT1"
"24761","chr8",128240804,128241377,"BC106081"
"24762","chr8",128427856,128429442,"POU5F1B"
"24763","chr8",128428233,128428613,"POU5F1P1"
"24765","chr8",128455595,128494384,"LOC727677"
"24766","chr8",128698588,128746210,"BC042052"
"24767","chr8",128747764,128753681,"MYC"
"24769","chr8",128808207,128808275,"MIR1204"
"24770","chr8",128958805,128960969,"TMEM75"
"24771","chr8",128972878,128972942,"MIR1205"
"24772","chr8",129021143,129021203,"MIR1206"
"24773","chr8",129061397,129061485,"MIR1207"
"24774","chr8",129162361,129162435,"MIR1208"
"24775","chr8",129417516,129440162,"BC009730"
"24776","chr8",129571390,129573380,"BC014119"
"24777","chr8",130228713,130253486,"LOC728724"
"24778","chr8",130363940,130365228,"CCDC26"
"24779","chr8",130760442,130799134,"GSDMC"
"24781","chr8",131094984,131097014,"LOC100507117"
"24783","chr8",131307601,131308779,"ASAP1-IT1"
"24786","chr8",133036467,133071627,"OC90"
"24787","chr8",133073733,133117512,"HHLA1"
"24789","chr8",133572745,133573726,"HPYR1"
"24791","chr8",133722192,133772914,"TMEM71"
"24792","chr8",133787603,133861053,"PHF20L1"
"24794","chr8",134048973,134115310,"SLA"
"24795","chr8",134203281,134243933,"WISP1"
"24796","chr8",134249419,134253770,"AX746885"
"24797","chr8",134249414,134309547,"NDRG1"
"24800","chr8",135610313,135612933,"ZFAT-AS1"
"24801","chr8",135812763,135812850,"MIR30B"
"24802","chr8",135817119,135817188,"MIR30D"
"24803","chr8",136246373,136311963,"LOC286094"
"24808","chr8",141111257,141113775,"AX748239"
"24810","chr8",141521396,141527253,"CHRAC1"
"24811","chr8",141531043,141535875,"DQ574852"
"24814","chr8",142138719,142205907,"DENND3"
"24815","chr8",142217268,142264225,"SLC45A4"
"24816","chr8",142350647,142354721,"LOC731779"
"24817","chr8",142366587,142377365,"GPR20"
"24818","chr8",142402120,142432273,"AK311257"
"24819","chr8",142432006,142441621,"PTP4A3"
"24820","chr8",142443929,142517330,"FLJ43860"
"24821","chr8",143257699,143257780,"MIR4472-1"
"24822","chr8",143279716,143290365,"LINC00051"
"24824","chr8",143545376,143626369,"BAI1"
"24825","chr8",143692410,143695833,"ARC"
"24826","chr8",143739813,143745841,"JH8"
"24827","chr8",143738874,143751401,"JRK"
"24828","chr8",143751725,143764146,"PSCA"
"24829","chr8",143760855,143763384,"AX747544"
"24830","chr8",143781528,143785585,"LY6K"
"24831","chr8",143783670,143808391,"LOC100288181"
"24832","chr8",143808620,143818351,"C8orf55"
"24833","chr8",143822362,143823829,"SLURP1"
"24834","chr8",143831628,143833952,"LYPD2"
"24835","chr8",143845756,143859640,"LYNX1"
"24836","chr8",143866298,143868008,"LY6D"
"24837","chr8",143916216,143928263,"GML"
"24838","chr8",143953773,143961236,"CYP11B1"
"24839","chr8",143991975,143999259,"CYP11B2"
"24840","chr8",144063448,144099807,"LOC100133669"
"24841","chr8",144099901,144103828,"LY6E"
"24842","chr8",144120678,144135721,"C8orf31"
"24843","chr8",144239331,144242053,"LY6H"
"24844","chr8",144295067,144299045,"GPIHBP1"
"24845","chr8",144328990,144359102,"ZFP41"
"24846","chr8",144373558,144382121,"ZNF696"
"24847","chr8",144391528,144442149,"TOP1MT"
"24848","chr8",144448793,144450805,"C8orf51"
"24849","chr8",144451024,144466391,"RHPN1"
"24850","chr8",144510230,144512602,"MAFA"
"24852","chr8",144635556,144645232,"GSDMD"
"24853","chr8",144648363,144654928,"C8orf73"
"24854","chr8",144656955,144660513,"NAPRT1"
"24855","chr8",144661867,144679845,"EEF1D"
"24856","chr8",144674959,144675116,"BC034020"
"24857","chr8",144680073,144682486,"TIGD5"
"24858","chr8",144686083,144691784,"PYCRL"
"24859","chr8",144694788,144699732,"TSTA3"
"24860","chr8",144718189,144735901,"ZNF623"
"24861","chr8",144766621,144794978,"ZNF707"
"24862","chr8",144779284,144780584,"BREA2"
"24863","chr8",144788864,144790279,"CCDC166"
"24864","chr8",144798506,144804634,"MAPK15"
"24865","chr8",144806103,144815914,"FAM83H"
"24866","chr8",144815253,144815323,"MIR4664"
"24867","chr8",144816309,144828508,"LOC100128338"
"24868","chr8",144824176,144828507,"AX746851"
"24869","chr8",144873090,144897549,"SCRIB"
"24870","chr8",144895127,144895212,"MIR937"
"24871","chr8",144898547,144911537,"PUF60"
"24872","chr8",144915755,144924200,"NRBP2"
"24873","chr8",144939912,144947434,"EPPK1"
"24874","chr8",144989321,145050913,"PLEC"
"24875","chr8",145019359,145019447,"MIR661"
"24876","chr8",145051320,145060635,"PARP10"
"24877","chr8",145064225,145067584,"GRINA"
"24878","chr8",145086581,145102016,"SPATC1"
"24879","chr8",145106167,145115584,"OPLAH"
"24880","chr8",145133521,145135552,"EXOSC4"
"24881","chr8",145137523,145141120,"GPAA1"
"24882","chr8",145149941,145152429,"CYC1"
"24883","chr8",145153536,145159140,"SHARPIN"
"24884","chr8",145159304,145162516,"MAF1"
"24885","chr8",145162628,145173219,"KIAA1875"
"24890","chr8",145515269,145538386,"HSF1"
"24891","chr8",145538247,145550567,"DGAT1"
"24892","chr8",145554454,145559943,"SCRT1"
"24893","chr8",145576886,145579269,"C8ORFK29"
"24894","chr8",145579088,145583036,"FBXL6"
"24895","chr8",145582216,145584949,"GPR172A"
"24896","chr8",145597730,145618454,"ADCK5"
"24897","chr8",145619364,145619445,"MIR939"
"24898","chr8",145618446,145634733,"CPSF1"
"24899","chr8",145625476,145625559,"MIR1234"
"24900","chr8",145635777,145642273,"SLC39A4"
"24901","chr8",145649000,145653927,"VPS28"
"24902","chr8",145660550,145665277,"AK298596"
"24903","chr8",145654163,145669812,"TONSL"
"24904","chr8",145675315,145691031,"CYHR1"
"24905","chr8",145691737,145699500,"KIFC2"
"24906","chr8",145699115,145701718,"FOXH1"
"24907","chr8",145715416,145727505,"PPP1R16A"
"24908","chr8",145721001,145724363,"AK094577"
"24909","chr8",145729464,145732556,"GPT"
"24910","chr8",145734551,145736590,"MFSD3"
"24911","chr8",145736667,145743210,"RECQL4"
"24912","chr8",145743362,145750560,"LRRC14"
"24913","chr8",145743870,145743907,"DQ579335"
"24914","chr8",145747761,145752416,"LRRC24"
"24915","chr8",145751603,145754458,"C8orf82"
"24917","chr8",145932591,145932619,"DQ588968"
"24918","chr8",145946294,145980970,"ZNF251"
"24919","chr8",145998501,146012725,"ZNF34"
"24920","chr8",146017350,146017416,"DL491750"
"24921","chr8",146015154,146017805,"RPL8"
"24922","chr8",146024260,146036555,"ZNF517"
"24923","chr8",146052902,146072895,"ZNF7"
"24924","chr8",146065829,146126846,"COMMD5"
"24925","chr8",146155744,146176274,"ZNF16"
"24926","chr8",146220250,146224284,"TMED10P1"
"24927","chr8",146228196,146231433,"C8orf77"
"24928","chr8",146198975,146228285,"ZNF252"
"24929","chr8",146277823,146281417,"C8orf33"
"24930","chr9",11986,14526,"DDX11L5"
"24931","chr9",34394,35864,"FAM138C"
"24932","chr9",72697,75295,"AY343892"
"24933","chr9",100994,102941,"AY343902"
"24934","chr9",116234,118417,"FOXD4"
"24936","chr9",213108,215893,"C9orf66"
"24939","chr9",976963,991733,"DMRT3"
"24940","chr9",1050345,1057555,"DMRT2"
"24943","chr9",2621792,2654486,"VLDLR"
"24944","chr9",2717525,2730038,"KCNV2"
"24945","chr9",2804155,2844130,"KIAA0020"
"24946","chr9",3479873,3481239,"BC069756"
"24948","chr9",3898645,3901249,"GLIS3-AS1"
"24950","chr9",4490426,4587470,"SLC1A1"
"24951","chr9",4662297,4665259,"PPAPDC2"
"24953","chr9",4679565,4706595,"CDC37L1"
"24954","chr9",4709557,4742043,"AK3"
"24955","chr9",4792833,4861065,"RCL1"
"24956","chr9",4850296,4850376,"MIR101-2"
"24957","chr9",4860453,4885918,"AK021739"
"24959","chr9",5163863,5185618,"INSL6"
"24960","chr9",5231418,5233968,"INSL4"
"24961","chr9",5299868,5304580,"RLN2"
"24962","chr9",5334969,5339873,"RLN1"
"24964","chr9",5450502,5470568,"CD274"
"24965","chr9",5510544,5571283,"PDCD1LG2"
"24967","chr9",5784572,5833081,"ERMP1"
"24968","chr9",5890908,5909823,"MLANA"
"24969","chr9",5919008,6008003,"KIAA2026"
"24970","chr9",6007825,6007905,"MIR4665"
"24971","chr9",6011019,6015640,"RANBP6"
"24972","chr9",6215785,6257984,"IL33"
"24973","chr9",6328348,6331901,"TPD52L3"
"24974","chr9",6413150,6507052,"UHRF2"
"24977","chr9",7796491,7799799,"C9orf123"
"24979","chr9",8858133,8861725,"AK094342"
"24980","chr9",11754033,11754054,"JA429064"
"24981","chr9",12693385,12710267,"TYRP1"
"24982","chr9",12775011,12823060,"C9orf150"
"24984","chr9",13406379,13431328,"FLJ41200"
"24985","chr9",13927969,13945607,"C9orf146"
"24988","chr9",14719732,14722715,"CER1"
"24990","chr9",14993324,15019723,"LOC389705"
"24992","chr9",15163622,15166031,"AK021570"
"24994","chr9",15422781,15465832,"SNAPC3"
"24995","chr9",15464065,15511003,"PSIP1"
"24997","chr9",15888034,15890768,"BC042022"
"24998","chr9",16216805,16219227,"BX648501"
"25003","chr9",18573303,18573378,"MIR3152"
"25004","chr9",18909659,18910946,"DKFZp686L03130"
"25006","chr9",19049371,19051022,"RRAGA"
"25007","chr9",19063654,19063784,"SCARNA8"
"25008","chr9",19053141,19102902,"HAUS6"
"25009","chr9",19115759,19127604,"PLIN2"
"25010","chr9",19129735,19149253,"AK094196"
"25011","chr9",19200877,19200903,"DQ572382"
"25012","chr9",19290701,19374140,"DENND4C"
"25013","chr9",19376254,19380235,"RPS6"
"25014","chr9",19397806,19452501,"ACER2"
"25016","chr9",20411146,20411236,"MIR4473"
"25017","chr9",20502263,20502340,"MIR4474"
"25020","chr9",20716103,20716188,"MIR491"
"25021","chr9",21003623,21031635,"PTPLAD2"
"25022","chr9",21077104,21077943,"IFNB1"
"25023","chr9",21140631,21142144,"IFNW1"
"25024","chr9",21165636,21166659,"IFNA21"
"25025","chr9",21186618,21187598,"IFNA4"
"25026","chr9",21201468,21202204,"IFNA7"
"25027","chr9",21206180,21207142,"IFNA10"
"25028","chr9",21216372,21217310,"IFNA16"
"25029","chr9",21227242,21228221,"IFNA17"
"25030","chr9",21201234,21239990,"IFNA14"
"25031","chr9",21277687,21278562,"IFNA22P"
"25032","chr9",21304613,21305312,"IFNA5"
"25033","chr9",21324051,21335352,"DKFZp686L0695"
"25034","chr9",21331018,21335429,"KLHL9"
"25035","chr9",21350317,21350886,"IFNA6"
"25036","chr9",21367371,21368075,"IFNA13"
"25037","chr9",21384254,21385396,"IFNA2"
"25038","chr9",21409145,21410185,"IFNA8"
"25039","chr9",21440452,21441316,"IFNA1"
"25040","chr9",21480839,21482312,"IFNE"
"25041","chr9",21512114,21512184,"MIR31"
"25044","chr9",21967137,21967754,"C9orf53"
"25045","chr9",21967751,21994490,"CDKN2A"
"25047","chr9",22002902,22009312,"CDKN2B"
"25048","chr9",22117663,22117814,"CDKN2B_AS"
"25049","chr9",22446839,22452473,"DMRTA1"
"25053","chr9",25330279,25330299,"JA375049"
"25055","chr9",25676387,25678856,"TUSC1"
"25056","chr9",25780053,25812967,"BC043546"
"25057","chr9",26066672,26118407,"LOC100506422"
"25058","chr9",26625556,26625584,"DQ598339"
"25059","chr9",26636782,26636812,"DQ574229"
"25060","chr9",26642274,26642313,"DQ571132"
"25061","chr9",26642854,26643938,"DQ582785"
"25062","chr9",26840683,26892826,"C9orf82"
"25064","chr9",26903368,26947468,"PLAA"
"25065","chr9",26993135,27005691,"LRRC19"
"25067","chr9",27245682,27282791,"LINC00032"
"25068","chr9",27284654,27297137,"C9orf11"
"25069","chr9",27374229,27378942,"AK172755"
"25070","chr9",27524311,27526497,"IFNK"
"25072","chr9",27546544,27573842,"C9orf72"
"25073","chr9",27937619,27944495,"BX538226"
"25075","chr9",28863624,28863704,"MIR876"
"25076","chr9",28888877,28888953,"MIR873"
"25077","chr9",32384600,32450833,"ACO1"
"25078","chr9",32443797,32445852,"AX747756"
"25079","chr9",32455300,32526322,"DDX58"
"25080","chr9",32551141,32553016,"LOC100129250"
"25081","chr9",32540542,32552626,"TOPORS"
"25082","chr9",32553524,32573182,"NDUFB6"
"25083","chr9",32633451,32648684,"AX747113"
"25084","chr9",32629452,32635667,"TAF1L"
"25085","chr9",32783496,32789200,"TMEM215"
"25086","chr9",32972604,33001639,"APTX"
"25087","chr9",33025208,33039063,"DNAJA1"
"25088","chr9",33025739,33025819,"Mir_207"
"25089","chr9",33041850,33076714,"SMU1"
"25090","chr9",33110639,33167356,"B4GALT1"
"25091","chr9",33240195,33248566,"SPINK4"
"25092","chr9",33252470,33264759,"BAG1"
"25093","chr9",33264876,33282068,"CHMP5"
"25094","chr9",33290417,33371156,"NFX1"
"25095","chr9",33384948,33402517,"AQP7"
"25096","chr9",33441152,33447631,"AQP3"
"25097","chr9",33461351,33473941,"NOL6"
"25098","chr9",33504535,33511164,"SUGT1P1"
"25099","chr9",33524410,33573002,"ANKRD18B"
"25101","chr9",33624288,33624316,"DJ439583"
"25102","chr9",33624382,33624404,"DJ439557"
"25103","chr9",33624902,33624924,"DJ439530"
"25104","chr9",33673502,33677418,"PTENP1"
"25105","chr9",33750463,33799230,"PRSS3"
"25108","chr9",33934285,33934379,"SNORD121B"
"25109","chr9",33952762,33952852,"SNORD121A"
"25110","chr9",34086381,34126771,"DCAF12"
"25111","chr9",34132719,34132747,"DQ587955"
"25112","chr9",34179002,34252522,"UBAP1"
"25114","chr9",34329503,34343712,"NUDT2"
"25115","chr9",34368907,34376894,"KIAA1161"
"25116","chr9",34379017,34397849,"C9orf24"
"25117","chr9",34398182,34458568,"C9orf25"
"25118","chr9",34458810,34520983,"DNAI1"
"25119","chr9",34521040,34523037,"ENHO"
"25120","chr9",34568009,34583071,"LOC415056"
"25121","chr9",34551430,34590138,"CNTFR"
"25122","chr9",34610482,34612110,"C9orf23"
"25123","chr9",34613548,34620496,"DCTN3"
"25124","chr9",34621455,34628011,"ARID3C"
"25125","chr9",34634719,34637768,"SIGMAR1"
"25126","chr9",34646634,34650574,"GALT"
"25127","chr9",34650698,34661885,"IL11RA"
"25128","chr9",34661893,34662689,"CCL27"
"25129","chr9",34689567,34691274,"CCL19"
"25130","chr9",34709002,34710147,"CCL21"
"25131","chr9",34723050,34729535,"FAM205A"
"25132","chr9",34830264,34838583,"FAM205B"
"25133","chr9",34957520,34982542,"KIAA1045"
"25134","chr9",34989637,34998431,"DNAJB5"
"25135","chr9",35041101,35045989,"C9orf131"
"25136","chr9",35056065,35072739,"VCP"
"25137","chr9",35073835,35080013,"FANCG"
"25138","chr9",35088685,35096598,"PIGO"
"25139","chr9",35099889,35103154,"STOML2"
"25140","chr9",35104118,35115893,"FAM214B"
"25142","chr9",35406751,35483027,"ATP8B5P"
"25143","chr9",35480463,35480493,"DQ580826"
"25144","chr9",35490006,35561896,"RUSC2"
"25145","chr9",35561827,35563896,"FAM166B"
"25146","chr9",35605280,35610039,"TESK1"
"25147","chr9",35608083,35608163,"MIR4667"
"25148","chr9",35609976,35646854,"CD72"
"25149","chr9",35649300,35650700,"AX748309"
"25150","chr9",35649297,35650947,"SIT1"
"25151","chr9",35657748,35658015,"RMRP"
"25152","chr9",35658286,35661501,"CCDC107"
"25153","chr9",35658872,35675863,"C9orf100"
"25154","chr9",35673709,35674180,"HV041854"
"25155","chr9",35673914,35681155,"CA9"
"25156","chr9",35681990,35690053,"TPM2"
"25157","chr9",35732316,35737006,"CREB3"
"25158","chr9",35697334,35732392,"TLN1"
"25159","chr9",35736863,35749983,"GBA2"
"25160","chr9",35749276,35753265,"RGP1"
"25161","chr9",35754030,35754061,"DQ589555"
"25162","chr9",35752988,35754274,"MSMP"
"25163","chr9",35792405,35809729,"NPR2"
"25164","chr9",35807782,35812259,"SPAG8"
"25165","chr9",35812957,35815042,"HINT2"
"25166","chr9",35817014,35828744,"C9orf128"
"25167","chr9",35829221,35854845,"TMEM8B"
"25168","chr9",35860270,35865516,"FP588"
"25169","chr9",35869460,35870398,"OR13J1"
"25170","chr9",35906188,35907139,"HRCT1"
"25171","chr9",35909479,35911618,"LOC158376"
"25172","chr9",35957105,35958151,"OR2S2"
"25173","chr9",36036909,36124453,"RECK"
"25174","chr9",36136741,36163904,"GLIPR2"
"25175","chr9",36169388,36171332,"CCIN"
"25176","chr9",36190852,36212060,"CLTA"
"25177","chr9",36214439,36277053,"GNE"
"25178","chr9",36336399,36401195,"RNF38"
"25180","chr9",36823536,36823596,"MIR4475"
"25181","chr9",36864251,36864305,"MIR4540"
"25182","chr9",36893459,36893528,"MIR4476"
"25184","chr9",37079892,37090399,"LOC100506710"
"25186","chr9",37422680,37436987,"GRHPR"
"25187","chr9",37438100,37465407,"ZBTB5"
"25188","chr9",37485944,37503694,"POLR1E"
"25189","chr9",37505586,37510380,"BC014180"
"25190","chr9",37510889,37588929,"FBXO10"
"25191","chr9",37582643,37592636,"TOMM5"
"25192","chr9",37651051,37746902,"FRMPD1"
"25193","chr9",37753801,37778970,"RG9MTD3"
"25194","chr9",37779949,37785067,"EXOSC3"
"25195","chr9",37800550,37867666,"DCAF10"
"25196","chr9",37789213,37800732,"AK098263"
"25197","chr9",37881890,37882757,"BC062753"
"25198","chr9",37886105,37886139,"DQ590189"
"25199","chr9",37877572,37904350,"MCART1"
"25200","chr9",37910721,37912138,"BC021061"
"25202","chr9",38392660,38398663,"ALDH1B1"
"25203","chr9",38406526,38408554,"AK131521"
"25204","chr9",38408991,38424444,"IGFBPL1"
"25206","chr9",38566270,38567982,"DQ573539"
"25207","chr9",38540566,38620360,"ANKRD18A"
"25208","chr9",38621084,38623278,"FAM201A"
"25213","chr9",39900199,39907241,"FAM74A1"
"25214","chr9",40311209,40311240,"DQ586551"
"25216","chr9",40700290,40706538,"FAM75A3"
"25217","chr9",40715523,40722680,"FAM74A3"
"25218","chr9",40760700,40836415,"ZNF658"
"25220","chr9",41500678,41506926,"FAM75A5"
"25221","chr9",41516045,41522323,"BC121813"
"25222","chr9",41948514,41954688,"BC019880"
"25223","chr9",41952396,41955076,"MGC21881"
"25225","chr9",41958802,42019584,"KGFLP2"
"25227","chr9",42435179,42435214,"DQ573253"
"25228","chr9",42436794,42436828,"DQ590943"
"25229","chr9",42436838,42436878,"DQ588135"
"25231","chr9",42470126,42474238,"AK093443"
"25236","chr9",42844370,42857993,"AK074198"
"25237","chr9",42858151,42893138,"AQP7P3"
"25238","chr9",43027664,43031774,"DQ587119"
"25240","chr9",43065075,43065107,"DQ581981"
"25241","chr9",43066689,43066722,"DQ593430"
"25242","chr9",43140537,43145484,"LOC642929"
"25243","chr9",43624502,43630730,"FAM75A6"
"25245","chr9",44021364,44021391,"DQ600788"
"25247","chr9",44990235,44991493,"FAM27C"
"25250","chr9",45727028,45728284,"FAM27A"
"25251","chr9",46687565,46748387,"KGFLP1"
"25252","chr9",46763790,46833320,"LOC643648"
"25254","chr9",65487273,65494386,"FAM74A4"
"25255","chr9",66368800,66368828,"DQ600787"
"25257","chr9",66457288,66469311,"CR627148"
"25258","chr9",66496469,66503028,"LOC442421"
"25259","chr9",66499190,66500031,"X97876"
"25260","chr9",66553275,66555596,"BC000869"
"25261","chr9",66513680,66553531,"AK309896"
"25262","chr9",66523814,66553911,"AK000451"
"25263","chr9",66688086,66699951,"BC065763"
"25265","chr9",67254267,67289492,"AQP7P1"
"25266","chr9",67792166,67794650,"DQ594366"
"25267","chr9",67792929,67794189,"FAM27B"
"25268","chr9",68413445,68414930,"BC080605"
"25269","chr9",68427783,68454375,"LOC642236"
"25270","chr9",68726540,68767302,"LOC100132352"
"25271","chr9",68743531,68769869,"AK096159"
"25272","chr9",68795666,68798214,"AX747850"
"25273","chr9",69065545,69106242,"AK311167"
"25274","chr9",69080244,69147854,"PGM5P2"
"25275","chr9",69174214,69192879,"LOC440896"
"25276","chr9",69199480,69202204,"FOXD4L6"
"25277","chr9",69204538,69262593,"CBWD6"
"25278","chr9",69379292,69380714,"LOC441426"
"25279","chr9",69381980,69425110,"ANKRD20A4"
"25280","chr9",69450467,69450500,"DQ581988"
"25281","chr9",69476016,69481676,"BC064148"
"25282","chr9",69478752,69478780,"DQ584320"
"25283","chr9",69478806,69478836,"DQ593554"
"25284","chr9",69633349,69651314,"BC070322"
"25285","chr9",70175707,70178815,"FOXD4L5"
"25286","chr9",70432000,70500063,"CBWD3"
"25287","chr9",70646052,70648957,"AK056618"
"25288","chr9",70917782,70920001,"FOXD4L3"
"25290","chr9",70970109,70972757,"LOC572558"
"25291","chr9",71150805,71154671,"AK130904"
"25292","chr9",71151498,71155783,"C9orf71"
"25294","chr9",71394963,71398610,"FAM122A"
"25295","chr9",71568004,71590757,"AK057188"
"25296","chr9",71627449,71629039,"PRKACG"
"25297","chr9",71650478,71715095,"FXN"
"25299","chr9",71780235,71785971,"AK096834"
"25300","chr9",71939487,72007371,"FAM189A2"
"25302","chr9",72324438,72374876,"PTAR1"
"25303","chr9",72434321,72435583,"BC039385"
"25304","chr9",72435730,72521149,"C9orf135"
"25306","chr9",72768050,72790804,"LOC100507244"
"25307","chr9",72808914,72873790,"LOC100507299"
"25308","chr9",72873877,72969790,"SMC5"
"25309","chr9",72935052,72937760,"AX748336"
"25310","chr9",72999513,73029573,"KLF9"
"25311","chr9",73424891,73425000,"MIR204"
"25313","chr9",74298282,74383800,"TMEM2"
"25314","chr9",74477368,74526148,"FAM108B1"
"25315","chr9",74526422,74599391,"C9orf85"
"25316","chr9",74666297,74687734,"C9orf57"
"25318","chr9",74920351,74958127,"AK095210"
"25319","chr9",74966341,74980163,"ZFAND5"
"25322","chr9",75766780,75785308,"ANXA1"
"25325","chr9",77561499,77567802,"C9orf40"
"25326","chr9",77567884,77612303,"BC043649"
"25327","chr9",77597873,77643310,"C9orf41"
"25328","chr9",77676116,77703133,"C9orf95"
"25329","chr9",77703397,77762115,"OSTF1"
"25331","chr9",79000433,79009444,"RFK"
"25332","chr9",79013514,79014955,"RPSAP9"
"25333","chr9",79034751,79122333,"GCNT1"
"25335","chr9",79379353,79402466,"PCA3"
"25336","chr9",79394572,79394834,"PCA3_1"
"25337","chr9",79634570,79635870,"FOXB2"
"25339","chr9",79791672,79792833,"LOC100286938"
"25342","chr9",80850990,80886800,"CEP78"
"25343","chr9",80912058,80945010,"PSAT1"
"25345","chr9",82478898,82478939,"DQ575560"
"25346","chr9",82479023,82479053,"DQ583878"
"25347","chr9",82479148,82479179,"DQ589820"
"25348","chr9",82479197,82479300,"DQ580124"
"25349","chr9",82479445,82479479,"DQ595182"
"25350","chr9",82479497,82479529,"DQ596925"
"25351","chr9",82479565,82479595,"DQ597713"
"25352","chr9",82479639,82479675,"DQ586158"
"25353","chr9",82479837,82479872,"DQ588659"
"25354","chr9",82479912,82479966,"DQ599976"
"25355","chr9",82480086,82480149,"DQ574305"
"25356","chr9",82480266,82480311,"DQ600106"
"25357","chr9",82480445,82480513,"DQ574306"
"25358","chr9",82480640,82480689,"DQ599155"
"25359","chr9",82480843,82480885,"DQ574330"
"25360","chr9",82481005,82481059,"DQ579956"
"25361","chr9",82481264,82481303,"DQ594965"
"25362","chr9",82481395,82481432,"DQ596802"
"25363","chr9",82481510,82481544,"DQ574826"
"25364","chr9",82481704,82481771,"DQ592136"
"25365","chr9",82482217,82482251,"DQ577348"
"25366","chr9",82482362,82482391,"DQ593172"
"25367","chr9",82482631,82482673,"DQ592375"
"25368","chr9",82483106,82483135,"DQ570523"
"25369","chr9",82483942,82483980,"DQ573195"
"25370","chr9",82973117,82973152,"DQ591664"
"25372","chr9",84304627,84391815,"BC036431"
"25373","chr9",84528351,84534843,"FAM75D5"
"25374","chr9",84531746,84531773,"DQ592725"
"25375","chr9",84532088,84562256,"DQ577940"
"25376","chr9",84533137,84563367,"DQ578305"
"25377","chr9",84534684,84549790,"DQ582032"
"25378","chr9",84535667,84550776,"DQ584769"
"25379","chr9",84543342,84549914,"FAM75D4"
"25380","chr9",84558414,84565010,"FAM75D3"
"25381","chr9",84545141,84592004,"AK097447"
"25382","chr9",84603686,84610172,"FAM75D1"
"25383","chr9",85597317,85678043,"RASEF"
"25385","chr9",86237963,86259046,"C9orf103"
"25386","chr9",86274878,86323168,"UBQLN1"
"25387","chr9",86323235,86328294,"AK300656"
"25388","chr9",86354336,86444431,"GKAP1"
"25389","chr9",86451615,86536342,"KIF27"
"25390","chr9",86553227,86571901,"C9orf64"
"25391","chr9",86584663,86584772,"MIR7-1"
"25392","chr9",86582998,86595569,"HNRNPK"
"25393","chr9",86595636,86618988,"RMI1"
"25394","chr9",86678357,86709495,"BX537783"
"25395","chr9",86890765,86983413,"SLC28A3"
"25398","chr9",88420916,88457795,"LOC389765"
"25399","chr9",88459099,88464636,"AK124523"
"25400","chr9",88556056,88637218,"NAA35"
"25402","chr9",88835180,88874519,"C9orf153"
"25403","chr9",88902648,88969402,"ZCCHC6"
"25404","chr9",89559277,89562104,"GAS1"
"25405","chr9",89563612,89616949,"BC036850"
"25406","chr9",89623366,89657041,"LOC440173"
"25407","chr9",89698801,89700140,"LOC494127"
"25408","chr9",89763558,89774642,"C9orf170"
"25409","chr9",89834788,89880410,"BC093087"
"25411","chr9",90340973,90346385,"CTSL1"
"25412","chr9",90387829,90401800,"CTSL3"
"25413","chr9",90459106,90459615,"L25629"
"25414","chr9",90459659,90462340,"CTSL1P8"
"25415","chr9",90472958,90473971,"LOC392364"
"25416","chr9",90497740,90503815,"C9orf79"
"25417","chr9",90529407,90538573,"FAM75C1"
"25418","chr9",90536997,90537026,"DQ578031"
"25419","chr9",90581359,90589695,"CDK20"
"25420","chr9",90745765,90745796,"DQ587746"
"25421","chr9",90744220,90749900,"FAM75C2"
"25422","chr9",91002839,91093623,"SPIN1"
"25423","chr9",91150015,91190705,"NXNL2"
"25424","chr9",91261836,91267075,"LOC286238"
"25425","chr9",91360751,91360820,"MIR4289"
"25426","chr9",91605777,91611058,"C9orf47"
"25427","chr9",91606361,91619926,"S1PR3"
"25429","chr9",91926112,91931619,"CKS2"
"25430","chr9",91927139,91927222,"MIR3153"
"25431","chr9",91933411,91974562,"SECISBP2"
"25433","chr9",92219926,92221470,"GADD45G"
"25434","chr9",92254697,92334675,"UNQ6494"
"25435","chr9",92785723,92785817,"MIR4290"
"25436","chr9",92782936,92803781,"LOC286370"
"25438","chr9",93346309,93346357,"DQ584857"
"25439","chr9",93346637,93346677,"DQ597036"
"25440","chr9",93347021,93347056,"DQ601751"
"25441","chr9",93347144,93347172,"DQ579694"
"25442","chr9",93347222,93347252,"DQ585001"
"25443","chr9",93347322,93347365,"DQ593488"
"25444","chr9",93372114,93405108,"DIRAS2"
"25445","chr9",93564011,93660843,"SYK"
"25446","chr9",93825576,93837414,"LOC100129316"
"25447","chr9",93922050,93927859,"AK095132"
"25449","chr9",94171327,94186144,"NFIL3"
"25450","chr9",94398532,94398644,"MIR3910-1"
"25451","chr9",94398549,94398627,"MIR3910-2"
"25453","chr9",94793420,94877690,"SPTLC1"
"25454","chr9",94895115,94900912,"LOC100128076"
"25455","chr9",94903748,94921891,"LINC00475"
"25456","chr9",94972625,94976364,"AK127087"
"25457","chr9",94984802,95056038,"IARS"
"25458","chr9",95054740,95054875,"SNORA84"
"25459","chr9",95059640,95087876,"NOL8"
"25461","chr9",95146249,95166937,"OGN"
"25462","chr9",95176527,95186836,"OMD"
"25463","chr9",95218489,95244844,"ASPN"
"25464","chr9",95255829,95298904,"ECM2"
"25465","chr9",95290266,95290340,"MIR4670"
"25466","chr9",95380331,95382818,"LOC100128361"
"25467","chr9",95393148,95395651,"AX746834"
"25468","chr9",95375466,95432547,"IPPK"
"25469","chr9",95473645,95527083,"BICD2"
"25470","chr9",95571892,95650976,"ANKRD19P"
"25471","chr9",95608351,95640290,"ZNF484"
"25472","chr9",95709600,95798519,"FGD3"
"25473","chr9",95820988,95847416,"SUSD3"
"25474","chr9",95858449,95875566,"C9orf89"
"25475","chr9",95883771,95896570,"NINJ1"
"25477","chr9",96080481,96108696,"C9orf129"
"25478","chr9",96198879,96201027,"BC039686"
"25479","chr9",96209649,96209678,"DQ594798"
"25480","chr9",96208782,96215874,"FAM120AOS"
"25482","chr9",96325163,96327031,"DNAPTP1"
"25484","chr9",96581638,96581704,"MIR4291"
"25485","chr9",96713909,96717608,"BARX1"
"25486","chr9",96727241,96727263,"DL491118"
"25487","chr9",96793075,96872139,"PTPDC1"
"25488","chr9",96938235,96938657,"JA535805"
"25489","chr9",96938238,96938319,"MIRLET7A1"
"25490","chr9",96938628,96938716,"MIRLET7F1"
"25491","chr9",96941115,96941203,"MIRLET7D"
"25492","chr9",96938885,96966848,"BC036695"
"25493","chr9",97021577,97065292,"ZNF169"
"25494","chr9",97080478,97090926,"FAM22F"
"25495","chr9",97094757,97123231,"LOC100132077"
"25496","chr9",97136832,97223203,"HIATL1"
"25497","chr9",97317350,97330410,"BC042913"
"25498","chr9",97321003,97356075,"FBP2"
"25499","chr9",97365421,97402531,"FBP1"
"25501","chr9",97572243,97572340,"MIR2278"
"25502","chr9",97781172,97784563,"AL137535"
"25503","chr9",97847489,97848371,"MIR23B"
"25504","chr9",97848296,97848376,"MIR3074"
"25505","chr9",97884156,97886342,"BC041030"
"25507","chr9",98205264,98279247,"PTCH1"
"25508","chr9",98225890,98232302,"LOC100507346"
"25510","chr9",98568370,98638259,"LINC00476"
"25511","chr9",98680445,98680472,"DQ588075"
"25512","chr9",98782014,98784037,"LINC00092"
"25513","chr9",98828120,98864195,"LOC158435"
"25514","chr9",98997589,99064434,"HSD17B3"
"25515","chr9",99075726,99145992,"SLC35D2"
"25516","chr9",99148225,99180669,"ZNF367"
"25517","chr9",99212413,99253619,"HABP4"
"25519","chr9",99403533,99417599,"C9orf21"
"25520","chr9",99488102,99489750,"LOC441455"
"25521","chr9",99518147,99540338,"ZNF510"
"25522","chr9",99579273,99637856,"ZNF782"
"25523","chr9",99631181,99634511,"LOC100132781"
"25524","chr9",99671356,99672738,"LOC441454"
"25525","chr9",99691285,99704573,"FAM22G"
"25526","chr9",99708327,99775862,"HIATL2"
"25527","chr9",99791959,99822167,"CTSL2"
"25528","chr9",99837953,99844227,"LOC340508"
"25529","chr9",99883188,99893292,"AX747261"
"25530","chr9",99895407,99895435,"DQ578098"
"25531","chr9",99957620,99958989,"BC070371"
"25532","chr9",100000707,100059597,"LOC100499484"
"25533","chr9",99958374,100000982,"AK309476"
"25534","chr9",100052865,100093050,"BDAG1"
"25535","chr9",100069602,100139578,"C9orf174"
"25536","chr9",100153119,100158973,"LOC286359"
"25537","chr9",100174301,100258406,"TDRD7"
"25539","chr9",100362362,100395962,"TSTD2"
"25540","chr9",100395704,100436030,"NCBP1"
"25541","chr9",100440045,100441883,"AX746764"
"25542","chr9",100437191,100459691,"XPA"
"25543","chr9",100615536,100618998,"FOXE1"
"25544","chr9",100666772,100684852,"C9orf156"
"25545","chr9",100689073,100707134,"HEMGN"
"25546","chr9",100745488,100778225,"ANP32B"
"25547","chr9",100818958,100845366,"NANS"
"25548","chr9",100831569,100881488,"TRIM14"
"25549","chr9",100883257,100954956,"CORO2A"
"25550","chr9",100961280,101018003,"TBC1D2"
"25552","chr9",101493611,101558794,"ANKS6"
"25553","chr9",101569980,101612364,"GALNT12"
"25555","chr9",101867411,101916474,"TGFBR1"
"25556","chr9",101978707,101984246,"ALG2"
"25557","chr9",101984569,101992902,"SEC61B"
"25558","chr9",102120108,102120240,"NAMA_1"
"25559","chr9",102117622,102128798,"DQ673934"
"25560","chr9",102130728,102130849,"NAMA_2"
"25561","chr9",102131164,102136303,"DQ673977"
"25563","chr9",102584136,102629174,"NR4A3"
"25564","chr9",102648600,102668883,"LOC441461"
"25565","chr9",102668914,102736819,"STX17"
"25568","chr9",103064357,103115259,"TEX10"
"25569","chr9",103115342,103156151,"BC042955"
"25570","chr9",103189494,103214017,"C9orf30"
"25572","chr9",103340335,103350174,"MURC"
"25574","chr9",104122699,104147287,"BAAT"
"25575","chr9",104151122,104160919,"MRPL50"
"25576","chr9",104161162,104172943,"ZNF189"
"25577","chr9",104182842,104198062,"ALDOB"
"25578","chr9",104235442,104237132,"AK094413"
"25579","chr9",104237608,104249475,"C9orf125"
"25580","chr9",104296132,104325627,"RNF20"
"25582","chr9",104353897,104357283,"PPP3R2"
"25583","chr9",104356036,104357303,"AK310471"
"25584","chr9",105757592,105780771,"CYLC2"
"25586","chr9",106856540,106903701,"SMC2"
"25587","chr9",107266543,107267504,"OR13F1"
"25588","chr9",107288534,107289490,"OR13C4"
"25589","chr9",107298051,107299094,"OR13C3"
"25590","chr9",107331448,107332412,"OR13C8"
"25591","chr9",107360738,107361694,"OR13C5"
"25592","chr9",107366952,107367908,"OR13C2"
"25593","chr9",107379529,107380485,"OR13C9"
"25594","chr9",107456702,107457744,"OR13D1"
"25595","chr9",107509968,107535190,"NIPSNAP3A"
"25596","chr9",107526450,107553176,"NIPSNAP3B"
"25597","chr9",107536632,107540046,"LOC286367"
"25599","chr9",107689910,107692151,"AK311445"
"25602","chr9",108320410,108403400,"FKTN"
"25603","chr9",108424737,108425386,"TAL2"
"25604","chr9",108456824,108537445,"TMEM38B"
"25607","chr9",109378338,109442080,"AK093363"
"25611","chr9",110045516,110094476,"RAD23B"
"25612","chr9",110247133,110252047,"KLF4"
"25613","chr9",111616869,111618275,"ACTL7B"
"25614","chr9",111624602,111626036,"ACTL7A"
"25615","chr9",111629800,111696608,"IKBKAP"
"25616","chr9",111696672,111703238,"FAM206A"
"25617","chr9",111704851,111775764,"CTNNAL1"
"25618","chr9",111754689,111754849,"5_8S_rRNA"
"25619","chr9",111808509,111808578,"MIR32"
"25621","chr9",111892573,111894258,"AL390170"
"25622","chr9",111921538,111923757,"AX747119"
"25623","chr9",111899581,111929571,"C9orf4"
"25628","chr9",112961845,112970413,"C9orf152"
"25629","chr9",113006092,113018920,"TXN"
"25630","chr9",113065867,113100125,"TXNDC8"
"25634","chr9",114089763,114090713,"OR2K2"
"25636","chr9",114287446,114340125,"ZNF483"
"25637","chr9",114312002,114362135,"PTGR1"
"25638","chr9",114365111,114375833,"C9orf29"
"25639","chr9",114393631,114416632,"DNAJC25"
"25641","chr9",114659205,114695434,"UGCG"
"25642","chr9",114694379,114694450,"MIR4668"
"25646","chr9",115142188,115234686,"HSDL2"
"25647","chr9",115178826,115180064,"BC047074"
"25648","chr9",115232003,115248956,"AK131020"
"25650","chr9",115448791,115480387,"C9orf80"
"25652","chr9",115641200,115653193,"SLC46A2"
"25653","chr9",115759400,115774472,"ZNF883"
"25654","chr9",115804174,115818996,"ZFP37"
"25655","chr9",115867003,115873957,"LINC00256B"
"25656","chr9",115875175,115882127,"LINC00256A"
"25657","chr9",115913237,115926423,"SLC31A2"
"25659","chr9",115983807,116029218,"SLC31A1"
"25660","chr9",116037913,116055186,"PRPF4"
"25661","chr9",116059373,116065551,"RNF183"
"25662","chr9",116075502,116102620,"WDR31"
"25663","chr9",116111811,116133514,"BSPRY"
"25664","chr9",116135698,116139233,"HDHD3"
"25665","chr9",116148592,116163618,"ALAD"
"25666","chr9",116172934,116191880,"C9orf43"
"25667","chr9",116169518,116173029,"POLE3"
"25670","chr9",116822408,116840752,"AMBP"
"25671","chr9",116853918,116861507,"KIF12"
"25673","chr9",116971713,116971810,"MIR455"
"25674","chr9",117085302,117095537,"ORM1"
"25675","chr9",117112777,117115409,"AX746484"
"25676","chr9",117096433,117160752,"AKNA"
"25678","chr9",117349993,117361153,"ATP6V1G1"
"25679","chr9",117373705,117408704,"C9orf91"
"25680","chr9",117428714,117444369,"LOC100505478"
"25681","chr9",117546915,117568408,"TNFSF15"
"25682","chr9",117655623,117692875,"TNFSF8"
"25683","chr9",117781854,117880536,"TNC"
"25685","chr9",118650544,118687377,"LINC00474"
"25687","chr9",119266561,119324573,"LOC100128505"
"25689","chr9",119449580,119463580,"TRIM32"
"25690","chr9",119943345,119943480,"SNORA70C"
"25691","chr9",120466459,120479767,"TLR4"
"25693","chr9",123007257,123007328,"MIR147A"
"25696","chr9",123519254,123555740,"FBXW2"
"25697","chr9",123555774,123561010,"LOC100288842"
"25698","chr9",123578332,123605206,"PSMD5"
"25699","chr9",123605319,123616652,"LOC253039"
"25700","chr9",123605361,123607554,"DQ573668"
"25701","chr9",123617931,123639606,"PHF19"
"25702","chr9",123664671,123691451,"TRAF1"
"25703","chr9",123714614,123812554,"C5"
"25706","chr9",123940415,123964365,"RAB14"
"25707","chr9",124101353,124132545,"STOM"
"25708","chr9",124207269,124262306,"GGTA1P"
"25710","chr9",124646915,124725998,"BC039180"
"25712","chr9",124882361,124882446,"MIR4478"
"25713","chr9",124906338,124922098,"NDUFA8"
"25714","chr9",124922189,124962368,"MORN5"
"25715","chr9",124964856,124991091,"LHX6"
"25716","chr9",125026881,125085743,"MRRF"
"25717","chr9",125001834,125027143,"RBM18"
"25718","chr9",125132808,125157982,"PTGS1"
"25719","chr9",125231368,125276377,"OR1J2"
"25720","chr9",125239237,125240205,"OR1J1"
"25721","chr9",125281419,125282362,"OR1J4"
"25722","chr9",125288637,125289572,"OR1N1"
"25723","chr9",125315448,125316442,"OR1N2"
"25724","chr9",125329827,125330756,"OR1L8"
"25725","chr9",125377016,125377962,"OR1Q1"
"25726","chr9",125390858,125391814,"OR1B1"
"25727","chr9",125423994,125424928,"OR1L1"
"25728","chr9",125437408,125438384,"OR1L3"
"25729","chr9",125486268,125487205,"OR1L4"
"25730","chr9",125512126,125513063,"OR1L6"
"25731","chr9",125551211,125552175,"OR5C1"
"25732","chr9",125562401,125563353,"OR1K1"
"25733","chr9",125578331,125579531,"BC010186"
"25734","chr9",125580376,125590935,"PDCL"
"25735","chr9",125606835,125610773,"AL833455"
"25736","chr9",125642492,125642598,"SNORD90"
"25737","chr9",125611732,125667562,"RC3H2"
"25738","chr9",125670335,125675609,"ZBTB6"
"25739","chr9",125680378,125693779,"ZBTB26"
"25741","chr9",125795787,125797896,"GPR21"
"25742","chr9",125871773,125877756,"MIR600HG"
"25743","chr9",125878016,125878048,"DQ582309"
"25745","chr9",126118447,126141033,"CRB2"
"25746","chr9",126164804,126164882,"MIR601"
"25748","chr9",126769856,126771627,"AK131516"
"25749","chr9",126773888,126795443,"LHX2"
"25750","chr9",127019884,127114720,"NEK6"
"25751","chr9",127115751,127121464,"LOC100129034"
"25752","chr9",127115744,127177721,"PSMB7"
"25753","chr9",127213422,127240869,"GPR144"
"25754","chr9",127243515,127269699,"NR5A1"
"25755","chr9",127420690,127422930,"AB074162"
"25756","chr9",127420714,127460908,"MIR181A2HG"
"25757","chr9",127454720,127454831,"MIR181A2"
"25758","chr9",127455988,127456078,"MIR181B2"
"25760","chr9",127539436,127577160,"OLFML2A"
"25761","chr9",127615754,127620161,"WDR38"
"25762","chr9",127620158,127624240,"RPL35"
"25763","chr9",127626266,127639697,"ARPC5L"
"25764","chr9",127640573,127703386,"GOLGA1"
"25765","chr9",127805168,127807307,"AX748313"
"25767","chr9",127908852,127952218,"PPP6C"
"25768","chr9",127962820,127996439,"RABEPK"
"25769","chr9",127997127,128003666,"HSPA5"
"25773","chr9",129032403,129038194,"BC031239"
"25775","chr9",129170054,129172783,"NRON"
"25776","chr9",129189171,129189250,"SNORD116"
"25777","chr9",129376721,129463312,"LMX1B"
"25778","chr9",129567284,129600488,"ZBTB43"
"25779","chr9",129565474,129567952,"AX747444"
"25780","chr9",129622943,129648157,"ZBTB34"
"25782","chr9",129849628,129885044,"ANGPTL2"
"25784","chr9",130159464,130170166,"SLC2A8"
"25785","chr9",130186652,130207652,"ZNF79"
"25786","chr9",130210781,130210916,"SNORA65"
"25787","chr9",130209953,130213711,"RPL12"
"25788","chr9",130213764,130265781,"LRSAM1"
"25789","chr9",130254831,130256970,"AX747547"
"25790","chr9",130267618,130341268,"FAM129B"
"25791","chr9",130374485,130454996,"STXBP1"
"25792","chr9",130452966,130453074,"MIR3911"
"25793","chr9",130469270,130476304,"C9orf117"
"25794","chr9",130455275,130477924,"BC032117"
"25795","chr9",130478357,130493880,"TTC16"
"25796","chr9",130476227,130487152,"PTRH1"
"25797","chr9",130493803,130497628,"TOR2A"
"25798","chr9",130500596,130541048,"SH2D3C"
"25799","chr9",130548111,130548287,"MIR3960"
"25800","chr9",130548304,130553053,"CDK9"
"25801","chr9",130556875,130576557,"FPGS"
"25802","chr9",130578344,130584800,"AK057719"
"25803","chr9",130577291,130617047,"ENG"
"25804","chr9",130631694,130631774,"MIR4672"
"25805","chr9",130628759,130640022,"AK1"
"25806","chr9",130647601,130667627,"ST6GALNAC6"
"25807","chr9",130670165,130679305,"ST6GALNAC4"
"25808","chr9",130683808,130693076,"PIP5KL1"
"25809","chr9",130697374,130700763,"DPM2"
"25810","chr9",130702861,130742812,"FAM102A"
"25811","chr9",130823518,130825695,"BC047160"
"25812","chr9",130823512,130829599,"NAIF1"
"25813","chr9",130830478,130871525,"SLC25A25"
"25814","chr9",130873450,130881013,"LOC100289019"
"25815","chr9",130882972,130890712,"PTGES2"
"25816","chr9",130890807,130892914,"LOC389791"
"25817","chr9",130911731,130915735,"LCN2"
"25818","chr9",130922538,130926208,"C9orf16"
"25819","chr9",130928344,130966662,"CIZ1"
"25820","chr9",130965662,131017528,"DNM1"
"25821","chr9",131007000,131007109,"MIR199B"
"25822","chr9",131007226,131007309,"MIR3154"
"25823","chr9",131019172,131019215,"DQ571464"
"25824","chr9",131022501,131022522,"DQ583692"
"25825","chr9",131018108,131038268,"GOLGA2"
"25826","chr9",131038424,131051269,"SWI5"
"25827","chr9",131071396,131084697,"TRUB2"
"25828","chr9",131084790,131096352,"COQ4"
"25829","chr9",131102838,131123750,"SLC27A4"
"25830","chr9",131133597,131153016,"URM1"
"25831","chr9",131154899,131154988,"MIR2964A"
"25832","chr9",131154897,131154993,"MIR219-2"
"25833","chr9",131174044,131199631,"CERCAM"
"25834","chr9",131217433,131263572,"ODF2"
"25835","chr9",131247779,131250067,"BC094874"
"25836","chr9",131266970,131304581,"GLE1"
"25837","chr9",131314836,131395945,"SPTAN1"
"25838","chr9",131395940,131419129,"WDR34"
"25839","chr9",131445933,131458676,"SET"
"25840","chr9",131457268,131457421,"Y16709"
"25841","chr9",131464801,131483200,"PKN3"
"25842","chr9",131483149,131486408,"ZDHHC12"
"25843","chr9",131492067,131534198,"ZER1"
"25844","chr9",131549509,131572712,"TBC1D13"
"25845","chr9",131580778,131584956,"ENDOG"
"25846","chr9",131581930,131592100,"C9orf114"
"25847","chr9",131595392,131644354,"CCBL1"
"25848","chr9",131643375,131644311,"BC022468"
"25849","chr9",131644390,131680318,"LRRC8A"
"25850","chr9",131683173,131704321,"PHYHD1"
"25851","chr9",131703723,131769375,"NUP188"
"25852","chr9",131707809,131710012,"DOLK"
"25853","chr9",131770313,131790579,"SH3GLB2"
"25854","chr9",131798922,131834352,"FAM73B"
"25855","chr9",131843382,131852718,"DOLPP1"
"25856","chr9",131857073,131873070,"CRAT"
"25857","chr9",131873227,131911226,"PPP2R4"
"25858","chr9",131937831,131940540,"IER5L"
"25859","chr9",131963593,131972863,"AK308944"
"25860","chr9",132083294,132084883,"C9orf106"
"25861","chr9",132098802,132100575,"AX747401"
"25862","chr9",132105694,132106910,"BC094873"
"25863","chr9",132245729,132275966,"LOC100506190"
"25864","chr9",132337687,132346836,"BC037833"
"25865","chr9",132374504,132383055,"C9orf50"
"25866","chr9",132388434,132397880,"METTL11A"
"25867","chr9",132396883,132404448,"ASB6"
"25868","chr9",132427919,132484952,"PRRX2"
"25869","chr9",132500615,132515344,"PTGES"
"25870","chr9",132565431,132573561,"TOR1B"
"25871","chr9",132575221,132586441,"TOR1A"
"25872","chr9",132589564,132597572,"C9orf78"
"25873","chr9",132597695,132644108,"USP20"
"25874","chr9",132649466,132655393,"AL049935"
"25876","chr9",132815984,132902449,"GPR107"
"25877","chr9",132869966,132870599,"AK026244"
"25878","chr9",132897996,132902444,"AJ420422"
"25879","chr9",132902889,132906498,"AK128673"
"25880","chr9",132934856,132999584,"NCS1"
"25881","chr9",133261127,133294970,"DKFZp434P0216"
"25882","chr9",133305668,133309511,"AK074396"
"25883","chr9",133320093,133376662,"ASS1"
"25884","chr9",133452737,133454881,"LOC100272217"
"25885","chr9",133454959,133513740,"FUBP3"
"25886","chr9",133539980,133558385,"PRDM12"
"25887","chr9",133569157,133580453,"EXOSC2"
"25889","chr9",133738695,133741135,"AX748265"
"25890","chr9",133768815,133769225,"QRFP"
"25891","chr9",133777825,133814455,"FIBCD1"
"25892","chr9",133884503,133968447,"LAMC3"
"25893","chr9",133971862,133998540,"AIF1L"
"25895","chr9",134133465,134151906,"FAM78A"
"25896","chr9",134165080,134184650,"PPAPDC3"
"25898","chr9",134361051,134365959,"SNORD62A"
"25899","chr9",134372866,134375578,"LQFBS-1"
"25900","chr9",134378288,134399194,"POMT1"
"25901","chr9",134399183,134406662,"UCK1"
"25904","chr9",135037333,135118221,"NTNG2"
"25905","chr9",135136827,135230372,"SETX"
"25906","chr9",135250937,135282238,"TTF1"
"25908","chr9",135457992,135465641,"BARHL1"
"25909","chr9",135545727,135565471,"GTF3C4"
"25910","chr9",135469676,135545788,"DDX31"
"25911","chr9",135751781,135753674,"AX748058"
"25912","chr9",135753749,135765422,"C9orf9"
"25914","chr9",135766735,135820020,"TSC1"
"25915","chr9",135822455,135826943,"AJ011378"
"25916","chr9",135853893,135867085,"GFI1B"
"25917","chr9",135906061,135933891,"GTF3C5"
"25918","chr9",135937364,135947249,"CEL"
"25919","chr9",135957925,135962479,"CELP"
"25920","chr9",135973108,135975018,"KIAA1308"
"25921","chr9",135973107,136039301,"RALGDS"
"25922","chr9",136080666,136084628,"OBP2B"
"25923","chr9",136130563,136150630,"ABO"
"25924","chr9",136197552,136203047,"SURF6"
"25925","chr9",136207755,136214972,"MED22"
"25926","chr9",136215068,136218281,"RPL7A"
"25927","chr9",136216250,136216326,"SNORD24"
"25928","chr9",136216948,136217020,"SNORD36B"
"25929","chr9",136217310,136217383,"SNORD36A"
"25930","chr9",136217533,136217562,"DQ601906"
"25931","chr9",136217700,136217768,"SNORD36C"
"25932","chr9",136218666,136223361,"SURF1"
"25933","chr9",136223420,136228041,"SURF2"
"25934","chr9",136228340,136242970,"SURF4"
"25935","chr9",136243283,136271221,"C9orf96"
"25936","chr9",136279458,136324509,"ADAMTS13"
"25937","chr9",136271186,136283164,"REXO4"
"25938","chr9",136325086,136335910,"C9orf7"
"25939","chr9",136336216,136344276,"SLC2A6"
"25940","chr9",136379708,136390068,"TMEM8C"
"25941","chr9",136397285,136440642,"ADAMTSL2"
"25942","chr9",136443537,136445368,"FAM163B"
"25943","chr9",136501484,136524467,"DBH"
"25944","chr9",136528684,136605077,"SARDH"
"25945","chr9",136626390,136630579,"AK123314"
"25947","chr9",136890560,136896720,"LINC00094"
"25948","chr9",136895446,136933655,"BRD3"
"25949","chr9",137001209,137025095,"WDR5"
"25950","chr9",137029562,137029686,"RNU6ATAC"
"25952","chr9",137271256,137271319,"MIR4669"
"25954","chr9",137741144,137741215,"MIR3689C"
"25955","chr9",137741455,137741528,"MIR3689D1"
"25956","chr9",137741971,137742118,"MIR3689B"
"25957","chr9",137742123,137742202,"MIR3689D2"
"25958","chr9",137742416,137742487,"MIR3689E"
"25959","chr9",137741021,137742490,"MIR3689A"
"25960","chr9",137742588,137742653,"MIR3689F"
"25961","chr9",137711261,137764464,"BC058547"
"25962","chr9",137772657,137779367,"FCN2"
"25963","chr9",137801431,137809806,"FCN1"
"25964","chr9",137967088,138013031,"OLFM1"
"25965","chr9",138235094,138238405,"C9orf62"
"25966","chr9",138354565,138364095,"LOC100506599"
"25967","chr9",138371647,138380740,"PPP1R26"
"25968","chr9",138363011,138372564,"AK096249"
"25969","chr9",138387026,138392364,"C9orf116"
"25970","chr9",138392482,138396520,"MRPS2"
"25971","chr9",138395119,138398293,"BC015688"
"25972","chr9",138413283,138418387,"LCN1"
"25973","chr9",138437984,138441816,"OBP2A"
"25974","chr9",138453603,138458623,"PAEP"
"25975","chr9",138466770,138478959,"LOC100130954"
"25976","chr9",138515502,138531386,"GLT6D1"
"25977","chr9",138555167,138557756,"LCN9"
"25978","chr9",138585382,138585491,"BC101937"
"25979","chr9",138585255,138591374,"SOHLH1"
"25980","chr9",138594030,138684994,"KCNT1"
"25981","chr9",138700333,138799005,"CAMSAP1"
"25982","chr9",138824815,138853226,"UBAC1"
"25983","chr9",138898383,138987131,"NACC2"
"25984","chr9",139006427,139010731,"C9orf69"
"25985","chr9",139084423,139085482,"RBSG2"
"25986","chr9",139088096,139096955,"LHX3"
"25987","chr9",139098182,139137687,"QSOX2"
"25988","chr9",139216998,139221779,"DKFZP434A062"
"25989","chr9",139221931,139254058,"GPSM1"
"25990","chr9",139256352,139258241,"DNLZ"
"25991","chr9",139257441,139268133,"CARD9"
"25992","chr9",139270029,139292889,"SNAPC4"
"25993","chr9",139296374,139305054,"SDCCAG3"
"25994","chr9",139305115,139318214,"PMPCA"
"25995","chr9",139323067,139334256,"INPP5E"
"25996","chr9",139334548,139378211,"SEC16A"
"25997","chr9",139377946,139380520,"C9orf163"
"25998","chr9",139388896,139440238,"NOTCH1"
"25999","chr9",139414020,139414078,"MIR4673"
"26000","chr9",139440625,139440711,"MIR4674"
"26001","chr9",139442078,139444196,"AX747706"
"26002","chr9",139553307,139567131,"EGFL7"
"26003","chr9",139543062,139554873,"AF161442"
"26004","chr9",139565053,139565139,"MIR126"
"26005","chr9",139567595,139581911,"AGPAT2"
"26006","chr9",139607023,139619171,"FAM69B"
"26007","chr9",139615818,139622636,"SNHG7"
"26008","chr9",139621199,139621331,"SNORA17"
"26009","chr9",139632625,139634561,"BC064596"
"26010","chr9",139632619,139637414,"LCN10"
"26011","chr9",139640612,139644364,"LOC100128593"
"26012","chr9",139638469,139642980,"LCN6"
"26013","chr9",139648840,139652731,"LCN8"
"26014","chr9",139654086,139658965,"LCN15"
"26015","chr9",139685776,139687770,"TMEM141"
"26016","chr9",139690789,139702194,"KIAA1984"
"26017","chr9",139702191,139735640,"C9orf86"
"26018","chr9",139698379,139703300,"LOC100131193"
"26019","chr9",139725408,139725476,"MIR4292"
"26020","chr9",139738866,139741798,"C9orf172"
"26021","chr9",139743255,139745491,"PHPT1"
"26022","chr9",139746818,139755252,"MAMDC4"
"26023","chr9",139756571,139760738,"EDF1"
"26024","chr9",139776384,139821068,"TRAF2"
"26025","chr9",139781184,139781256,"MIR4479"
"26026","chr9",139831622,139832440,"BC034456"
"26027","chr9",139834885,139839206,"FBXW5"
"26028","chr9",139839697,139841427,"C8G"
"26029","chr9",139844002,139849950,"LCN12"
"26030","chr9",139869545,139876195,"PTGDS"
"26031","chr9",139877444,139880211,"LCNL1"
"26032","chr9",139886869,139888429,"C9orf142"
"26033","chr9",139889060,139891024,"CLIC3"
"26034","chr9",139901686,139923374,"ABCA2"
"26035","chr9",139921915,139931235,"C9orf139"
"26036","chr9",139924626,139927292,"FUT7"
"26037","chr9",139933909,139940676,"NPDC1"
"26038","chr9",139942551,139948503,"ENTPD2"
"26039","chr9",139956579,139965028,"C9orf140"
"26040","chr9",139971952,139978991,"UAP1L1"
"26041","chr9",139979398,139981269,"LOC100289341"
"26042","chr9",139981416,140003640,"MAN1B1"
"26043","chr9",140004992,140009195,"DPP7"
"26044","chr9",140033608,140063215,"GRIN1"
"26045","chr9",140063638,140063722,"MIR3621"
"26046","chr9",140063212,140064491,"LRRC26"
"26047","chr9",140069236,140083057,"ANAPC2"
"26048","chr9",140083053,140084823,"SSNA1"
"26049","chr9",140086069,140095163,"TPRN"
"26050","chr9",140098535,140100090,"TMEM203"
"26051","chr9",140100118,140113814,"NDOR1"
"26052","chr9",140114699,140115775,"RNF208"
"26053","chr9",140119643,140120764,"C9orf169"
"26054","chr9",140122017,140124091,"RNF224"
"26055","chr9",140118567,140122265,"AK128153"
"26056","chr9",140123399,140131007,"SLC34A3"
"26057","chr9",140135710,140138160,"TUBB4B"
"26058","chr9",140138037,140142222,"FAM166A"
"26059","chr9",140145729,140147935,"C9orf173"
"26060","chr9",140144671,140147949,"LOC100129722"
"26061","chr9",140149758,140168001,"COBRA1"
"26062","chr9",140172279,140177094,"C9orf167"
"26063","chr9",140194083,140196703,"NRARP"
"26065","chr9",140317846,140328859,"NOXA1"
"26066","chr9",140328816,140335901,"ENTPD8"
"26067","chr9",140342023,140353786,"NELF"
"26068","chr9",140354405,140444986,"PNPLA7"
"26069","chr9",140446308,140447008,"MRPL41"
"26070","chr9",140449361,140451208,"AK310226"
"26071","chr9",140451079,140473387,"WDR85"
"26072","chr9",140476531,140484937,"ZMYND19"
"26073","chr9",140500095,140510658,"ARRDC1"
"26074","chr9",140509784,140513308,"C9orf37"
"26076","chr9",140657473,140659225,"FLJ40292"
"26077","chr9",140732870,140732969,"MIR602"
"26079","chr9",140762377,140787022,"AK128414"
"26080","chr9",141044564,141071886,"TUBBP5"
"26081","chr9",141106636,141134173,"FAM157B"
"26082","chr9",141139789,141139820,"DQ577244"
"26083","chrX",2531032,2533388,"LINC00102"
"26084","chrX",2670092,2734542,"XG"
"26085","chrX",2746862,2800862,"GYG2"
"26086","chrX",2822011,2847416,"ARSD"
"26087","chrX",2852673,2886286,"ARSE"
"26088","chrX",2924653,2951427,"ARSH"
"26089","chrX",2958274,3030771,"ARSF"
"26090","chrX",3189860,3202695,"CXorf28"
"26091","chrX",3226609,3264684,"MXRA5"
"26093","chrX",3735576,3761935,"LOC389906"
"26094","chrX",3771065,3820041,"AK000470"
"26095","chrX",3782439,3799884,"AK097803"
"26096","chrX",6301947,6302004,"MIR4770"
"26099","chrX",7065900,7065979,"MIR4767"
"26100","chrX",6966961,7066231,"HDHD1"
"26101","chrX",7810302,7812185,"VCX"
"26102","chrX",7866804,7895780,"PNPLA4"
"26103","chrX",8095005,8095103,"MIR651"
"26105","chrX",8432870,8434552,"VCX3B"
"26106","chrX",8434331,8434547,"VCX-8r"
"26108","chrX",8758837,8769424,"FAM9A"
"26109","chrX",8993037,9001351,"FAM9B"
"26110","chrX",9373385,9382288,"DQ595787"
"26111","chrX",9374426,9382251,"DQ597811"
"26112","chrX",9375783,9380608,"DQ580770"
"26114","chrX",9693453,9734005,"GPR143"
"26116","chrX",9935397,9936043,"LOC100288814"
"26118","chrX",10124984,10205700,"CLCN4"
"26122","chrX",11129405,11141205,"HCCS"
"26124","chrX",11311532,11318882,"AMELX"
"26125","chrX",11776277,11793873,"MSL3"
"26127","chrX",12809473,12842347,"PRPS2"
"26128","chrX",12885201,12908481,"TLR7"
"26129","chrX",12924738,12941289,"TLR8"
"26130","chrX",12920936,12961419,"TLR8-AS1"
"26131","chrX",12993225,12995347,"TMSB4X"
"26132","chrX",13053736,13062917,"FAM9C"
"26133","chrX",13336768,13338518,"ATXN3L"
"26134","chrX",13353359,13359945,"LOC100133123"
"26135","chrX",13587693,13651695,"EGFL6"
"26136","chrX",13671224,13700084,"TCEANC"
"26137","chrX",13707239,13727945,"RAB9A"
"26138","chrX",13752831,13787481,"OFD1"
"26140","chrX",14024845,14048035,"GEMIN8"
"26142","chrX",14861529,14891184,"FANCB"
"26143","chrX",14891526,14939460,"MOSPD2"
"26144","chrX",15262109,15288589,"ASB9"
"26145","chrX",15299831,15333746,"ASB11"
"26146","chrX",15337573,15353676,"PIGA"
"26147","chrX",15363713,15402535,"FIGF"
"26148","chrX",15482368,15574653,"BMX"
"26150","chrX",15579156,15620192,"ACE2"
"26151","chrX",15645441,15683154,"TMEM27"
"26152","chrX",15693038,15721475,"CA5BP1"
"26153","chrX",15719056,15721484,"BC021816"
"26154","chrX",15756411,15805749,"CA5B"
"26155","chrX",15803839,15805712,"INE2"
"26156","chrX",15808573,15841383,"ZRSR2"
"26157","chrX",16141423,16171642,"GRPR"
"26158","chrX",16668280,16672792,"S100G"
"26160","chrX",16737706,16780808,"SYAP1"
"26161","chrX",16804554,16862643,"TXLNG"
"26162","chrX",16853680,16855809,"AX746622"
"26163","chrX",16862775,16888534,"RBBP7"
"26166","chrX",17444003,17444078,"MIR4768"
"26167","chrX",17755591,17773106,"SCML1"
"26168","chrX",17818169,17879457,"RAI2"
"26169","chrX",18181051,18239024,"BEND2"
"26172","chrX",18552981,18553188,"IRES_Cx43"
"26173","chrX",18657808,18690223,"RS1"
"26175","chrX",18908413,18913094,"LOC100132163"
"26176","chrX",18910416,19002480,"PHKA2"
"26178","chrX",19362010,19379826,"PDHA1"
"26181","chrX",19931206,19934282,"BC046187"
"26182","chrX",19930980,19988382,"CXorf23"
"26183","chrX",20004935,20007897,"LOC729609"
"26184","chrX",20035206,20035305,"MIR23C"
"26186","chrX",20154184,20154531,"SCARNA9L"
"26187","chrX",20142636,20159966,"EIF1AX"
"26190","chrX",21671686,21671755,"JA611288"
"26191","chrX",21673609,21676448,"KLHL34"
"26192","chrX",21724090,21776278,"SMPX"
"26193","chrX",21857655,21903542,"MBTPS2"
"26194","chrX",21874104,21876846,"YY2"
"26195","chrX",21958714,22012956,"SMS"
"26197","chrX",22291029,22292577,"ZNF645"
"26198","chrX",23018077,23020207,"DDX53"
"26199","chrX",23352984,23414919,"PTCHD1"
"26200","chrX",23685644,23704515,"PRDX4"
"26201","chrX",23721777,23761407,"ACOT9"
"26202","chrX",23801274,23804328,"SAT1"
"26203","chrX",23801293,23801570,"AK310094"
"26204","chrX",23851465,23926057,"APOO"
"26205","chrX",23926122,23957625,"CXorf58"
"26206","chrX",24001833,24045303,"KLHL15"
"26207","chrX",24073064,24096928,"EIF2S3"
"26208","chrX",24167761,24234373,"ZFX"
"26209","chrX",24328979,24331432,"FAM48B2"
"26210","chrX",24380877,24383542,"FAM48B1"
"26211","chrX",24483343,24568584,"PDK3"
"26214","chrX",24762557,24762688,"SCARNA23"
"26215","chrX",25021813,25034065,"ARX"
"26216","chrX",26156459,26158854,"MAGEB18"
"26217","chrX",26210556,26213764,"MAGEB6"
"26218","chrX",26576453,26579170,"VENTXP1"
"26220","chrX",27478328,27481458,"SMEK3P"
"26221","chrX",27608529,27651913,"AK057304"
"26222","chrX",27764925,27766939,"DCAF8L2"
"26223","chrX",27826106,27841132,"MAGEB10"
"26224","chrX",27996110,27999566,"DCAF8L1"
"26226","chrX",30233674,30238207,"MAGEB2"
"26227","chrX",30248552,30255611,"MAGEB3"
"26228","chrX",30260056,30262309,"MAGEB4"
"26229","chrX",30261847,30270156,"MAGEB1"
"26230","chrX",30322539,30327495,"NR0B1"
"26231","chrX",30576941,30596033,"CXorf21"
"26233","chrX",31089358,31090170,"FTHL17"
"26235","chrX",31697634,31697666,"JA202363"
"26236","chrX",31792219,31792245,"JA202352"
"26237","chrX",31950207,31950239,"JA202350"
"26238","chrX",32583973,32584011,"JA202335"
"26239","chrX",34147869,34150447,"FAM47A"
"26240","chrX",34645181,34675405,"TMEM47"
"26241","chrX",34960912,34963035,"FAM47B"
"26242","chrX",35816458,35821853,"MAGEB16"
"26243","chrX",35937850,36008270,"CXorf22"
"26244","chrX",36065052,36163188,"CXorf59"
"26246","chrX",37026431,37029740,"FAM47C"
"26249","chrX",37478968,37480589,"BC132858"
"26250","chrX",37545132,37591384,"XK"
"26251","chrX",37639269,37672715,"CYBB"
"26252","chrX",37698089,37706889,"DYNLT3"
"26253","chrX",37850069,37850571,"CXorf27"
"26255","chrX",38008588,38080177,"SRPX"
"26256","chrX",38128423,38186788,"RPGR"
"26257","chrX",38211735,38280704,"OTC"
"26259","chrX",38660684,38665784,"MID1IP1"
"26260","chrX",39164210,39186616,"LOC286442"
"26261","chrX",39868528,39871436,"AK123758"
"26263","chrX",40440215,40465889,"ATP6AP2"
"26264","chrX",40482817,40483389,"LOC347411"
"26265","chrX",40486173,40506819,"CXorf38"
"26266","chrX",40508795,40595136,"MED14"
"26267","chrX",40594651,40597947,"BC039399"
"26268","chrX",40690470,40692449,"LOC100132831"
"26269","chrX",40671203,40704710,"AK056524"
"26271","chrX",41192650,41223726,"DDX3X"
"26272","chrX",41306712,41334906,"NYX"
"26274","chrX",41548225,41556531,"GPR34"
"26275","chrX",41583407,41589389,"GPR82"
"26276","chrX",42636617,42637486,"PPP1R2P9"
"26277","chrX",42729653,42729672,"DD413549"
"26278","chrX",43036242,43085848,"AK056105"
"26279","chrX",43137548,43137586,"DQ570500"
"26280","chrX",43515408,43606069,"MAOA"
"26282","chrX",43808024,43832921,"NDP"
"26284","chrX",44382885,44402221,"FUNDC1"
"26285","chrX",44703248,44704135,"DUSP21"
"26287","chrX",45007618,45060146,"CXorf36"
"26288","chrX",45364632,45386485,"AK127697"
"26289","chrX",45605585,45605694,"MIR221"
"26290","chrX",45606421,45606530,"MIR222"
"26291","chrX",45707327,45710447,"AK098783"
"26292","chrX",46185714,46187080,"BC015977"
"26293","chrX",46306623,46334075,"ZNF673"
"26294","chrX",46319732,46321945,"AX747333"
"26295","chrX",46357160,46404892,"ZNF674"
"26296","chrX",46404927,46407671,"LOC401588"
"26297","chrX",46433191,46457839,"CHST7"
"26299","chrX",46696346,46741792,"RP2"
"26301","chrX",46937774,46952713,"RGN"
"26302","chrX",47001615,47004609,"NDUFB11"
"26303","chrX",47004616,47046215,"RBM10"
"26304","chrX",47050198,47074528,"UBA1"
"26305","chrX",47064246,47065255,"INE1"
"26306","chrX",47077527,47089395,"CDK16"
"26307","chrX",47092313,47107728,"USP11"
"26308","chrX",47229998,47273099,"ZNF157"
"26309","chrX",47248048,47248176,"SNORA11C"
"26310","chrX",47305561,47342610,"ZNF41"
"26311","chrX",47420515,47431321,"ARAF"
"26312","chrX",47441689,47446191,"TIMP1"
"26313","chrX",47446827,47446905,"MIR4769"
"26314","chrX",47431300,47479256,"SYN1"
"26315","chrX",47483612,47489704,"CFP"
"26316","chrX",47494920,47510003,"ELK1"
"26317","chrX",47518231,47519777,"LOC100133957"
"26318","chrX",47511191,47518579,"UXT"
"26319","chrX",47566589,47596028,"CXXC1P1"
"26320","chrX",47693821,47696192,"LOC441493"
"26321","chrX",47696300,47781656,"ZNF81"
"26322","chrX",47834250,47863394,"ZNF182"
"26324","chrX",47842685,47931025,"ZNF630"
"26325","chrX",47967366,47980069,"LOC100509575"
"26326","chrX",48045656,48056199,"SSX5"
"26327","chrX",48114796,48126880,"SSX1"
"26328","chrX",48159067,48164284,"SSX9"
"26329","chrX",48205863,48216142,"SSX3"
"26330","chrX",48242967,48252786,"SSX4"
"26331","chrX",48261524,48271344,"SSX4B"
"26332","chrX",48316927,48328644,"SLC38A5"
"26333","chrX",48334548,48344753,"FTSJ1"
"26334","chrX",48367370,48379203,"PORCN"
"26335","chrX",48380163,48387105,"EBP"
"26336","chrX",48398074,48420998,"TBC1D25"
"26337","chrX",48432740,48439554,"RBM3"
"26338","chrX",48455879,48463583,"WDR13"
"26339","chrX",48542185,48549818,"WAS"
"26340","chrX",48553944,48567407,"SUV39H1"
"26341","chrX",48620153,48632065,"GLOD5"
"26342","chrX",48644981,48652718,"GATA1"
"26343","chrX",48660286,48683381,"HDAC6"
"26344","chrX",48687282,48688549,"ERAS"
"26345","chrX",48689506,48693960,"PCSK1N"
"26346","chrX",48755194,48760423,"PQBP1"
"26347","chrX",48750730,48755426,"TIMM17B"
"26348","chrX",48760459,48769235,"SLC35A2"
"26349","chrX",48770459,48776413,"PIM2"
"26350","chrX",48779303,48815648,"OTUD5"
"26351","chrX",48818639,48828251,"KCND1"
"26352","chrX",48830134,48858675,"GRIPAP1"
"26353","chrX",48886242,48900990,"TFE3"
"26354","chrX",48911100,48927511,"CCDC120"
"26355","chrX",48928818,48937564,"PRAF2"
"26356","chrX",48932092,48958059,"WDR45"
"26357","chrX",48969022,48980079,"GPKOW"
"26358","chrX",49019180,49023837,"MAGIX"
"26359","chrX",49028183,49031469,"PLP2"
"26360","chrX",49031906,49042776,"PRICKLE3"
"26361","chrX",49044265,49056661,"SYP"
"26362","chrX",49061523,49089833,"CACNA1F"
"26363","chrX",49091926,49106988,"CCDC22"
"26364","chrX",49106897,49121288,"FOXP3"
"26365","chrX",49126305,49144556,"PPP1R3F"
"26366","chrX",49160124,49176312,"GAGE10"
"26368","chrX",49188093,49204924,"GAGE2E"
"26371","chrX",49214431,49216633,"GAGE4"
"26372","chrX",49217762,49233492,"GAGE12F"
"26373","chrX",49235707,49304145,"GAGE2B"
"26374","chrX",49325433,49342371,"GAGE12I"
"26375","chrX",49344540,49351918,"GAGE12E"
"26376","chrX",49354117,49361431,"GAGE2A"
"26377","chrX",49452054,49460596,"PAGE1"
"26378","chrX",49593905,49598571,"PAGE4"
"26379","chrX",49641327,49643959,"LOC158572"
"26380","chrX",49644469,49647169,"USP27X"
"26382","chrX",49767753,49767845,"MIR532"
"26383","chrX",49768108,49768195,"MIR188"
"26384","chrX",49771257,49771346,"Mir_500"
"26385","chrX",49773038,49773123,"MIR500A"
"26386","chrX",49773571,49773636,"MIR362"
"26387","chrX",49774329,49774414,"MIR501"
"26388","chrX",49775279,49775359,"MIR500B"
"26389","chrX",49777848,49777946,"MIR660"
"26390","chrX",49779205,49779292,"MIR502"
"26391","chrX",49955411,49965664,"AKAP4"
"26394","chrX",50331932,50333932,"AX748273"
"26396","chrX",50653734,50659642,"BMP15"
"26397","chrX",51075082,51080378,"NUDT10"
"26398","chrX",51232863,51239459,"NUDT11"
"26399","chrX",51424146,51453924,"CENPVL1"
"26400","chrX",51486480,51489327,"GSPT2"
"26401","chrX",51546154,51645451,"MAGED1"
"26402","chrX",51793956,51797392,"BC137157"
"26406","chrX",51942921,51946359,"AK096379"
"26410","chrX",52541054,52545988,"XAGE1C"
"26411","chrX",52651984,52662999,"SSX8"
"26412","chrX",52673111,52683950,"SSX7"
"26413","chrX",52725946,52780307,"SSX2"
"26414","chrX",52825186,52826388,"SPANXN5"
"26415","chrX",52841227,52847323,"XAGE5"
"26416","chrX",52891558,52897119,"XAGE3"
"26417","chrX",52926321,52977155,"FAM156A"
"26418","chrX",52926425,52976464,"FAM156B"
"26419","chrX",53078505,53109797,"GPR173"
"26420","chrX",53111541,53117729,"TSPYL2"
"26421","chrX",53172141,53172181,"DQ590295"
"26422","chrX",53221897,53223883,"AY927613"
"26423","chrX",53220503,53254604,"KDM5C"
"26424","chrX",53262058,53350522,"IQSEC2"
"26425","chrX",53401070,53449618,"SMC1A"
"26426","chrX",53449838,53458058,"RIBC1"
"26427","chrX",53458206,53461323,"HSD17B10"
"26428","chrX",53489158,53489181,"svRNAa"
"26430","chrX",53583184,53583302,"MIR98"
"26431","chrX",53584153,53584235,"MIRLET7F2"
"26435","chrX",54466852,54471732,"TSR2"
"26436","chrX",54471887,54522599,"FGD1"
"26437","chrX",54556643,54593721,"GNL3L"
"26438","chrX",54775332,54824673,"ITIH6"
"26439","chrX",54834170,54842446,"MAGED2"
"26440","chrX",54947248,54957866,"TRO"
"26441","chrX",54959590,55024967,"PFKFB1"
"26442","chrX",55026779,55034213,"APEX2"
"26443","chrX",55035488,55057497,"ALAS2"
"26444","chrX",55101503,55119261,"PAGE2B"
"26445","chrX",55169535,55187628,"FAM104B"
"26446","chrX",55207824,55208944,"MTRNR2L10"
"26447","chrX",55246790,55250542,"PAGE5"
"26448","chrX",55284849,55291165,"PAGE3"
"26449","chrX",55477892,55477954,"MIR4536-1"
"26450","chrX",55478537,55480000,"MAGEH1"
"26451","chrX",55511049,55515631,"USP51"
"26452","chrX",55649832,55652622,"FOXR2"
"26453","chrX",55744109,55785208,"RRAGB"
"26454","chrX",56258821,56314323,"KLF8"
"26455","chrX",56590025,56593444,"UBQLN2"
"26456","chrX",56755717,56844005,"LOC550643"
"26457","chrX",56763221,56764017,"UQCRBP1"
"26458","chrX",57002803,57021988,"SPIN3"
"26459","chrX",57146286,57163034,"SPIN2B"
"26460","chrX",57162083,57164058,"SPIN2A"
"26462","chrX",57618268,57623911,"ZXDB"
"26463","chrX",57931864,57937067,"ZXDA"
"26464","chrX",62567107,62571218,"SPIN4"
"26465","chrX",62646438,62651523,"AK130294"
"26468","chrX",63005882,63005967,"MIR1468"
"26469","chrX",63404997,63425624,"FAM123B"
"26470","chrX",63444072,63450511,"ASB12"
"26473","chrX",64708614,64727768,"ZC3H12B"
"26474","chrX",64732462,64754686,"LAS1L"
"26475","chrX",64770502,64772301,"FRMD8P1"
"26476","chrX",64808260,64845761,"BC067907"
"26477","chrX",64887510,64961794,"MSN"
"26478","chrX",64905377,64905401,"JA611242"
"26479","chrX",65235302,65240265,"mir-223"
"26480","chrX",65238711,65238822,"MIR223"
"26481","chrX",65241580,65259967,"VSIG4"
"26483","chrX",65815482,65859140,"EDA2R"
"26486","chrX",67718623,67757128,"YIPF6"
"26487","chrX",67867510,67945685,"STARD8"
"26488","chrX",68048839,68066030,"EFNB1"
"26489","chrX",68380581,68385365,"PJA1"
"26490","chrX",68399399,68429768,"NCRNA00269"
"26491","chrX",68725077,68752352,"FAM155B"
"26493","chrX",69242706,69242774,"MIR676"
"26494","chrX",69260392,69269788,"AWAT2"
"26495","chrX",69282340,69284030,"OTUD6A"
"26496","chrX",69353298,69386174,"IGBP1"
"26497","chrX",69397335,69425554,"DGAT2L6"
"26498","chrX",69454504,69460512,"AWAT1"
"26499","chrX",69478016,69479654,"P2RY4"
"26500","chrX",69488184,69501691,"ARR3"
"26501","chrX",69502021,69504853,"RAB41"
"26502","chrX",69506211,69509798,"PDZD11"
"26504","chrX",69642880,69653242,"GDPD2"
"26505","chrX",69664704,69725340,"DLG3"
"26507","chrX",70145430,70150975,"SLC7A3"
"26508","chrX",70279097,70280672,"BC080535"
"26509","chrX",70209364,70288231,"SNX12"
"26510","chrX",70315998,70323385,"FOXO4"
"26511","chrX",70323739,70326638,"CXorf65"
"26512","chrX",70327254,70331481,"IL2RG"
"26513","chrX",70338405,70362305,"MED12"
"26514","chrX",70364680,70391052,"NLGN3"
"26515","chrX",70435061,70445066,"GJB1"
"26516","chrX",70459474,70475047,"ZMYM3"
"26517","chrX",70503041,70521019,"NONO"
"26518","chrX",70521627,70525205,"ITGB1BP2"
"26520","chrX",70711377,70712604,"INGX"
"26521","chrX",70752911,70795748,"OGT"
"26522","chrX",70797873,70833434,"ACRC"
"26523","chrX",70835766,70838367,"CXCR3"
"26524","chrX",70917045,70923257,"LOC100132741"
"26525","chrX",70934224,70983139,"CXorf49"
"26528","chrX",71264258,71264812,"RPS26P11"
"26529","chrX",71346961,71351751,"RGAG4"
"26530","chrX",71364033,71381601,"FLJ44635"
"26531","chrX",71401525,71483815,"PIN4"
"26532","chrX",71424507,71458858,"ERCC6L"
"26533","chrX",71492453,71497141,"RPS4X"
"26534","chrX",71521488,71527037,"CITED1"
"26538","chrX",72062799,72068637,"DMRTC1B"
"26539","chrX",72064875,72091859,"DMRTC1"
"26540","chrX",72161568,72163589,"LINC00246B"
"26541","chrX",72223351,72225552,"PABPC1L2B"
"26542","chrX",72297177,72299351,"PABPC1L2A"
"26543","chrX",72345876,72347919,"NAP1L6"
"26544","chrX",72432137,72434710,"NAP1L2"
"26545","chrX",72667089,72674422,"CDX4"
"26546","chrX",72744111,72782921,"LOC139201"
"26548","chrX",73012039,73049067,"TSIX"
"26549","chrX",73040495,73072588,"XIST"
"26551","chrX",73438212,73438296,"MIR421"
"26552","chrX",73438383,73438454,"MIR374C"
"26553","chrX",73438382,73438453,"MIR374B"
"26554","chrX",73421437,73461983,"AK125301"
"26555","chrX",73506939,73507044,"MIR545"
"26556","chrX",73507121,73507192,"MIR374A"
"26558","chrX",73524024,73524870,"ZCCHC13"
"26560","chrX",73802811,73834461,"RLIM"
"26563","chrX",74493893,74524733,"UPRT"
"26564","chrX",74544123,74546233,"AX748371"
"26566","chrX",74960373,74962914,"TTC3P1"
"26567","chrX",75002823,75005079,"MAGEE2"
"26568","chrX",75392770,75398034,"CXorf26"
"26569","chrX",75648045,75651747,"MAGEE1"
"26570","chrX",76139698,76139785,"MIR384"
"26572","chrX",76709646,76712014,"FGF16"
"26574","chrX",77081862,77151065,"MAGT1"
"26575","chrX",77154960,77160882,"COX7B"
"26577","chrX",77223458,77225135,"PGAM4"
"26578","chrX",77359665,77382325,"PGK1"
"26579","chrX",77385245,77395179,"TAF9B"
"26580","chrX",77528130,77583087,"CYSLTR1"
"26581","chrX",77911566,77914825,"ZCCHC5"
"26582","chrX",78003205,78012579,"LPAR4"
"26583","chrX",78156691,78156746,"MIR4328"
"26584","chrX",78200828,78217439,"P2RY10"
"26585","chrX",78426468,78427727,"GPR174"
"26586","chrX",78615881,78623049,"ITM2A"
"26587","chrX",79270254,79287269,"TBX22"
"26588","chrX",79483990,79565732,"CR627394"
"26591","chrX",80457302,80554047,"SH3BGRL"
"26592","chrX",80369200,80457441,"HMGN5"
"26593","chrX",82763268,82764776,"POU3F4"
"26594","chrX",83116153,83141627,"CYLC1"
"26597","chrX",84189156,84189897,"UBE2DNL"
"26598","chrX",84258897,84348324,"APOOL"
"26599","chrX",84347292,84363974,"SATL1"
"26600","chrX",84498996,84528369,"ZNF711"
"26602","chrX",85158641,85158712,"Mir_361"
"26606","chrX",88002225,88009786,"CPXCR1"
"26607","chrX",89176939,89177883,"TGIF2LX"
"26608","chrX",90689596,90693584,"PABPC5"
"26610","chrX",91064464,91064634,"PCDHX"
"26611","chrX",91354536,91360178,"AK125288"
"26612","chrX",92925925,92928682,"NAP1L3"
"26613","chrX",92929011,92967274,"FAM133A"
"26614","chrX",95306295,95306323,"DQ580189"
"26615","chrX",95592085,95592901,"LOC643486"
"26617","chrX",96138906,96140451,"RPA4"
"26621","chrX",99839789,99854883,"TNMD"
"26622","chrX",99883795,99891794,"TSPAN6"
"26623","chrX",99899162,99926297,"SRPX2"
"26624","chrX",99929489,99987135,"SYTL4"
"26625","chrX",100075347,100095924,"CSTF2"
"26626","chrX",100098313,100129334,"NOX1"
"26627","chrX",100168431,100183898,"XKRX"
"26628","chrX",100224696,100245821,"ARL13A"
"26629","chrX",100264334,100307105,"TRMT2B"
"26630","chrX",100333835,100351356,"TMEM35"
"26631","chrX",100353177,100417979,"CENPI"
"26632","chrX",100474932,100519486,"DRP2"
"26633","chrX",100523241,100548059,"TAF7L"
"26634","chrX",100600644,100603957,"TIMM8A"
"26635","chrX",100604435,100645770,"BTK"
"26636","chrX",100645877,100651143,"RPL36A"
"26637","chrX",100652779,100663001,"GLA"
"26638","chrX",100663120,100668327,"HNRNPH2"
"26640","chrX",100805513,100809676,"ARMCX1"
"26641","chrX",100870108,100872991,"ARMCX6"
"26642","chrX",100878119,100882832,"ARMCX3"
"26643","chrX",100910268,100914863,"ARMCX2"
"26644","chrX",101087085,101112549,"NXF5"
"26645","chrX",101137260,101187039,"ZMAT1"
"26646","chrX",101380659,101382685,"TCEAL2"
"26647","chrX",101394933,101397388,"TCEAL6"
"26648","chrX",101408679,101410986,"BEX5"
"26652","chrX",101768610,101771699,"TMSB15A"
"26653","chrX",101804892,101826622,"NXF4"
"26654","chrX",101854095,101859086,"ARMCX5"
"26656","chrX",101906293,101914011,"GPRASP1"
"26657","chrX",101975641,102007370,"BHLHB9"
"26659","chrX",102192199,102193229,"RAB40AL"
"26660","chrX",102317581,102319168,"BEX1"
"26661","chrX",102330750,102348022,"NXF3"
"26662","chrX",102470019,102472129,"BEX4"
"26663","chrX",102507923,102510121,"TCEAL8"
"26664","chrX",102528618,102531797,"TCEAL5"
"26665","chrX",102564274,102565974,"BEX2"
"26666","chrX",102585113,102587252,"TCEAL7"
"26667","chrX",102611379,102613398,"WBP5"
"26668","chrX",102631267,102633002,"NGFRAP1"
"26669","chrX",102754681,102774417,"RAB40A"
"26670","chrX",102840418,102842656,"TCEAL4"
"26671","chrX",102862833,102864856,"TCEAL3"
"26672","chrX",102883647,102885877,"TCEAL1"
"26673","chrX",102930426,102943086,"MORF4L2"
"26674","chrX",102942211,102947485,"LOC340544"
"26675","chrX",102965836,102968961,"TMEM31"
"26676","chrX",102962272,102983552,"GLRA4"
"26677","chrX",103031438,103047548,"PLP1"
"26678","chrX",103031504,103087212,"RAB9B"
"26679","chrX",103173478,103187486,"AK090973"
"26680","chrX",103172240,103174131,"AK026512"
"26681","chrX",103216593,103220564,"TMSB15B"
"26682","chrX",103230501,103315219,"H2BFXP"
"26683","chrX",103265719,103268256,"H2BFWT"
"26684","chrX",103294515,103297022,"H2BFM"
"26685","chrX",103343898,103401708,"MCART6"
"26686","chrX",103357106,103360534,"ZCCHC18"
"26687","chrX",103367000,103369317,"LOC286437"
"26688","chrX",103411155,103440583,"FAM199X"
"26689","chrX",103494719,103499599,"ESX1"
"26691","chrX",104463611,104465358,"TEX13A"
"26693","chrX",105277190,105282718,"SERPINA7"
"26694","chrX",105412297,105452950,"MUM1L1"
"26695","chrX",105855159,105922674,"CXorf57"
"26697","chrX",106045918,106119378,"TBC1D8B"
"26698","chrX",106143393,106174092,"CLDN2"
"26699","chrX",106143293,106146561,"RIPPLY1"
"26701","chrX",106305118,106362057,"RBM41"
"26702","chrX",106366657,106449670,"NUP62CL"
"26703","chrX",106449861,106487474,"CXorf41"
"26704","chrX",106843634,106848480,"KIAA1817"
"26705","chrX",106871653,106894257,"PRPS1"
"26706","chrX",106956452,107019202,"TSC22D3"
"26708","chrX",107173842,107174869,"BC070370"
"26709","chrX",107224094,107225600,"TEX13B"
"26710","chrX",107288199,107322415,"VSIG1"
"26711","chrX",107327435,107334874,"PSMD10"
"26712","chrX",107334898,107397902,"ATG4A"
"26715","chrX",107975727,107979607,"IRS4"
"26717","chrX",108779009,108787928,"NXT2"
"26718","chrX",108866929,108868393,"KCNE1L"
"26719","chrX",108884564,108976621,"ACSL4"
"26721","chrX",109325345,109325447,"MIR3978"
"26722","chrX",109468217,109468288,"SNORD96B"
"26724","chrX",109602043,109699563,"RGAG1"
"26725","chrX",109763539,109766250,"TDGF1P3"
"26728","chrX",110367492,110372432,"AF070581"
"26729","chrX",110488327,110513774,"CAPN6"
"26731","chrX",110754889,110765628,"DKFZp686D0853"
"26732","chrX",110924345,111003876,"ALG13"
"26733","chrX",111119278,111147214,"LOC100329135"
"26736","chrX",111873879,111923375,"LHFPL1"
"26737","chrX",112023946,112024016,"MIR4329"
"26738","chrX",112018105,112084043,"AMOT"
"26741","chrX",113873917,113874003,"MIR764"
"26742","chrX",113886018,113886099,"MIR1912"
"26743","chrX",113887129,113887199,"MIR1264"
"26744","chrX",113949649,113949762,"MIR1298"
"26745","chrX",113997743,113997824,"MIR1911"
"26746","chrX",114058016,114058128,"MIR448"
"26747","chrX",114238538,114252207,"IL13RA2"
"26748","chrX",114423962,114427432,"RBMXL3"
"26750","chrX",114524291,114542122,"LUZP4"
"26751","chrX",114795176,114885180,"PLS3"
"26752","chrX",114752497,114797058,"AK127380"
"26753","chrX",115033604,115085422,"LOC642776"
"26754","chrX",115301957,115306226,"AGTR2"
"26755","chrX",115567746,115592626,"SLC6A14"
"26756","chrX",115592852,115594137,"CXorf61"
"26759","chrX",117520356,117520435,"MIR1277"
"26761","chrX",117861558,117928497,"IL13RA1"
"26762","chrX",117957786,117960932,"ZCCHC12"
"26763","chrX",117973518,117991684,"AK057519"
"26764","chrX",118108712,118151950,"LONRF3"
"26765","chrX",118212598,118284542,"KIAA1210"
"26766","chrX",118370210,118378430,"PGRMC1"
"26767","chrX",118533257,118588438,"SLC25A43"
"26768","chrX",118599997,118602225,"AK094280"
"26769","chrX",118602362,118605360,"SLC25A5"
"26770","chrX",118599996,118603083,"SLC25A5-AS1"
"26771","chrX",118672112,118699397,"CXorf56"
"26772","chrX",118708498,118718380,"UBE2A"
"26773","chrX",118722300,118739846,"NKRF"
"26774","chrX",118780701,118780811,"MIR766"
"26775","chrX",118749688,118827333,"SEPT6"
"26776","chrX",118892575,118894166,"SOWAHD"
"26777","chrX",118921316,118921447,"SNORA69"
"26778","chrX",118920469,118925606,"RPL39"
"26779","chrX",118967989,118986991,"UPF3B"
"26780","chrX",119005733,119010630,"NDUFA1"
"26781","chrX",119004495,119005791,"RNF113A"
"26782","chrX",119029935,119054680,"AKAP14"
"26783","chrX",119059013,119077735,"NKAP"
"26785","chrX",119206229,119211707,"RHOXF2"
"26786","chrX",119243025,119249847,"RHOXF1"
"26787","chrX",119292466,119297946,"RHOXF2B"
"26788","chrX",119370309,119379122,"NKAPP1"
"26789","chrX",119384606,119392252,"ZBTB33"
"26790","chrX",119392505,119445391,"FAM70A"
"26791","chrX",119495939,119517105,"ATP1B4"
"26792","chrX",119560003,119603204,"LAMP2"
"26793","chrX",119658446,119709684,"CUL4B"
"26794","chrX",119737743,119755017,"MCTS1"
"26795","chrX",119759529,119764005,"C1GALT1C1"
"26796","chrX",120006452,120009779,"CT47B1"
"26798","chrX",120087137,120090454,"CT47A7"
"26799","chrX",120092020,120095337,"CT47A6"
"26800","chrX",120116321,120119638,"CT47A1"
"26801","chrX",120181461,120183797,"GLUD2"
"26803","chrX",122695946,122696055,"mir-220"
"26805","chrX",122993661,123047830,"XIAP"
"26807","chrX",123480131,123507011,"SH2D1A"
"26809","chrX",124453968,124456951,"LOC100129520"
"26810","chrX",125297482,125300080,"DCAF12L2"
"26811","chrX",125683366,125686842,"DCAF12L1"
"26812","chrX",125953746,125955769,"CXorf64"
"26813","chrX",127184941,127186382,"ACTRT1"
"26814","chrX",128580478,128657460,"SMARCA1"
"26815","chrX",128674251,128726531,"OCRL"
"26816","chrX",128779236,128788933,"APLN"
"26817","chrX",128872945,128903526,"XPNPEP2"
"26818","chrX",128913891,128929177,"SASH3"
"26819","chrX",128937264,128978124,"ZDHHC9"
"26820","chrX",129040096,129063739,"UTP14A"
"26821","chrX",129139163,129192059,"BCORL1"
"26822","chrX",129198895,129244688,"ELF4"
"26823","chrX",129263338,129299861,"AIFM1"
"26824","chrX",129305772,129318845,"RAB33A"
"26825","chrX",129336673,129402922,"ZNF280C"
"26826","chrX",129473927,129507336,"SLC25A14"
"26827","chrX",129518319,129519511,"GPR119"
"26828","chrX",129535942,129547318,"RBMX2"
"26829","chrX",129611043,129658231,"BC043223"
"26831","chrX",130192215,130223858,"ARHGAP36"
"26833","chrX",130678047,130678975,"OR13H1"
"26835","chrX",131157244,131209972,"MST4"
"26836","chrX",131211021,131262050,"FRMD7"
"26837","chrX",131337053,131353475,"RAP2C"
"26841","chrX",132159054,132231135,"USP26"
"26842","chrX",132350697,132352376,"TFDP3"
"26845","chrX",133303408,133303482,"MIR363"
"26846","chrX",133303568,133303642,"MIR92A2"
"26847","chrX",133303701,133303796,"MIR19B2"
"26848","chrX",133303839,133303907,"MIR20B"
"26849","chrX",133304071,133304141,"MIR18B"
"26850","chrX",133304228,133304308,"MIR106A"
"26851","chrX",133371076,133379809,"CCDC160"
"26852","chrX",133507341,133562823,"PHF6"
"26853","chrX",133594174,133634699,"HPRT1"
"26854","chrX",133674215,133674292,"MIR450B"
"26855","chrX",133674371,133674461,"MIR450A1"
"26856","chrX",133674538,133674637,"MIR450A2"
"26857","chrX",133675371,133675467,"MIR542"
"26858","chrX",133680358,133680428,"MIR503"
"26859","chrX",133677407,133680660,"MGC16121"
"26860","chrX",133680644,133680741,"MIR424"
"26861","chrX",133684053,133694429,"LOC100506757"
"26862","chrX",133699873,133792513,"PLAC1"
"26863","chrX",133903596,133931262,"FAM122B"
"26864","chrX",133930442,133988642,"FAM122C"
"26865","chrX",134021662,134049297,"MOSPD1"
"26866","chrX",134124967,134126504,"CXorf69"
"26867","chrX",134154534,134156566,"FAM127C"
"26868","chrX",134166332,134167576,"FAM127A"
"26869","chrX",134184963,134186221,"FAM127B"
"26870","chrX",134229015,134232733,"LINC00087"
"26871","chrX",134252882,134254405,"LOC100129515"
"26872","chrX",134254548,134257530,"BC061642"
"26873","chrX",134290461,134305751,"CXorf48"
"26874","chrX",134419723,134429965,"ZNF75D"
"26875","chrX",134477627,134497339,"ZNF449"
"26876","chrX",134382888,134477957,"DKFZp451F083"
"26877","chrX",134540020,134540795,"AB062081"
"26878","chrX",134555867,134560226,"LINC00086"
"26879","chrX",134654554,134716461,"DDX26B"
"26880","chrX",134847184,134856989,"CT45A1"
"26881","chrX",134866213,134874269,"CT45A2"
"26882","chrX",134891520,134936735,"CT45A4"
"26883","chrX",134945651,134971244,"CT45A5"
"26884","chrX",134975784,134995222,"SAGE1"
"26885","chrX",135044231,135056188,"MMGT1"
"26886","chrX",135067582,135129429,"SLC9A6"
"26887","chrX",135228860,135293519,"FHL1"
"26888","chrX",135295379,135338641,"MAP7D3"
"26890","chrX",135570124,135574599,"BRS3"
"26891","chrX",135579237,135594504,"HTATSF1"
"26892","chrX",135614310,135638967,"VGLL1"
"26893","chrX",135633036,135633120,"MIR934"
"26894","chrX",135721701,135724589,"LOC100128420"
"26895","chrX",135730335,135742550,"CD40LG"
"26897","chrX",135961358,135961430,"SNORD61"
"26898","chrX",135951353,135962939,"RBMX"
"26899","chrX",135991553,136075815,"AK055694"
"26900","chrX",136112307,136113833,"GPR101"
"26901","chrX",136648345,136654260,"ZIC3"
"26902","chrX",137696892,137699799,"LOC158696"
"26903","chrX",137749872,137749954,"MIR504"
"26905","chrX",137794268,137798764,"LOC100129662"
"26906","chrX",137922164,137922185,"JA536283"
"26907","chrX",138528977,138531133,"SRD5A1P1"
"26908","chrX",138612894,138645618,"F9"
"26911","chrX",139006307,139006390,"MIR505"
"26912","chrX",139037884,139047677,"CXorf66"
"26913","chrX",139585152,139587225,"SOX3"
"26914","chrX",139791923,139796997,"RP1-177G6.2"
"26915","chrX",139863223,139866518,"AK054921"
"26916","chrX",139865425,139866723,"CDR1"
"26917","chrX",140008337,140008384,"MIR320D2"
"26918","chrX",140084755,140097877,"SPANXB2"
"26919","chrX",140269931,140271310,"LDOC1"
"26922","chrX",140677834,140678900,"SPANXA1"
"26923","chrX",140713995,140714862,"BC042039"
"26924","chrX",140785568,140786655,"SPANXE"
"26925","chrX",140926101,140985619,"MAGEC3"
"26926","chrX",140991641,140997188,"MAGEC1"
"26927","chrX",141290128,141293076,"MAGEC2"
"26928","chrX",142113703,142122067,"SPANXN4"
"26929","chrX",142596564,142605307,"SPANXN3"
"26930","chrX",142710595,142723926,"SLITRK4"
"26931","chrX",142795055,142804516,"SPANXN2"
"26932","chrX",142967172,142968358,"UBE2NL"
"26933","chrX",144329106,144337729,"SPANXN1"
"26934","chrX",144899346,144907361,"SLITRK2"
"26935","chrX",144908927,144911371,"CXorf1"
"26936","chrX",145075793,145075869,"MIR890"
"26937","chrX",145076302,145076378,"MIR888"
"26938","chrX",145078187,145078261,"MIR892A"
"26939","chrX",145078716,145078792,"MIR892B"
"26940","chrX",145082571,145082649,"MIR891B"
"26941","chrX",145109312,145109390,"MIR891A"
"26942","chrX",145891301,145895622,"CXorf51B"
"26943","chrX",146312238,146312361,"MIR506"
"26944","chrX",146312502,146312595,"MIR507"
"26945","chrX",146318431,146318545,"MIR508"
"26946","chrX",146331669,146331748,"MIR514B"
"26947","chrX",146340278,146342143,"MIR509-1"
"26948","chrX",146353853,146353926,"MIR510"
"26949","chrX",146360765,146360862,"MIR514A1"
"26950","chrX",146363461,146366246,"MIR514A2"
"26951","chrX",146993468,147032648,"FMR1"
"26952","chrX",146990949,147003676,"FMR1-AS1"
"26953","chrX",147062848,147108188,"FMR1NB"
"26955","chrX",148560295,148615468,"IDS"
"26956","chrX",148593084,148607803,"IDS2"
"26957","chrX",148609132,148622504,"LOC100131434"
"26958","chrX",148622518,148632087,"CXorf40A"
"26960","chrX",148674172,148676974,"HSFX1"
"26962","chrX",148769902,148798929,"MAGEA11"
"26963","chrX",148855725,148858529,"HSFX2"
"26964","chrX",148863592,148869400,"MAGEA9"
"26965","chrX",149009940,149014610,"MAGEA8"
"26966","chrX",149097723,149106716,"CXorf40B"
"26968","chrX",149396238,149396319,"MIR2114"
"26971","chrX",149861434,149933576,"MTMR1"
"26973","chrX",150151762,150159249,"HMGB3"
"26974","chrX",150336693,150336799,"MIR4330"
"26975","chrX",150345055,150349938,"GPR50"
"26976","chrX",150565656,150577837,"VMA21"
"26978","chrX",150863729,150870064,"PRRG3"
"26979","chrX",150884507,150891665,"FATE1"
"26980","chrX",150903217,150914037,"CNGA2"
"26981","chrX",151080995,151093643,"MAGEA4"
"26982","chrX",151121596,151143151,"GABRE"
"26983","chrX",151128100,151128184,"MIR452"
"26984","chrX",151282521,151286411,"MAGEA5"
"26985","chrX",151301783,151304092,"MAGEA10"
"26986","chrX",151560691,151560771,"MIR105-1"
"26987","chrX",151561432,151562213,"Mir_105"
"26988","chrX",151561893,151562001,"MIR767"
"26989","chrX",151562884,151562964,"MIR105-2"
"26991","chrX",151806636,151821826,"GABRQ"
"26992","chrX",151867244,151870815,"MAGEA6"
"26993","chrX",151876743,151877747,"CSAG2"
"26994","chrX",151927733,151928739,"CSAG3"
"26995","chrX",151883118,151918943,"MAGEA2"
"26996","chrX",151895978,151903184,"MAGEA12"
"26997","chrX",151903227,151909519,"CSAG1"
"26998","chrX",151934652,151938240,"MAGEA3"
"26999","chrX",151995871,151999301,"CETN2"
"27000","chrX",151999510,152037908,"NSDHL"
"27001","chrX",152082985,152142026,"ZNF185"
"27002","chrX",152157368,152162671,"PNMA5"
"27003","chrX",152224765,152228828,"PNMA3"
"27004","chrX",152227055,152228823,"BC030761"
"27005","chrX",152240726,152340108,"PNMA6A"
"27006","chrX",152241445,152242646,"PNMA6C"
"27007","chrX",152481522,152486116,"MAGEA1"
"27008","chrX",152599612,152618385,"ZNF275"
"27009","chrX",152614942,152617046,"BC018767"
"27010","chrX",152683780,152687087,"ZFP92"
"27011","chrX",152710178,152713367,"TREX2"
"27012","chrX",152713123,152760978,"HAUS7"
"27013","chrX",152760346,152775005,"BGN"
"27014","chrX",152801579,152848388,"ATP2B3"
"27015","chrX",152853383,152864632,"FAM58A"
"27016","chrX",152907896,152916782,"DUSP9"
"27017","chrX",152935188,152952247,"PNCK"
"27018","chrX",152953751,152962049,"SLC6A8"
"27019","chrX",152965947,152990201,"BCAP31"
"27020","chrX",152990322,153010217,"ABCD1"
"27021","chrX",153029650,153045941,"PLXNB3"
"27022","chrX",153041810,153051188,"SRPK3"
"27023","chrX",153051221,153059967,"IDH3G"
"27024","chrX",153059629,153063968,"SSR4"
"27025","chrX",153067621,153096003,"PDZD4"
"27026","chrX",153126971,153151584,"L1CAM"
"27027","chrX",153167984,153172621,"AVPR2"
"27028","chrX",153172830,153191714,"ARHGAP4"
"27029","chrX",153195377,153200468,"NAA10"
"27030","chrX",153209601,153209674,"DL490658"
"27031","chrX",153200722,153210232,"RENBP"
"27032","chrX",153213008,153236819,"HCFC1"
"27033","chrX",153237990,153248647,"TMEM187"
"27034","chrX",153246547,153246629,"MIR3202-1"
"27035","chrX",153246549,153246627,"MIR3202-2"
"27036","chrX",153275957,153285342,"IRAK1"
"27037","chrX",153285371,153285440,"MIR718"
"27038","chrX",153287264,153363188,"MECP2"
"27039","chrX",153409724,153424508,"OPN1LW"
"27040","chrX",153424833,153523796,"TEX28"
"27041","chrX",153448084,153499471,"OPN1MW"
"27042","chrX",153524026,153558714,"TKTL1"
"27043","chrX",153576900,153603006,"FLNA"
"27044","chrX",153607596,153609884,"EMD"
"27045","chrX",153626570,153632039,"RPL10"
"27046","chrX",153625075,153627178,"AK307233"
"27047","chrX",153628902,153628929,"DQ570720"
"27048","chrX",153629579,153640427,"DNASE1L1"
"27049","chrX",153639876,153650064,"TAZ"
"27050","chrX",153652728,153656796,"BC009467"
"27051","chrX",153656977,153664863,"ATP6AP1"
"27052","chrX",153665258,153671815,"GDI1"
"27053","chrX",153672472,153679003,"FAM50A"
"27054","chrX",153686622,153701986,"PLXNA3"
"27055","chrX",153705241,153707596,"LAGE3"
"27056","chrX",153712056,153714932,"UBL4A"
"27057","chrX",153715650,153719002,"SLC10A3"
"27058","chrX",153733327,153744566,"FAM3A"
"27059","chrX",153770458,153868252,"IKBKG"
"27060","chrX",153759606,153775787,"G6PD"
"27061","chrX",153799478,153860739,"LINC00204A"
"27062","chrX",153813417,153845865,"CTAG1A"
"27063","chrX",153880246,153881853,"CTAG2"
"27064","chrX",153903527,153979858,"GAB3"
"27065","chrX",153991030,154005965,"DKC1"
"27066","chrX",153996802,153996933,"SNORA36A"
"27067","chrX",154003272,154003402,"SNORA56"
"27068","chrX",154006959,154033802,"MPP1"
"27069","chrX",154051623,154062937,"CXorf68"
"27070","chrX",154113316,154113834,"H2AFB3"
"27074","chrX",154255063,154285192,"FUNDC2"
"27075","chrX",154289900,154299547,"MTCP1NB"
"27076","chrX",154299694,154351350,"BRCC3"
"27077","chrX",154444700,154468099,"VBP1"
"27078","chrX",154487526,154493852,"RAB39B"
"27079","chrX",154505500,154563986,"CLIC2"
"27081","chrX",154610427,154689080,"H2AFB2"
"27082","chrX",154697946,154716708,"U00684"
"27084","chrY",2620336,2655676,"XGPY2"
"27085","chrY",2654896,2655792,"SRY"
"27086","chrY",2709526,2734998,"RPS4Y1"
"27087","chrY",2803111,2850548,"ZFY"
"27088","chrY",3447125,3448083,"TGIF2LY"
"27090","chrY",5605659,5610270,"PCDHY"
"27092","chrY",6114263,6117054,"TSPY2"
"27096","chrY",6317508,6325948,"TTTY7"
"27099","chrY",6733959,6742068,"AMELY"
"27102","chrY",7567398,7569288,"TTTY16"
"27103","chrY",7672964,7678724,"TTTY12"
"27104","chrY",7610636,7677302,"BC041884"
"27105","chrY",8551411,8551919,"TTTY18"
"27106","chrY",8572512,8573325,"TTTY19"
"27107","chrY",8651359,8685423,"TTTY11"
"27108","chrY",9154670,9160483,"RBMY1A3P"
"27109","chrY",9167489,9172441,"TTTY20"
"27111","chrY",9175118,9218487,"TSPY4"
"27113","chrY",9195451,9198203,"TSPY8"
"27115","chrY",9225731,9233425,"CYorf16"
"27116","chrY",9448330,9452762,"RBMY3AP"
"27117","chrY",9638761,9650855,"TTTY22"
"27118","chrY",10033119,10033140,"JA668106"
"27119","chrY",14517915,14533389,"GYG2P1"
"27120","chrY",14774297,14804154,"TTTY15"
"27122","chrY",15016018,15032391,"DDX3Y"
"27124","chrY",15815446,15817903,"TMSB4Y"
"27125","chrY",16097652,16098392,"VCY"
"27126","chrY",16168097,16168839,"VCY1B"
"27130","chrY",19990140,19992100,"CDY2A"
"27131","chrY",20137666,20139628,"CDY2B"
"27132","chrY",20708556,20710479,"HSFY1"
"27135","chrY",20934594,20981392,"BC062752"
"27136","chrY",21034387,21040114,"NCRNA00185"
"27137","chrY",21152526,21154705,"CD24"
"27139","chrY",21617317,21665039,"BCORP1"
"27140","chrY",21729235,21769057,"TXLNG2P"
"27141","chrY",21867301,21906825,"KDM5D"
"27142","chrY",22627554,22681114,"TTTY10"
"27143","chrY",22737610,22755041,"EIF1AY"
"27144","chrY",22917953,22942919,"RPS4Y2"
"27145","chrY",23557034,23563448,"RBMY2EP"
"27146","chrY",23673223,23711213,"RBMY1D"
"27147","chrY",23745486,23756552,"TTTY13"
"27148","chrY",24026223,24040673,"RBMY1B"
"27149","chrY",24049765,24064214,"RBMY1E"
"27154","chrY",24442945,24445023,"TTTY5"
"27155","chrY",24455005,24462353,"RBMY2FP"
"27161","chrY",25365580,25437504,"DAZ2"
"27168","chrY",26356757,26356792,"DQ579249"
"27170","chrY",27603458,27603499,"DQ598729"
"27171","chrY",27604352,27604379,"DQ596138"
"27172","chrY",27644740,27644774,"DQ600137"
"27173","chr1",34611,36081,"FAM138A_chr1"
"27174","chr19",76220,77690,"FAM138A_chr19"
"27176","chr3",197945397,197945430,"DQ597235_chr3"
"27179","chr3",197945476,197945538,"DQ599768_chr3"
"27180","chr7",63204514,63204576,"DQ599768_chr7"
"27182","chr5",180743353,180753554,"LOC100133331_chr5"
"27183","chr1",323891,328582,"LOC100132287_chr1"
"27184","chr5",180750506,180755197,"LOC100132287_chr5"
"27185","chr1",327545,328440,"LOC388312_chr1"
"27186","chr5",180751652,180755055,"LOC388312_chr5"
"27188","chr5",180794287,180795227,"OR4F16_chr5"
"27189","chr1",420205,421840,"BC036251_chr1"
"27190","chr5",180846762,180848397,"BC036251_chr5"
"27191","chr6",171004401,171006036,"BC036251_chr6"
"27192","chr1",566135,566155,"JA429831_chr1"
"27193","chr14",32954301,32954323,"JA429831_chr14"
"27203","chr16",3202609,3246152,"TRNA_Pseudo_chr16"
"27205","chr18",55345853,55346249,"TRNA_Pseudo_chr18"
"27216","chrY",8240140,8240214,"TRNA_Pseudo_chrY"
"27226","chr18",46001858,46001971,"5S_rRNA_chr18"
"27227","chr19",29492576,29492683,"5S_rRNA_chr19"
"27248","chr4",177401056,177401173,"Mir_584_chr4"
"27251","chr7",31854991,31855103,"Mir_584_chr7"
"27252","chr8",105677699,105677818,"Mir_584_chr8"
"27255","chr1",12567299,12567452,"SNORA59B_chr1"
"27256","chr17",19460872,19461025,"SNORA59B_chr17"
"27258","chr10",22518438,22518511,"TRNA_Asn_chr10"
"27259","chr13",31248101,31248174,"TRNA_Asn_chr13"
"27260","chr17",36908034,36908107,"TRNA_Asn_chr17"
"27262","chr16",70812942,70823409,"TRNA_Gly_chr16"
"27264","chr19",4724081,4724154,"TRNA_Gly_chr19"
"27265","chr2",157257659,157257729,"TRNA_Gly_chr2"
"27266","chr21",18827107,18827177,"TRNA_Gly_chr21"
"27269","chr10",5895674,5895746,"TRNA_Val_chr10"
"27270","chr11",59318102,59318532,"TRNA_Val_chr11"
"27271","chr19",4724647,4724719,"TRNA_Val_chr19"
"27272","chr3",169490017,169490091,"TRNA_Val_chr3"
"27275","chrX",18693029,18693101,"TRNA_Val_chrX"
"27278","chr14",32236816,32236886,"TRNA_Glu_chr14"
"27279","chr15",26327381,26327452,"TRNA_Glu_chr15"
"27280","chr18",43299750,43299823,"TRNA_Glu_chr18"
"27282","chr3",125413177,125413248,"TRNA_Glu_chr3"
"27284","chr8",59504797,59504869,"TRNA_Glu_chr8"
"27287","chr11",47841755,47841844,"Y_RNA_chr11"
"27296","chr20",29543691,29543802,"Y_RNA_chr20"
"27297","chr21",18899458,18899565,"Y_RNA_chr21"
"27304","chr8",14190063,14190173,"Y_RNA_chr8"
"27319","chr21",47955708,47956007,"Metazoa_SRP_chr21"
"27328","chrX",69441855,69442167,"Metazoa_SRP_chrX"
"27339","chr19",893483,893591,"U6_chr19"
"27342","chr21",43837606,43837702,"U6_chr21"
"27343","chr22",46020411,46020512,"U6_chr22"
"27352","chrY",28507135,28507240,"U6_chrY"
"27354","chr11",85822164,85823167,"BC016143_chr11"
"27355","chr14",73650023,73650578,"BC016143_chr14"
"27356","chr15",75797278,75797798,"BC016143_chr15"
"27358","chr20",30057269,30057864,"BC016143_chr20"
"27359","chr6",27794099,27794504,"BC016143_chr6"
"27360","chr9",95592366,95592884,"BC016143_chr9"
"27361","chr1",28421446,28423069,"SPCS2_chr1"
"27362","chr11",74660291,74690077,"SPCS2_chr11"
"27363","chr1",28567542,28567565,"JA611241_chr1"
"27364","chr14",104192071,104192090,"JA611241_chr14"
"27365","chr8",67960635,67960656,"JA611241_chr8"
"27372","chr15",61571589,61571876,"7SK_chr15"
"27391","chr13",80213164,80213246,"Mir_548_chr13"
"27393","chr15",93829466,93829551,"Mir_548_chr15"
"27395","chr18",21474081,21474164,"Mir_548_chr18"
"27397","chr20",19570747,19570832,"Mir_548_chr20"
"27398","chr21",11051932,11052015,"Mir_548_chr21"
"27407","chr1",38349908,38349990,"SNORA63_chr1"
"27408","chr15",78383514,78383639,"SNORA63_chr15"
"27409","chr3",186505087,186505223,"SNORA63_chr3"
"27410","chr4",14692333,14692457,"SNORA63_chr4"
"27411","chr1",39648410,39648505,"Mir_562_chr1"
"27412","chr13",95289244,95289339,"Mir_562_chr13"
"27414","chr21",35989140,35989242,"Mir_562_chr21"
"27418","chr8",81593476,81593580,"Mir_562_chr8"
"27419","chr9",132821313,132821416,"Mir_562_chr9"
"27420","chr1",45242163,45242262,"SNORD46_chr1"
"27421","chr7",132437782,132437887,"SNORD46_chr7"
"27422","chr1",47691629,47691655,"JA375062_chr1"
"27423","chr15",72491955,72491986,"JA375062_chr15"
"27426","chr12",27843305,27843379,"TRNA_Lys_chr12"
"27427","chr14",58706613,58706685,"TRNA_Lys_chr14"
"27428","chr15",79152903,79152977,"TRNA_Lys_chr15"
"27430","chr17",8022472,8022546,"TRNA_Lys_chr17"
"27431","chr18",43669271,43669343,"TRNA_Lys_chr18"
"27436","chr10",101262421,101262465,"U7_chr10"
"27439","chr13",67204847,67204908,"U7_chr13"
"27441","chr18",45918961,45919022,"U7_chr18"
"27446","chr6",49312460,49312521,"U7_chr6"
"27449","chr9",131306194,131306257,"U7_chr9"
"27450","chrX",139533312,139533374,"U7_chrX"
"27453","chr12",54180035,54180140,"Mir_544_chr12"
"27454","chr14",101514994,101515086,"Mir_544_chr14"
"27455","chr15",78620683,78620787,"Mir_544_chr15"
"27456","chr16",77695860,77695961,"Mir_544_chr16"
"27457","chr18",39972809,39972912,"Mir_544_chr18"
"27460","chr4",180349727,180349836,"Mir_544_chr4"
"27463","chr8",126569338,126569441,"Mir_544_chr8"
"27467","chr10",23510446,23510574,"U4_chr10"
"27468","chr11",126084155,126084373,"U4_chr11"
"27469","chr12",96697153,96697291,"U4_chr12"
"27470","chr16",68363290,68363432,"U4_chr16"
"27474","chr6",97097329,97097467,"U4_chr6"
"27476","chr9",20418318,20418426,"U4_chr9"
"27481","chr1",93981834,93981906,"TRNA_Cys_chr1"
"27482","chr14",73429678,73429751,"TRNA_Cys_chr14"
"27483","chr15",80036996,80037070,"TRNA_Cys_chr15"
"27485","chr3",131947944,131950713,"TRNA_Cys_chr3"
"27486","chr4",124430005,124430076,"TRNA_Cys_chr4"
"27488","chr1",94313128,94313214,"TRNA_Arg_chr1"
"27489","chr11",59318766,59318853,"TRNA_Arg_chr11"
"27490","chr15",89878303,89878377,"TRNA_Arg_chr15"
"27491","chr16",3200674,3243991,"TRNA_Arg_chr16"
"27492","chr17",73030526,73031207,"TRNA_Arg_chr17"
"27493","chr3",45730491,45730563,"TRNA_Arg_chr3"
"27496","chr1",110815105,110815230,"SNORA25_chr1"
"27497","chr10",93835998,93836123,"SNORA25_chr10"
"27498","chr14",47429625,47429750,"SNORA25_chr14"
"27499","chr7",115221369,115221496,"SNORA25_chr7"
"27500","chr8",130880836,130880962,"SNORA25_chr8"
"27501","chr1",112913625,112913730,"SnoU13_chr1"
"27502","chr11",122596916,122597019,"SnoU13_chr11"
"27503","chr15",65989171,65989274,"SnoU13_chr15"
"27504","chr17",28210023,28210128,"SnoU13_chr17"
"27506","chr11",32103309,32103520,"U3_chr11"
"27507","chr15",59052665,59052880,"U3_chr15"
"27508","chr18",54624500,54624701,"U3_chr18"
"27509","chr21",30552746,30552960,"U3_chr21"
"27512","chr8",124192550,124192765,"U3_chr8"
"27514","chr6",27114119,27114165,"Histone3_chr6"
"27516","chr13",19381509,19381540,"DQ579288_chr13"
"27518","chr4",49205061,49205092,"DQ579288_chr4"
"27520","chr13",19319692,19319719,"DQ586768_chr13"
"27521","chr2",95428928,95428954,"DQ586768_chr2"
"27522","chr21",15222897,15222924,"DQ586768_chr21"
"27523","chr3",197774002,197774029,"DQ586768_chr3"
"27525","chr1",142689206,142689235,"DQ583161_chr1"
"27528","chr14",19596015,19601067,"DQ590589_chr14"
"27529","chr15",22043462,22044762,"DQ590589_chr15"
"27530","chr18",14253150,14253181,"DQ590589_chr18"
"27531","chr2",130823129,130825550,"DQ590589_chr2"
"27533","chr22",16239287,16246038,"DQ590589_chr22"
"27534","chr4",49563100,49563131,"DQ590589_chr4"
"27536","chrY",13332094,13332125,"DQ590589_chrY"
"27537","chr1",142803530,142826646,"BC071797_chr1"
"27538","chr21",9711934,9769228,"BC071797_chr21"
"27540","chr18",14254169,14254198,"DQ590126_chr18"
"27541","chr21",9932315,9932344,"DQ590126_chr21"
"27542","chr4",49591419,49591448,"DQ590126_chr4"
"27543","chrY",13334589,13334618,"DQ590126_chrY"
"27545","chr13",19382527,19382564,"DQ587539_chr13"
"27546","chr15",22044477,22044506,"DQ587539_chr15"
"27547","chr18",14252895,14252924,"DQ587539_chr18"
"27549","chr21",15279173,15279210,"DQ587539_chr21"
"27550","chr22",16243448,16245248,"DQ587539_chr22"
"27553","chr1",143419286,143419315,"DQ596206_chr1"
"27554","chr18",14335120,14335149,"DQ596206_chr18"
"27555","chr4",49580189,49580218,"DQ596206_chr4"
"27558","chr12",74851181,74851255,"TRNA_Gln_chr12"
"27559","chr15",66161400,66161471,"TRNA_Gln_chr15"
"27562","chr2",117782509,117782580,"TRNA_Gln_chr2"
"27563","chr20",17855141,17855220,"TRNA_Gln_chr20"
"27564","chr4",40908743,40908815,"TRNA_Gln_chr4"
"27568","chr3",148316563,148316634,"TRNA_His_chr3"
"27569","chr6",27125905,27125978,"TRNA_His_chr6"
"27570","chr1",150017382,150017452,"TRNA_Ala_chr1"
"27571","chr11",50233879,50233950,"TRNA_Ala_chr11"
"27572","chr12",125406301,125424511,"TRNA_Ala_chr12"
"27573","chr14",89445441,89445515,"TRNA_Ala_chr14"
"27575","chr5",180633867,180633940,"TRNA_Ala_chr5"
"27577","chr8",67026423,67026497,"TRNA_Ala_chr8"
"27578","chr1",153643725,153643798,"TRNA_Met_chr1"
"27580","chr17",80452597,80452668,"TRNA_Met_chr17"
"27582","chr8",124169470,124169542,"TRNA_Met_chr8"
"27583","chr9",19403995,19404071,"TRNA_Met_chr9"
"27584","chr1",154232202,154232339,"SNORA58_chr1"
"27585","chr3",131197842,131198077,"SNORA58_chr3"
"27586","chr1",154979450,154979509,"Mir_324_chr1"
"27587","chr13",41837978,41838027,"Mir_324_chr13"
"27588","chr17",40559684,40559744,"Mir_324_chr17"
"27590","chr3",50397076,50397156,"Mir_324_chr3"
"27591","chr7",100888046,100888132,"Mir_324_chr7"
"27592","chr1",159111401,159111474,"TRNA_chr1"
"27596","chr14",23398909,23398983,"TRNA_chr14"
"27597","chr15",45490804,45492682,"TRNA_chr15"
"27602","chr5",167816644,167816715,"TRNA_chr5"
"27603","chr6",18836401,18836474,"TRNA_chr6"
"27608","chr3",184366095,184366165,"TRNA_Asp_chr3"
"27609","chr5",141773988,141774059,"TRNA_Asp_chr5"
"27611","chr9",77517990,77518061,"TRNA_Asp_chr9"
"27614","chr14",21078290,21093611,"TRNA_Leu_chr14"
"27616","chr17",8023632,8023713,"TRNA_Leu_chr17"
"27617","chr2",30277567,30277641,"TRNA_Leu_chr2"
"27618","chr20",48952342,48952423,"TRNA_Leu_chr20"
"27619","chr3",148221228,148221309,"TRNA_Leu_chr3"
"27620","chr4",156384978,156385052,"TRNA_Leu_chr4"
"27623","chr1",167683961,167684725,"TRNA_Pro_chr1"
"27624","chr11",75946556,75946869,"TRNA_Pro_chr11"
"27625","chr14",21077495,21152174,"TRNA_Pro_chr14"
"27626","chr16",3208922,3242061,"TRNA_Pro_chr16"
"27627","chr5",180615854,180615925,"TRNA_Pro_chr5"
"27629","chr1",173833313,173833355,"SNORD81_chr1"
"27630","chr12",54185088,54185132,"SNORD81_chr12"
"27631","chr7",136972433,136972510,"SNORD81_chr7"
"27632","chr1",173834771,173834824,"SNORD78_chr1"
"27633","chr2",72987662,72987732,"SNORD78_chr2"
"27634","chr1",173835449,173835509,"SNORD77_chr1"
"27635","chr15",33262927,33262993,"SNORD77_chr15"
"27636","chr2",179152019,179152059,"SNORD77_chr2"
"27637","chr8",101016810,101016878,"SNORD77_chr8"
"27638","chr1",173836017,173836076,"SNORD75_chr1"
"27639","chr2",42667516,42667577,"SNORD75_chr2"
"27640","chr1",173836812,173836883,"SNORD74_chr1"
"27641","chr21",17657017,17657089,"SNORD74_chr21"
"27642","chr4",26703930,26704011,"SNORD74_chr4"
"27643","chr1",179170962,179170983,"DD413682_chr1"
"27644","chr12",53548176,53548198,"DD413682_chr12"
"27646","chr14",29063026,29063049,"DD413682_chr14"
"27648","chr7",88078185,88078205,"DD413682_chr7"
"27649","chr9",134658035,134658055,"DD413682_chr9"
"27650","chrX",91368317,91368338,"DD413682_chrX"
"27651","chrY",5205862,5205883,"DD413682_chrY"
"27652","chr1",179557406,179557438,"DQ577099_chr1"
"27654","chr1",179557455,179557483,"DQ587855_chr1"
"27655","chr2",236945292,236945327,"DQ587855_chr2"
"27656","chr1",193026411,193026545,"SnoU109_chr1"
"27657","chr15",92960776,92960920,"SnoU109_chr15"
"27658","chr7",107243807,107243953,"SnoU109_chr7"
"27659","chr1",216825011,216825069,"Mir_598_chr1"
"27660","chr2",74180379,74180438,"Mir_598_chr2"
"27661","chr3",9087185,9087260,"Mir_598_chr3"
"27662","chr6",58612966,58613065,"Mir_598_chr6"
"27664","chr1",220291547,220291570,"DM119532_chr1"
"27665","chr11",64658875,64658898,"DM119532_chr11"
"27666","chr1",220999117,220999236,"U6atac_chr1"
"27667","chr11",131255143,131255259,"U6atac_chr11"
"27668","chr12",65332802,65332898,"U6atac_chr12"
"27669","chr14",55325932,55326049,"U6atac_chr14"
"27670","chr17",29890787,29890913,"U6atac_chr17"
"27671","chr2",177529403,177529495,"U6atac_chr2"
"27672","chr20",44407336,44407463,"U6atac_chr20"
"27674","chr5",55593391,55593516,"U6atac_chr5"
"27675","chr7",144148773,144148911,"U6atac_chr7"
"27676","chr1",222638346,222638420,"TRNA_Thr_chr1"
"27677","chr14",21081949,21149848,"TRNA_Thr_chr14"
"27678","chr16",14379749,14379822,"TRNA_Thr_chr16"
"27680","chr19",33667962,33668037,"TRNA_Thr_chr19"
"27681","chr5",180618687,180618758,"TRNA_Thr_chr5"
"27683","chr1",222646010,222646043,"DQ587965_chr1"
"27684","chrY",27539763,27539795,"DQ587965_chrY"
"27685","chr1",222648392,222648423,"DQ584971_chr1"
"27687","chr1",222648681,222648717,"DQ597892_chr1"
"27689","chr1",222649003,222649064,"DQ574659_chr1"
"27692","chr6",146550,146639,"DQ584609_chr6"
"27694","chr1",226250407,226259704,"H3F3B_chr1"
"27695","chr17",73772515,73775860,"H3F3B_chr17"
"27696","chr1",228156485,228156576,"DQ590432_chr1"
"27697","chr20",62919982,62920073,"DQ590432_chr20"
"27699","chr1",228156672,228156705,"DQ574660_chr1"
"27700","chr7",63207222,63207255,"DQ574660_chr7"
"27701","chr1",228157022,228157063,"DQ584939_chr1"
"27703","chr1",228157172,228157204,"DQ599799_chr1"
"27705","chr1",228160064,228160099,"DQ575010_chr1"
"27706","chr4",119555287,119555320,"DQ575010_chr4"
"27707","chrY",26422646,26422680,"DQ575010_chrY"
"27708","chr1",228160168,228160214,"DQ575955_chr1"
"27709","chr3",197946093,197946139,"DQ575955_chr3"
"27710","chr1",243351943,243352032,"Mir_350_chr1"
"27711","chr4",119412048,119412139,"Mir_350_chr4"
"27712","chr1",246970416,246970488,"SNORD112_chr1"
"27715","chr16",50532072,50532141,"SNORD112_chr16"
"27716","chr18",5579412,5579485,"SNORD112_chr18"
"27717","chr20",39045514,39045587,"SNORD112_chr20"
"27718","chr3",121964612,121964685,"SNORD112_chr3"
"27720","chr7",148983533,148983604,"SNORD112_chr7"
"27722","chrX",128652552,128652625,"SNORD112_chrX"
"27725","chr15",53944173,53944321,"U2_chr15"
"27731","chr9",118496670,118496771,"U2_chr9"
"27732","chrX",29769566,29769660,"U2_chrX"
"27733","chr10",17181919,17182009,"Mir_384_chr10"
"27734","chr14",77190666,77190752,"Mir_384_chr14"
"27735","chr18",25373550,25373648,"Mir_384_chr18"
"27736","chr3",137123331,137123440,"Mir_384_chr3"
"27737","chr5",157316147,157316236,"Mir_384_chr5"
"27738","chr7",17597682,17597770,"Mir_384_chr7"
"27739","chr9",22054370,22054455,"Mir_384_chr9"
"27740","chr10",23455913,23456031,"SNORA40_chr10"
"27741","chr11",93468276,93468402,"SNORA40_chr11"
"27742","chr2",16380470,16380564,"SNORA40_chr2"
"27743","chr5",167460096,167460210,"SNORA40_chr5"
"27744","chr10",30653997,30654016,"JA429730_chr10"
"27746","chr9",131019987,131020006,"JA429730_chr9"
"27747","chr10",30656840,30656875,"DQ593032_chr10"
"27749","chrY",26358936,26358979,"DQ593032_chrY"
"27751","chr17",14080447,14080628,"SNORA74_chr17"
"27752","chr5",138611868,138612010,"SNORA74_chr5"
"27753","chr10",52345310,52345463,"RNase_MRP_chr10"
"27754","chr5",66637912,66638045,"RNase_MRP_chr5"
"27755","chr10",66586204,66586227,"DJ439561_chr10"
"27756","chr9",33625155,33625178,"DJ439561_chr9"
"27758","chrX",103139055,103139097,"MIR1256_chrX"
"27759","chr10",74885838,74885965,"SNORA11_chr10"
"27760","chr21",35828408,35828535,"SNORA11_chr21"
"27762","chr10",79374158,79374180,"JA611246_chr10"
"27763","chr16",53952605,53952627,"JA611246_chr16"
"27764","chr10",79539621,79539657,"DQ596633_chr10"
"27765","chr7",128032600,128032636,"DQ596633_chr7"
"27766","chrX",40217979,40218015,"DQ596633_chrX"
"27767","chr10",79539807,79539839,"DQ597117_chr10"
"27768","chr6",18366683,18366715,"DQ597117_chr6"
"27769","chr9",34132897,34132929,"DQ597117_chr9"
"27770","chr10",79540164,79540193,"DQ582762_chr10"
"27771","chr2",202002314,202002343,"DQ582762_chr2"
"27772","chr10",79540330,79540367,"DQ585850_chr10"
"27773","chr9",34133396,34133433,"DQ585850_chr9"
"27774","chr10",79540676,79540715,"DQ574810_chr10"
"27775","chr9",34133755,34133783,"DQ574810_chr9"
"27776","chrX",40219039,40219067,"DQ574810_chrX"
"27777","chr10",99836118,99836178,"KCNQ1DN_chr10"
"27778","chr11",2891262,2893337,"KCNQ1DN_chr11"
"27779","chr10",114914234,114914332,"Mir_652_chr10"
"27781","chr12",101045032,101045128,"Mir_652_chr12"
"27782","chr16",22764590,22764687,"Mir_652_chr16"
"27784","chr2",18366262,18366358,"Mir_652_chr2"
"27785","chr20",31677882,31677979,"Mir_652_chr20"
"27786","chr3",174484720,174484815,"Mir_652_chr3"
"27787","chr5",158890982,158891078,"Mir_652_chr5"
"27788","chr6",40821939,40822036,"Mir_652_chr6"
"27790","chr9",132463786,132463881,"Mir_652_chr9"
"27792","chr10",120863610,120897377,"FAM45A_chr10"
"27793","chrX",129628914,129631422,"FAM45A_chrX"
"27794","chr10",134958378,134958397,"CS330190_chr10"
"27795","chr22",43172870,43172890,"CS330190_chr22"
"27796","chr10",135480367,135498493,"DUX2_chr10"
"27797","chr4",190988866,191010177,"DUX2_chr4"
"27798","chr11",120811,180341,"AL137655_chr11"
"27799","chr3",197937115,197955679,"AL137655_chr3"
"27800","chr11",7078055,7078076,"JA429130_chr11"
"27801","chr14",103766554,103766578,"JA429130_chr14"
"27802","chr3",27454181,27454203,"JA429130_chr3"
"27803","chr11",8576562,8576694,"SCARNA20_chr11"
"27804","chr14",63945989,63946132,"SCARNA20_chr14"
"27805","chr17",58308877,58309006,"SCARNA20_chr17"
"27806","chr11",8705773,8705904,"SNORA3_chr11"
"27807","chr8",57033801,57033911,"SNORA3_chr8"
"27808","chr11",10531732,10531752,"JA429504_chr11"
"27809","chr17",22021439,22021461,"JA429504_chr17"
"27810","chr2",149639365,149639385,"JA429504_chr2"
"27811","chr11",11373321,11374904,"CSNK2A1_chr11"
"27812","chr20",463338,524482,"CSNK2A1_chr20"
"27813","chr11",12926364,12926535,"SCARNA16_chr11"
"27814","chr17",75085388,75085576,"SCARNA16_chr17"
"27815","chr11",19168527,19168624,"Mir_340_chr11"
"27816","chr13",74766673,74766774,"Mir_340_chr13"
"27817","chr18",25613651,25613747,"Mir_340_chr18"
"27820","chr5",64061110,64061212,"Mir_340_chr5"
"27822","chrX",97607750,97607848,"Mir_340_chrX"
"27823","chr11",19612703,19612838,"SNORA1_chr11"
"27824","chr16",24344736,24344868,"SNORA1_chr16"
"27825","chr11",30413503,30413592,"Mir_633_chr11"
"27826","chr13",77572125,77572204,"Mir_633_chr13"
"27828","chr17",61021575,61021674,"Mir_633_chr17"
"27831","chr7",6554715,6554796,"Mir_633_chr7"
"27832","chr9",117588146,117588213,"Mir_633_chr9"
"27833","chrX",109657140,109657216,"Mir_633_chrX"
"27834","chr11",45290200,45290273,"TRNA_Trp_chr11"
"27835","chr12",98898029,98898102,"TRNA_Trp_chr12"
"27837","chr6",26319330,26331743,"TRNA_Trp_chr6"
"27838","chr7",99067306,99067379,"TRNA_Trp_chr7"
"27839","chr9",115616988,115617088,"TRNA_Trp_chr9"
"27840","chr11",59324970,59333925,"TRNA_Phe_chr11"
"27841","chr12",125412389,125412461,"TRNA_Phe_chr12"
"27842","chr19",1383361,1383433,"TRNA_Phe_chr19"
"27844","chr11",62620798,62620865,"SNORD31_chr11"
"27845","chr13",107973243,107973311,"SNORD31_chr13"
"27846","chr11",62622484,62622555,"SNORD27_chr11"
"27847","chr9",8888135,8888208,"SNORD27_chr9"
"27849","chr15",40886023,40886104,"TRNA_Ser_chr15"
"27850","chr17",8042199,8042280,"TRNA_Ser_chr17"
"27851","chr2",131033024,131033093,"TRNA_Ser_chr2"
"27853","chr7",149305466,149305539,"TRNA_Ser_chr7"
"27854","chr8",96281885,96281966,"TRNA_Ser_chr8"
"27855","chr11",67557563,67557593,"DQ584669_chr11"
"27856","chr3",75469026,75469053,"DQ584669_chr3"
"27858","chr11",73963459,73963597,"SNORA7_chr11"
"27859","chr14",75178653,75178749,"SNORA7_chr14"
"27860","chr11",93466394,93466466,"SNORD5_chr11"
"27861","chr18",8253937,8253967,"SNORD5_chr18"
"27862","chr11",102297324,102297404,"Mir_684_chr11"
"27863","chr13",42482787,42482874,"Mir_684_chr13"
"27864","chr14",32770782,32770862,"Mir_684_chr14"
"27865","chr2",119955170,119955243,"Mir_684_chr2"
"27866","chr5",78050816,78050906,"Mir_684_chr5"
"27867","chr6",11166954,11167041,"Mir_684_chr6"
"27868","chr8",98869442,98869534,"Mir_684_chr8"
"27869","chr11",121970516,121970539,"DM119543_chr11"
"27870","chr21",17962573,17962594,"DM119543_chr21"
"27871","chr11",122017275,122017298,"DM119500_chr11"
"27872","chr22",46508632,46508653,"DM119500_chr22"
"27873","chr9",96938239,96938269,"DM119500_chr9"
"27874","chr11",122319917,122320040,"U4atac_chr11"
"27875","chr12",890298,890425,"U4atac_chr12"
"27876","chr20",53476227,53476351,"U4atac_chr20"
"27877","chr3",8406215,8406334,"U4atac_chr3"
"27879","chr9",33174167,33174294,"U4atac_chr9"
"27880","chr12",74271,87704,"DKFZp434K1323_chr12"
"27881","chr2",114341204,114341712,"DKFZp434K1323_chr2"
"27882","chr12",7864088,7870153,"DPPA3_chr12"
"27883","chr14",36840369,36841577,"DPPA3_chr14"
"27884","chr12",8325149,8332643,"ZNF705A_chr12"
"27885","chr8",12208140,12219263,"ZNF705A_chr8"
"27887","chr2",232578023,232578106,"MIR1244-1_chr2"
"27888","chr5",118310280,118310363,"MIR1244-1_chr5"
"27890","chr2",232320511,232320647,"SNORA75_chr2"
"27891","chr12",22853863,22853964,"Mir_720_chr12"
"27892","chr13",38450535,38450641,"Mir_720_chr13"
"27893","chr2",95872026,95872126,"Mir_720_chr2"
"27894","chr3",45727805,45727909,"Mir_720_chr3"
"27895","chr4",57472270,57472343,"Mir_720_chr4"
"27896","chr8",139095171,139095282,"Mir_720_chr8"
"27897","chr12",25398274,25398298,"DD157417_chr12"
"27898","chr6",54635402,54635422,"DD157417_chr6"
"27899","chr12",31747027,31747140,"U5_chr12"
"27900","chr13",34403676,34403786,"U5_chr13"
"27901","chr18",6017722,6017838,"U5_chr18"
"27902","chr12",55213640,55213670,"DQ573663_chr12"
"27903","chr20",19789763,19789790,"DQ573663_chr20"
"27904","chr12",76082923,76083049,"SNORA70_chr12"
"27905","chrX",153628621,153628757,"SNORA70_chrX"
"27906","chr12",88975415,88975574,"U1_chr12"
"27908","chr16",67424594,67424753,"U1_chr16"
"27909","chr17",75916179,75916341,"U1_chr17"
"27911","chr20",30489056,30489230,"U1_chr20"
"27913","chr5",40269659,40269822,"U1_chr5"
"27914","chr6",47791125,47791287,"U1_chr6"
"27915","chr8",136754586,136754738,"U1_chr8"
"27916","chr12",100551200,100551230,"DQ583972_chr12"
"27917","chr9",131020148,131020177,"DQ583972_chr9"
"27918","chr12",100551624,100551661,"DQ579681_chr12"
"27919","chr15",62536136,62536181,"DQ579681_chr15"
"27920","chr12",122976660,122976788,"SNORA9_chr12"
"27921","chr13",73160817,73160949,"SNORA9_chr13"
"27922","chr7",45024977,45025109,"SNORA9_chr7"
"27923","chrX",100077609,100077741,"SNORA9_chrX"
"27924","chr12",125396192,125399587,"UBC_chr12"
"27925","chr17",21729872,21731761,"UBC_chr17"
"27926","chr13",27829537,27829664,"SNORA27_chr13"
"27927","chr16",12936344,12936467,"SNORA27_chr16"
"27929","chr2",113239742,113290223,"TTL_chr2"
"27930","chr13",45911615,45911744,"SNORA31_chr13"
"27931","chr14",42063665,42063795,"SNORA31_chr14"
"27932","chr20",4849629,4849765,"SNORA31_chr20"
"27933","chr8",118325766,118325901,"SNORA31_chr8"
"27934","chr13",50623162,50623185,"DM119508_chr13"
"27935","chr3",160122542,160122563,"DM119508_chr3"
"27936","chr13",73028040,73028105,"SNORD37_chr13"
"27937","chr19",3982505,3982570,"SNORD37_chr19"
"27938","chr13",78234119,78234146,"DQ588544_chr13"
"27939","chr9",85045811,85045838,"DQ588544_chr9"
"27940","chr13",92003499,92003521,"DM119510_chr13"
"27941","chrX",133303712,133303736,"DM119510_chrX"
"27943","chr22",16274557,16278601,"P712P_chr22"
"27944","chr14",19596078,19602811,"DQ591735_chr14"
"27946","chr21",15023909,15023942,"DQ591735_chr21"
"27947","chr14",19597269,19598451,"DQ582260_chr14"
"27948","chr15",22041532,22041570,"DQ582260_chr15"
"27949","chr18",14502661,14502697,"DQ582260_chr18"
"27954","chr18",14504309,14504348,"DQ595048_chr18"
"27955","chr2",130820579,130820618,"DQ595048_chr2"
"27956","chr22",16240301,16240340,"DQ595048_chr22"
"27958","chr22",16162065,16172266,"BC040855_chr22"
"27959","chr14",19911928,19913315,"BC017398_chr14"
"27960","chr22",16179618,16181004,"BC017398_chr22"
"27961","chr14",19972601,19977540,"DQ573684_chr14"
"27963","chr18",14501706,14501737,"DQ573684_chr18"
"27965","chr22",16240246,16245185,"DQ573684_chr22"
"27966","chr9",95656887,95656916,"DQ573684_chr9"
"27967","chr14",19976263,19978074,"DQ582484_chr14"
"27968","chr22",16243908,16245719,"DQ582484_chr22"
"27969","chr14",21121258,21151431,"TRNA_Tyr_chr14"
"27970","chr6",26569085,26595191,"TRNA_Tyr_chr6"
"27971","chr7",149255132,149255206,"TRNA_Tyr_chr7"
"27973","chr14",64086261,64086282,"JA429503_chr14"
"27974","chr2",209129352,209129374,"JA429503_chr2"
"27976","chr19",47104511,47114040,"CALM3_chr19"
"27977","chr14",92493739,92493766,"JA429722_chr14"
"27978","chr20",17993520,17993547,"JA429722_chr20"
"27979","chr3",116746374,116746401,"JA429722_chr3"
"27980","chr7",138087839,138087864,"JA429722_chr7"
"27981","chr14",98521573,98521613,"Prion_pknot_chr14"
"27983","chr19",11470639,11470675,"Prion_pknot_chr19"
"27984","chr14",99289908,99290000,"Mir_320_chr14"
"27985","chr4",152348768,152348848,"Mir_320_chr4"
"27986","chr6",114499969,114500052,"Mir_320_chr6"
"27987","chr9",4378424,4378505,"Mir_320_chr9"
"27988","chr14",102783428,102783503,"TRNA_Ile_chr14"
"27989","chr17",8090910,8090985,"TRNA_Ile_chr17"
"27990","chr19",39902808,39902900,"TRNA_Ile_chr19"
"27991","chr2",43037675,43037769,"TRNA_Ile_chr2"
"27993","chrX",3756418,3833344,"TRNA_Ile_chrX"
"28003","chr22",17029615,17029644,"DQ571479_chr22"
"28005","chr9",131025453,131025483,"DQ594309_chr9"
"28006","chr15",22040580,22040607,"DQ583164_chr15"
"28007","chr18",14502349,14502376,"DQ583164_chr18"
"28008","chr15",22738793,22738821,"DQ577902_chr15"
"28009","chrY",26317666,26317698,"DQ577902_chrY"
"28011","chr22",43182196,43182228,"DQ595055_chr22"
"28013","chrY",27605645,27605678,"DQ578199_chrY"
"28014","chr15",34666316,34666619,"DQ580140_chr15"
"28015","chr2",131414569,131414880,"DQ580140_chr2"
"28017","chr15",59152981,59154099,"unknown_chr15"
"28018","chr4",89178768,89180508,"unknown_chr4"
"28019","chr15",60674555,60674579,"DJ439575_chr15"
"28020","chr4",154229784,154229805,"DJ439575_chr4"
"28021","chr15",60639350,60690185,"ANXA2_chr15"
"28022","chr9",33624222,33625533,"ANXA2_chr9"
"28024","chr22",32452438,32452491,"Mir_1302_chr22"
"28027","chr15",82664416,82665114,"RPL9_chr15"
"28028","chr4",39455745,39460568,"RPL9_chr4"
"28029","chrX",23854761,23855459,"RPL9_chrX"
"28031","chrY",26326478,26326515,"DQ582680_chrY"
"28037","chrY",27635919,27635954,"DQ576060_chrY"
"28038","chr15",83424696,83424824,"SCARNA15_chr15"
"28039","chr20",41933194,41933320,"SCARNA15_chr20"
"28040","chr15",100339996,100340057,"DQ575742_chr15"
"28041","chr9",131012390,131012416,"DQ575742_chr9"
"28042","chr16",66541,69448,"WASH1_chr16"
"28043","chr9",14511,29739,"WASH1_chr9"
"28044","chrX",155249966,155253126,"WASH1_chrX"
"28045","chrY",59352972,59356132,"WASH1_chrY"
"28046","chr16",2012974,2013107,"SNORA64_chr16"
"28047","chr3",40280098,40280233,"SNORA64_chr3"
"28049","chr7",142032005,142032694,"TCRBV20S1_chr7"
"28050","chr16",10206502,10206530,"DQ595173_chr16"
"28051","chr7",128034942,128034971,"DQ595173_chr7"
"28052","chr16",10207165,10207199,"DQ587956_chr16"
"28053","chr7",138127399,138127428,"DQ587956_chr7"
"28054","chr16",14403151,14403230,"mir-108-1_chr16"
"28055","chr17",29902443,29902532,"mir-108-1_chr17"
"28056","chr16",30721857,30721987,"SNORA30_chr16"
"28057","chr9",20786925,20787055,"SNORA30_chr9"
"28058","chr16",33965507,33965535,"JA660597_chr16"
"28059","chrY",10037845,10037871,"JA660597_chrY"
"28060","chr16",58593700,58593835,"SNORA50_chr16"
"28061","chr22",34100772,34100908,"SNORA50_chr22"
"28062","chr17",5989532,5989642,"MtDNA_ssA_chr17"
"28063","chr2",55762982,55763095,"MtDNA_ssA_chr2"
"28064","chr7",57242221,57265739,"MtDNA_ssA_chr7"
"28065","chr17",7478030,7478166,"SNORA48_chr17"
"28066","chr2",227833705,227833838,"SNORA48_chr2"
"28067","chr17",7481272,7481410,"SNORA67_chr17"
"28068","chr6",11710051,11710194,"SNORA67_chr6"
"28069","chr7",88078407,88078546,"SNORA67_chr7"
"28071","chr21",15926515,15926587,"TRNA_Sup_chr21"
"28072","chr17",16344539,16344613,"SNORD65_chr17"
"28073","chr7",23436064,23436136,"SNORD65_chr7"
"28074","chr17",38273553,38273626,"TRNA_SeC_chr17"
"28075","chr19",45981860,45981945,"TRNA_SeC_chr19"
"28076","chr22",44546536,44546623,"TRNA_SeC_chr22"
"28077","chr17",58179121,58180280,"AP1S2_chr17"
"28078","chrX",15843929,15873100,"AP1S2_chrX"
"28079","chr17",66390957,66391031,"TRNA_Und_chr17"
"28080","chr6",26752629,26752704,"TRNA_Und_chr6"
"28081","chr8",99153461,99153531,"TRNA_Und_chr8"
"28082","chr18",14252124,14252152,"DQ593719_chr18"
"28083","chr4",49562075,49562103,"DQ593719_chr4"
"28085","chr19",204885,204945,"DQ600587_chr19"
"28087","chr19",205025,205055,"DQ574670_chr19"
"28088","chr3",197945366,197945398,"DQ574670_chr3"
"28089","chr19",23945815,24010920,"RPSA_chr19"
"28090","chr3",39448203,39454033,"RPSA_chr3"
"28091","chr19",57874878,57876722,"TRAPPC2_chr19"
"28092","chrX",13730361,13752754,"TRAPPC2_chrX"
"28096","chrX",800013,800045,"DQ576039_chrX"
"28097","chrY",750013,750045,"DQ576039_chrY"
"28099","chrY",13629637,13629724,"IGL@_chrY"
"28100","chr2",95454194,95454222,"DQ579969_chr2"
"28101","chr21",15280200,15280225,"DQ579969_chr21"
"28102","chr4",49237370,49237396,"DQ579969_chr4"
"28104","chr2",95476805,95483546,"ANKRD20A2_chr2"
"28105","chr9",43089972,43133544,"ANKRD20A2_chr9"
"28106","chr2",114195267,114223208,"CBWD1_chr2"
"28107","chr9",121038,179075,"CBWD1_chr9"
"28108","chr2",117781154,117781186,"DQ571524_chr2"
"28109","chr4",90653059,90653091,"DQ571524_chr4"
"28110","chr9",33659003,33659035,"DQ571524_chr9"
"28111","chr2",151542508,151542546,"SNORD95_chr2"
"28112","chr5",180670314,180670376,"SNORD95_chr5"
"28113","chr2",180799128,180799265,"SNORA43_chr2"
"28114","chr9",139620556,139620689,"SNORA43_chr9"
"28115","chr2",186411872,186411894,"DD413621_chr2"
"28116","chr6",1513943,1513965,"DD413621_chr6"
"28117","chr2",223046919,223047027,"Mir_649_chr2"
"28118","chr22",21388465,21388561,"Mir_649_chr22"
"28119","chr4",146077975,146078089,"Mir_649_chr4"
"28120","chr20",2635712,2635845,"SNORA51_chr20"
"28121","chr4",177019313,177019437,"SNORA51_chr4"
"28122","chr5",110020495,110020628,"SNORA51_chr5"
"28123","chr8",60049931,60050061,"SNORA51_chr8"
"28124","chr20",33704939,33705010,"SNORD56_chr20"
"28125","chr7",20416953,20417025,"SNORD56_chr7"
"28126","chr20",40190977,40191047,"Mir_147_chr20"
"28127","chr8",87382613,87382678,"Mir_147_chr8"
"28128","chr21",40266708,40266792,"SNORA62_chr21"
"28129","chr3",39452544,39452699,"SNORA62_chr3"
"28134","chr22",22984880,22984909,"DQ597441_chr22"
"28135","chr5",98858480,98859327,"DQ597441_chr5"
"28136","chr3",53421740,53421863,"SNORA26_chr3"
"28137","chr4",53579415,53579538,"SNORA26_chr4"
"28138","chr3",184043483,184043560,"SNORD66_chr3"
"28139","chr6",51329487,51329564,"SNORD66_chr6"
"28140","chr3",188406568,188406655,"Mir_28_chr3"
"28141","chr8",141742677,141742753,"Mir_28_chr8"
"28142","chr4",27732097,27732127,"DQ571874_chr4"
"28143","chr7",141505072,141505102,"DQ571874_chr7"
"28144","chr4",166198944,166201175,"GK_chr4"
"28145","chrX",30671475,30749578,"GK_chrX"
"28147","chr6",58264081,58264109,"DQ596041_chr6"
"28152","chr5",108674369,108674390,"JA429135_chr5"
"28153","chr7",146749441,146749460,"JA429135_chr7"
"28154","chr5",159792546,159792569,"JA682587_chr5"
"28155","chr7",137735907,137735929,"JA682587_chr7"
"28156","chr6",26634611,26637135,"DQ786258_chr6"
"28157","chr9",99957633,99960147,"DQ786258_chr9"
"28158","chr6",26637573,26659980,"ZNF322_chr6"
"28159","chr9",99960466,99961852,"ZNF322_chr9"
"28162","chr7",128043763,128043805,"DQ579129_chr7"
"28163","chrX",40219847,40219878,"DQ579129_chrX"
"28164","chr7",136767728,136767749,"JA429116_chr7"
"28165","chr8",50900169,50900190,"JA429116_chr8"
"28166","chr8",124414123,124414161,"DQ594696_chr8"
"28167","chr9",34133316,34133353,"DQ594696_chr9"
"28168","chrX",40218597,40218634,"DQ594696_chrX"
"28169","chr9",96938635,96938656,"DM119504_chr9"
"28170","chrX",53584206,53584229,"DM119504_chrX"
"28171","chrX",192990,220023,"PLCXD1_chrX"
"28172","chrY",142990,170023,"PLCXD1_chrY"
"28173","chrX",221426,230887,"GTPBP6_chrX"
"28174","chrY",171426,180887,"GTPBP6_chrY"
"28175","chrX",281384,282055,"PPP2R3B-AS1_chrX"
"28176","chrY",231384,232055,"PPP2R3B-AS1_chrY"
"28177","chrX",294668,347690,"PPP2R3B_chrX"
"28178","chrY",244668,297690,"PPP2R3B_chrY"
"28179","chrX",585078,620147,"SHOX_chrX"
"28180","chrY",535078,570147,"SHOX_chrY"
"28183","chrX",1387692,1428829,"CSF2RA_chrX"
"28184","chrY",1337692,1378829,"CSF2RA_chrY"
"28185","chrX",1412810,1412886,"MIR3690_chrX"
"28186","chrY",1362810,1362886,"MIR3690_chrY"
"28187","chrX",1455508,1501583,"IL3RA_chrX"
"28188","chrY",1405508,1451583,"IL3RA_chrY"
"28189","chrX",1505045,1511039,"SLC25A6_chrX"
"28190","chrY",1455045,1461039,"SLC25A6_chrY"
"28191","chrX",1519423,1534315,"ASMTL-AS1_chrX"
"28192","chrY",1469423,1484315,"ASMTL-AS1_chrY"
"28193","chrX",1522032,1572655,"ASMTL_chrX"
"28194","chrY",1472032,1522655,"ASMTL_chrY"
"28195","chrX",1581466,1585451,"P2RY8_chrX"
"28196","chrY",1531466,1535451,"P2RY8_chrY"
"28197","chrX",1710485,1721412,"AKAP17A_chrX"
"28198","chrY",1660485,1671412,"AKAP17A_chrY"
"28199","chrX",1714276,1761975,"ASMT_chrX"
"28200","chrY",1664276,1711975,"ASMT_chrY"
"28201","chrX",2404455,2418580,"ZBED1_chrX"
"28202","chrY",2354455,2368580,"ZBED1_chrY"
"28205","chrX",2527305,2575271,"CD99P1_chrX"
"28206","chrY",2477305,2525271,"CD99P1_chrY"
"28207","chrX",2609227,2659351,"CD99_chrX"
"28208","chrY",2559227,2609351,"CD99_chrY"
"28211","chrX",91651900,91651988,"CS706497_chrX"
"28212","chrY",5378252,5378340,"CS706497_chrY"
"28213","chrX",154997450,155012118,"SPRY3_chrX"
"28214","chrY",59100456,59115124,"SPRY3_chrY"
"28215","chrX",155110942,155173434,"VAMP7_chrX"
"28216","chrY",59213948,59276440,"VAMP7_chrY"
"28217","chrX",155227245,155240483,"IL9R_chrX"
"28218","chrY",59330251,59343489,"IL9R_chrY"
"28219","chrX",155251978,155255331,"WASH6P_chrX"
"28220","chrY",59354984,59358337,"WASH6P_chrY"
"28221","chrX",155255323,155257848,"DDX11L family member_chrX"
"28222","chrY",59358329,59360854,"DDX11L family member_chrY"
